H2                 1 H   2                     0.001913
  2.7579314E+00  9.5406154E-04 -1.2524326E-07 -1.2715280E-11  3.6048353E-15 -6.9137077E+02  6.3482853E-02  2.7053599E+00  4.0184759E-03 -5.3053286E-06 -3.0793058E-09  6.5558560E-12 -9.2168524E+02 -5.9617421E-01
C2                 1 C   2                     0.001227
  4.0902132E+00  8.8157484E-04 -6.8772311E-07  2.3332258E-10 -2.4237386E-14  9.9504509E+04  5.8340863E-01  4.1064329E+00  1.4568485E-03 -2.4387544E-06 -2.7811535E-10  2.0345227E-12  9.9556412E+04  4.8285934E-01
N2                 1 N   2                     0.003108
  3.8059191E+00  7.4627519E-04 -5.5328269E-07  1.8992607E-10 -2.1185768E-14 -1.5062504E+03  5.8486325E-01  3.9327588E+00 -4.2920254E-03  7.2940348E-06  5.4447628E-09 -1.0323709E-11 -1.0613315E+03  1.5666339E+00
O2                 1 O   2                     0.002108
  4.1134544E+00  7.6966380E-04 -6.9466797E-07  2.6291683E-10 -3.0173166E-14 -1.6576530E+03  3.2664644E-01  4.2274887E+00 -1.0274609E-03 -1.0649563E-06  4.0543378E-09 -1.7986989E-12 -1.2544877E+03  7.8735734E-01
NA2                1 Na  2                     0.003697
  4.6343413E+00  6.2878475E-04 -9.9309837E-07  3.2833531E-10 -2.7302264E-14  1.5665340E+04  1.0834422E+00  4.6104441E+00  3.2067756E-03  1.5768364E-19 -2.1127146E-08  2.0386888E-11  1.5531109E+04  4.0365905E-01
MG2                1 Mg  2                     0.005060
  4.3514898E+00 -1.2092090E-03 -6.0143008E-07  4.6436642E-10 -4.8829525E-14  3.2698273E+04  3.3400977E+00  4.5474198E+00 -9.3295199E-03  1.2164074E-05  7.0505437E-09 -1.4711784E-11  3.3508386E+04  5.1052364E+00
AL2                1 Al  2                     0.005117
  4.8013060E+00  9.3609755E-04 -9.2998468E-07  2.9403314E-10 -2.8041086E-14  5.7120184E+04  3.9209438E-01  4.8137086E+00  5.3120321E-03 -1.1003689E-05 -4.2082211E-09  1.2964867E-11  5.7037958E+04 -5.4613653E-01
SI2                1 Si  2                     0.009697
  4.6430735E+00  1.1090431E-03 -8.1527066E-07  2.5439547E-10 -2.7852592E-14  6.9328213E+04  4.6419940E-01  4.6542597E+00  5.0375383E-03 -5.9033806E-80 -3.7933805E-08  3.8800439E-11  6.9274690E+04 -5.1333376E-01
S2                 1 S   2                     0.004496
  4.5270089E+00  7.2536338E-04 -8.0732043E-07  3.2634377E-10 -3.9029510E-14  1.3721388E+04  8.2988339E-01  4.6090878E+00 -2.4322786E-03  4.7151123E-06  2.6540115E-09 -6.8671496E-12  1.4100157E+04  1.5263978E+00
CL2                1 Cl  2                     0.005641
  4.4698195E+00  8.3331243E-04 -8.8793914E-07  3.1957444E-10 -3.4812884E-14 -1.6374441E+03  6.7483498E-01  4.5579489E+00 -6.2273448E-03  1.2630343E-05  7.7768283E-09 -1.7827733E-11 -1.2028135E+03  2.1310074E+00
K2                 1 K   2                     0.001035
  4.9111127E+00  3.5023193E-04 -1.2025702E-06  3.7141001E-10 -3.1553179E-14  1.3275094E+04  1.7661601E+00  4.9394487E+00  8.7712129E-04 -3.2083398E-06  7.4303247E-11  2.0744010E-12  1.3364934E+04  1.6785049E+00
H2+                2 H  el  2 -1               0.000754
  3.0027854E+00  1.1767814E-03 -1.6639540E-07 -2.8834184E-12  1.2183000E-15  1.7888801E+05 -2.2004432E-01  2.9806732E+00  2.3958243E-03 -2.2651791E-06 -1.1254555E-09  2.5425664E-12  1.7879922E+05 -4.7107185E-01
HE2+               2 He el  2 -1               0.002591
  3.6977574E+00  1.3930228E-03 -9.5983414E-07  3.2065782E-10 -3.5008294E-14  2.5575852E+05 -1.3907018E+00  3.8009491E+00 -2.2894210E-03  4.3345075E-06  3.8186875E-09 -6.6927007E-12  2.5616820E+05 -5.9272827E-01
C2+                2 C  el  2 -1               0.003496
  4.0278618E+00  8.9475660E-04 -6.8822599E-07  2.4229794E-10 -2.9397817E-14  2.2968834E+05  5.6421098E-01  4.1608540E+00 -4.7839149E-03  8.1514734E-06  5.8829479E-09 -1.1249784E-11  2.3020569E+05  1.7501761E+00
N2+                2 N  el  2 -1               0.003015
  3.8924678E+00  7.5850342E-04 -5.8622677E-07  2.2815845E-10 -2.5690544E-14  1.7996431E+05  7.1603002E-01  4.0003031E+00 -5.9838065E-03  1.6060380E-05 -1.1185510E-08  0.0000000E+00  1.8051289E+05  2.1719380E+00
O2+                2 O  el  2 -1               0.001996
  4.0597830E+00  6.9983320E-04 -6.5588935E-07  2.4667012E-10 -2.8795833E-14  1.3918856E+05  7.7363018E-01  4.1782994E+00 -1.4617006E-03 -3.2113002E-07  4.3120815E-09 -2.5760273E-12  1.3961061E+05  1.3074893E+00
S2+                2 S  el  2 -1               0.005293
  4.5202578E+00  8.4408908E-04 -8.8665006E-07  3.3263391E-10 -4.0567684E-14  1.2569517E+05  8.7586181E-01  4.6140269E+00 -3.5713761E-03  6.6348932E-06  4.2932822E-09 -9.8242177E-12  1.2618136E+05  1.9176319E+00
H2-                2 H  el  2  1               0.001980
  3.0564875E+00  1.2717392E-03 -2.1198330E-07 -9.7862885E-12  3.4047358E-15  2.7473354E+04 -2.9227474E-01  2.9995566E+00  4.4781795E-03 -5.7293653E-06 -2.9538824E-09  6.6753464E-12  2.7237215E+04 -9.6298344E-01
C2-                2 C  el  2  1               0.002702
  3.9047758E+00  7.3145208E-04 -5.4181073E-07  2.1708110E-10 -2.5691292E-14  5.1832797E+04  6.5137340E-01  3.9977758E+00 -2.7867509E-03  2.3304824E-06  1.0949188E-08 -1.2119819E-11  5.2210378E+04  1.4680873E+00
CH                 2 C  H   1  1               0.003376
  3.6616759E+00  8.5358662E-04 -4.4513162E-07  1.6895414E-10 -2.1417164E-14  6.9995200E+04  3.6314667E-01  3.7793080E+00 -4.6472212E-03  8.3734751E-06  5.5886197E-09 -1.1150453E-11  7.0471254E+04  1.5272899E+00
NH                 2 N  H   1  1               0.002355
  3.6007786E+00  6.8222159E-04 -4.4107445E-07  1.6101027E-10 -1.8173175E-14  4.3937635E+04  6.9248802E-01  3.6842520E+00 -3.0493796E-03  5.3020043E-06  4.1369692E-09 -7.6561172E-12  4.4285489E+04  1.5045888E+00
OH                 2 O  H   1  1               0.001432
  3.6571602E+00  6.4435178E-04 -5.1976638E-07  1.9758675E-10 -2.2701641E-14  3.3080274E+03  6.7408444E-01  3.7468106E+00 -1.6863185E-03  1.8593629E-06  2.5629435E-09 -3.0833335E-12  3.6391267E+03  1.1988147E+00
NAH                2 Na H   1  1               0.000947
  3.8387764E+00  1.0672134E-03 -5.7414039E-07  1.5430688E-10 -1.4801271E-14  1.3592117E+04  1.8447791E-01  3.8792584E+00 -2.1356445E-04  1.0980887E-06  1.4485969E-09 -2.2316514E-12  1.3753949E+04  4.7091901E-01
MGH                2 Mg H   1  1               0.001788
  3.8796915E+00  9.5126608E-04 -5.7596601E-07  1.7446446E-10 -1.7883439E-14  1.8878933E+04  4.0224515E-01  3.9538838E+00 -1.9463819E-03  3.9874691E-06  2.3820782E-09 -5.1003897E-12  1.9168171E+04  1.0100818E+00
ALH                2 Al H   1  1               0.000863
  3.7726813E+00  6.9947830E-04 -2.8762926E-07  8.4465435E-11 -9.8707561E-15  2.9901728E+04  5.5998512E-01  3.8202482E+00 -1.4526930E-04 -3.6337985E-07  2.0184434E-09 -1.0814460E-12  3.0067895E+04  7.7203344E-01
SIH                2 Si H   1  1               0.002313
  3.9266306E+00  7.2060750E-04 -5.6154365E-07  2.1248745E-10 -2.5290941E-14  4.3788252E+04  7.0651773E-01  4.0128213E+00 -1.1454839E-04 -1.9727121E-06  2.0099395E-09  7.7662739E-13  4.4089667E+04  9.6061037E-01
HS                 2 S  H   1  1               0.002348
  3.8994911E+00  6.2679409E-04 -5.9335176E-07  2.3127704E-10 -2.6409882E-14  1.5371390E+04  8.1468948E-01  3.9531279E+00 -1.0141344E-03  2.1188117E-06  1.2754373E-09 -3.2142099E-12  1.5591335E+04  1.1567260E+00
HCL                2 Cl H   1  1               0.003702
  3.7086258E+00  6.8139337E-04 -5.1971861E-07  1.9735839E-10 -2.3310370E-14 -1.2530677E+04  6.7341863E-01  3.7620203E+00 -6.7252928E-03  2.0145750E-05 -1.4886659E-08  0.0000000E+00 -1.2062351E+04  2.3392106E+00
KH                 2 K  H   1  1               0.001164
  3.9942348E+00  1.0345803E-03 -6.2630504E-07  1.7198851E-10 -1.5955753E-14  1.3374131E+04  4.2605494E-01  4.0457800E+00 -1.0066830E-03  2.4401616E-06  2.0105624E-09 -3.7374265E-12  1.3583843E+04  8.7269045E-01
CAH                2 Ca H   1  1               0.003221
  4.0296783E+00  9.2420044E-04 -6.5458626E-07  2.1044137E-10 -2.0633515E-14  1.9132402E+04  4.9271101E-01  4.1425623E+00 -4.6209864E-03  8.3331176E-06  5.7463574E-09 -1.1412159E-11  1.9583403E+04  1.6578031E+00
TIH                2 Ti H   1  1               0.005126
  4.6701133E+00  1.1245285E-03 -6.5548424E-07  2.6501424E-10 -3.8668211E-14  5.6478427E+04  1.3439144E-01  4.8563256E+00 -6.4870680E-03  1.0007123E-05  1.0746383E-08 -1.7106426E-11  5.7233361E+04  1.7937350E+00
FEH                2 Fe H   1  1               0.004859
  4.3866056E+00  1.3474049E-03 -6.9059655E-07  2.1016844E-10 -2.5912810E-14  5.6904175E+04 -3.0965707E-01  4.4211998E+00 -1.8058789E-03  6.4656079E-06  2.2206321E-09 -8.5575702E-12  5.7142002E+04  3.6403973E-01
HEH+               3 He H  el  1  1 -1         0.000907
  3.1418407E+00  9.6196932E-04 -2.7676107E-07  7.1011313E-11 -6.2931971E-15  1.6194466E+05  1.9930995E-01  3.1238438E+00  2.2717345E-03 -2.7034220E-06 -1.2646569E-09  3.0526694E-12  1.6187991E+05 -5.0981627E-02
CH+                3 H  C  el  1  1 -1         0.001199
  3.5059545E+00  6.6353616E-04 -2.8678455E-07  9.9232131E-11 -1.2140213E-14  1.9442484E+05  2.1775960E-01  3.5484967E+00 -1.9379540E-03  6.0052587E-06 -4.1289464E-09  0.0000000E+00  1.9464055E+05  7.8511117E-01
NH+                3 H  N  el  1  1 -1         0.000915
  3.7611434E+00  6.6478246E-04 -5.6865459E-07  2.0134402E-10 -2.0150423E-14  1.9884366E+05  8.2420849E-01  3.7985621E+00 -1.5885344E-04  6.5499381E-07 -4.1635979E-10  0.0000000E+00  1.9898606E+05  1.0030464E+00
OH+                3 H  O  el  1  1 -1         0.001295
  3.6305320E+00  7.0313179E-04 -4.6559803E-07  1.7265769E-10 -2.0101236E-14  1.5704762E+05  6.7579358E-01  3.7149189E+00 -1.7724759E-03  3.7530228E-06 -1.9433979E-09  5.0044495E-25  1.5736210E+05  1.2005326E+00
MGH+               3 H  Mg el  1  1 -1         0.002193
  3.7433156E+00  9.3813757E-04 -5.1871531E-07  1.5906683E-10 -1.6755546E-14  1.0903154E+05  4.1350872E-01  3.8444289E+00 -2.7448709E-03  5.5015122E-06  2.8225586E-09 -6.5612884E-12  1.0936107E+05  1.0874129E+00
ALH+               3 H  Al el  1  1 -1         0.002643
  3.8708053E+00  1.0162997E-03 -5.5535764E-07  1.8029441E-10 -2.2377883E-14  1.1505769E+05  2.4277048E-01  4.0068700E+00 -4.0054962E-03  5.7239201E-06  7.6423829E-09 -1.0778757E-11  1.1557966E+05  1.3388227E+00
SIH+               3 H  Si el  1  1 -1         0.002525
  3.7396711E+00  7.8648527E-04 -5.0816486E-07  1.8261191E-10 -2.1807658E-14  1.3663024E+05  4.8601269E-01  3.8118758E+00  5.6816332E-04 -2.3534430E-06  3.8921875E-11  2.8412891E-12  1.3686095E+05  5.7499921E-01
SH+                3 H  S  el  1  1 -1         0.003309
  3.8259758E+00  6.2009380E-04 -5.6669262E-07  2.3005873E-10 -2.7417607E-14  1.3713793E+05  7.3004261E-01  3.9038761E+00 -2.6695038E-03  4.9693573E-06  2.8348467E-09 -6.6726028E-12  1.3748404E+05  1.4508194E+00
HCL+               3 H  Cl el  1  1 -1         0.004181
  3.9328481E+00  5.4440954E-04 -6.3381845E-07  2.6138517E-10 -2.8762905E-14  1.3604723E+05  8.5979825E-01  4.0827447E+00 -5.0253325E-03  8.5283216E-06  7.9109007E-09 -1.4263541E-11  1.3643038E+05  1.6867748E+00
CH-                3 H  C  el  1  1  1         0.001543
  3.6077522E+00  6.9675723E-04 -4.3749030E-07  1.7108350E-10 -1.9417303E-14  5.5268304E+04  6.3612487E-01  3.6723153E+00 -1.6402263E-03  2.9225949E-06  2.6637488E-09 -4.5256959E-12  5.5510411E+04  1.1215292E+00
OH-                3 H  O  el  1  1  1         0.001149
  3.4470986E+00  7.2464253E-04 -4.4128222E-07  1.5415598E-10 -1.7435897E-14 -1.8510631E+04  6.2863374E-01  3.5068520E+00 -1.8855067E-04 -6.7225427E-07  2.0723200E-09 -8.6390399E-13 -1.8299065E+04  8.6394688E-01
SIH-               3 H  Si el  1  1  1         0.002398
  3.8851646E+00  9.0098402E-04 -4.7368555E-07  1.8202178E-10 -2.5242654E-14  2.7655371E+04  4.0756648E-01  4.0487236E+00 -4.3155971E-03  5.6281417E-06  6.6340137E-09 -9.0711313E-12  2.8262196E+04  1.5515933E+00
HS-                3 H  S  el  1  1  1         0.002757
  3.7099645E+00  6.2587686E-04 -5.2218006E-07  2.1747572E-10 -2.5540524E-14 -1.1621737E+04  7.6445952E-01  3.7717381E+00 -1.7490059E-03  3.4799879E-06  1.9988973E-09 -4.8352902E-12 -1.1350852E+04  1.2807831E+00
CN                 2 N  C   1  1               0.003728
  3.9712281E+00  7.9834956E-04 -7.0353184E-07  2.8030990E-10 -3.2147658E-14  5.0686555E+04  8.0307856E-01  4.1087062E+00 -5.1182017E-03  8.2882254E-06  6.6093660E-09 -1.2018689E-11  5.1247250E+04  2.0801665E+00
CO                 2 O  C   1  1               0.001961
  3.9003680E+00  8.0927325E-04 -7.1103280E-07  2.6245681E-10 -3.0482101E-14 -1.4866657E+04  6.8992182E-01  4.0153736E+00 -2.4324487E-03  2.6082940E-06  4.7240746E-09 -5.6699678E-12 -1.4440113E+04  1.4128664E+00
SIC                2 Si C   1  1               0.007749
  4.4671787E+00  1.0934253E-03 -8.9495046E-07  2.6038234E-10 -2.3874593E-14  8.5371191E+04  2.6937188E-01  4.3959445E+00  9.9609451E-03 -1.8461095E-05 -9.0642001E-09  2.2844441E-11  8.4955528E+04 -1.5955441E+00
CS                 2 S  C   1  1               0.003024
  4.1745156E+00  7.2773006E-04 -7.1151333E-07  2.6861830E-10 -3.1503025E-14  3.2117660E+04  7.6044238E-01  4.2488486E+00 -2.0758531E-03  3.8169836E-06  2.5550295E-09 -5.5977036E-12  3.2440900E+04  1.3769905E+00
CCL                2 Cl C   1  1               0.004305
  4.4723679E+00  8.0746900E-04 -9.2255971E-07  3.3772103E-10 -3.7466358E-14  5.8666912E+04  6.8372101E-01  4.5867755E+00 -5.0591266E-03  8.9315368E-06  7.2805348E-09 -1.3960876E-11  5.9129868E+04  1.8762378E+00
CN+                3 N  C  el  1  1 -1         0.003386
  4.1934360E+00  7.4830925E-04 -6.4272007E-07  2.4006401E-10 -2.7742296E-14  2.1513419E+05  8.3696668E-01  4.3165658E+00 -4.7069167E-03  7.8490427E-06  5.6138491E-09 -1.0778470E-11  2.1564274E+05  2.0174712E+00
CO+                3 O  C  el  1  1 -1         0.002711
  3.9958871E+00  6.3266552E-04 -5.7688831E-07  2.3184031E-10 -2.8600618E-14  1.4829930E+05  7.7523906E-01  4.1398589E+00 -4.5765757E-03  6.5500800E-06  5.4985593E-09 -9.1124820E-12  1.4885744E+05  1.9123687E+00
CN-                3 N  C  el  1  1  1         0.003066
  3.8765629E+00  7.5300718E-04 -6.2619834E-07  2.2672546E-10 -2.6061107E-14  5.7442782E+03  6.6089712E-01  3.9905911E+00 -4.2056983E-03  7.0888708E-06  5.0679733E-09 -9.7531805E-12  6.2080400E+03  1.7249777E+00
CS-                3 C  S  el  1  1  1         0.005755
  4.3591029E+00  6.4640125E-04 -7.3227611E-07  3.0099415E-10 -3.7795069E-14  2.7519991E+04  8.7877804E-01  4.5274157E+00 -6.7482768E-03  1.1541948E-05  6.9045843E-09 -1.5107034E-11  2.8193052E+04  2.4081743E+00
NO                 2 O  N   1  1               0.002695
  4.1487506E+00  8.4997618E-04 -8.7905232E-07  3.2210494E-10 -3.6305206E-14  9.1071791E+03  6.6334305E-01  4.2896738E+00 -3.9334137E-03  5.3949067E-06  4.7886219E-09 -7.6789992E-12  9.6762831E+03  1.7532120E+00
ALN                2 Al N   1  1               0.001868
  4.5185940E+00  7.7472549E-04 -8.5545842E-07  3.0153056E-10 -3.2293098E-14  6.1196698E+04  9.0382638E-01  4.6290328E+00 -1.8926424E-03  1.3047126E-06  4.6049167E-09 -4.7124439E-12  6.1590306E+04  1.4921319E+00
SIN                2 Si N   1  1               0.002254
  4.2963029E+00  8.7485751E-04 -7.1119066E-07  2.7521824E-10 -3.2823971E-14  4.3000275E+04  5.5546431E-01  4.4628451E+00 -2.8398938E-03  2.3259909E-06  5.7339414E-09 -5.8555796E-12  4.3526193E+04  1.2826944E+00
SN                 2 S  N   1  1               0.003776
  4.3921699E+00  7.0645100E-04 -8.0589877E-07  3.0197143E-10 -3.4465147E-14  2.9982965E+04  8.3753810E-01  4.4959417E+00 -3.2807028E-03  5.5410472E-06  4.0479700E-09 -8.2741018E-12  3.0408887E+04  1.6830793E+00
NCL                2 Cl N   1  1               0.005602
  4.4269758E+00  8.4238025E-04 -8.1445375E-07  2.9096280E-10 -3.2961053E-14  2.9529289E+04  7.7127017E-01  4.5671543E+00 -7.1369502E-03  1.2857199E-05  9.1046186E-09 -1.8491903E-11  3.0136396E+04  2.4460831E+00
TIN                2 Ti N   1  1               0.006007
  4.7326938E+00 -2.4554978E-04  2.1700314E-07  2.0793394E-23 -1.2300146E-14  5.4352368E+04  1.4490907E+00  4.9141990E+00 -9.9517495E-03  1.6083448E-05  1.0185465E-08 -2.0751988E-11  5.5148899E+04  3.5661648E+00
NO+                3 N  O  el  1  1 -1         0.002089
  3.9049937E+00  6.8590122E-04 -5.8940505E-07  2.1710530E-10 -2.5045986E-14  1.1752253E+05  7.5702662E-01  4.0322964E+00 -3.2405685E-03  3.9696552E-06  5.5264034E-09 -7.4285124E-12  1.1798234E+05  1.5937672E+00
NS+                3 N  S  el  1  1 -1         0.004330
  4.0376661E+00  7.8584957E-04 -6.4802916E-07  2.4106039E-10 -2.8973654E-14  1.4754057E+05  6.8992656E-01  4.1481560E+00 -4.0124486E-03  6.7526487E-06  6.3145813E-09 -1.1316448E-11  1.4800801E+05  1.7255541E+00
NAO                2 Na O   1  1               0.001735
  4.5685775E+00  8.7322445E-04 -9.0242936E-07  3.0524784E-10 -3.1539076E-14  8.3617249E+03  7.9686577E-01  4.6600665E+00 -8.0072405E-04 -2.9068843E-07  2.8889496E-09 -1.9233331E-12  8.6937013E+03  1.2011214E+00
MGO                2 Mg O   1  1               0.006116
  4.4948178E+00  1.9337303E-03 -8.4473189E-07  1.0916664E-10 -4.4391073E-15  5.6155779E+03 -7.1386538E-01  4.3922685E+00  1.0398347E-02 -1.7126965E-05 -6.6873723E-09  1.8677522E-11  5.1188143E+03 -2.4886255E+00
ALO                2 Al O   1  1               0.002535
  4.3682830E+00  9.8513936E-04 -6.3591851E-07  2.4203361E-10 -3.0104600E-14  6.2242533E+03  2.2386021E-01  4.5392842E+00 -4.4472958E-03  5.7569903E-06  6.5099460E-09 -8.9934830E-12  6.8686914E+03  1.4319955E+00
SIO                2 Si O   1  1               0.004114
  4.2326628E+00  6.9583981E-04 -6.8842040E-07  2.5568261E-10 -2.9616636E-14 -1.3716334E+04  5.1912572E-01  4.3199278E+00  1.4703160E-03 -5.5196690E-06 -5.1887231E-10  6.2554888E-12 -1.3451216E+04  4.3637455E-01
SO                 2 S  O   1  1               0.002928
  4.4003449E+00  6.5253693E-04 -7.2782556E-07  2.9566973E-10 -3.5215070E-14 -1.1630661E+03  6.9828951E-01  4.5275076E+00 -2.6859409E-03  3.3137138E-06  4.2094201E-09 -6.2103618E-12 -7.1905541E+02  1.3666367E+00
CLO                2 Cl O   1  1               0.003078
  4.4788454E+00  8.2438684E-04 -9.2666387E-07  3.3667973E-10 -3.7304176E-14  1.0421598E+04  8.4204956E-01  4.5919872E+00 -4.0140347E-03  6.5218469E-06  5.4894405E-09 -9.9455867E-12  1.0885389E+04  1.8785236E+00
KO                 2 K  O   1  1               0.001675
  4.7529694E+00  7.2089518E-04 -8.5482435E-07  2.9755617E-10 -3.0580288E-14  6.7572103E+03  7.7395592E-01  4.8662408E+00 -2.4713596E-03  2.6584956E-06  3.7737017E-09 -4.8505591E-12  7.1807113E+03  1.4883800E+00
CAO                2 Ca O   1  1               0.006422
  4.4084363E+00  1.2483193E-03 -7.7369475E-07  3.2358124E-10 -3.7743628E-14  3.2527311E+03 -6.9556236E-02  4.6661114E+00 -1.0768377E-02  1.8054709E-05  1.1836973E-08 -2.3238482E-11  4.3086401E+03  2.5304724E+00
TIO                2 Ti O   1  1               0.002801
  4.9373041E+00  2.4343830E-04 -7.5150900E-07  3.6058802E-10 -4.4750720E-14  4.5602769E+03  1.4399064E+00  5.0338428E+00 -4.8521003E-04 -2.0892097E-06  9.7568037E-10  1.6350562E-12  4.9093016E+03  1.6688439E+00
FEO                2 Fe O   1  1               0.005210
  4.7326822E+00  4.8743425E-04 -8.6782713E-07  3.7411165E-10 -4.4709917E-14  2.8301208E+04  1.1926120E+00  4.8430985E+00 -4.2367693E-03  7.3930708E-06  4.1186515E-09 -1.0131130E-11  2.8799203E+04  2.2120672E+00
SIO+               3 O  Si el  1  1 -1         0.003360
  4.2398992E+00  8.1021218E-04 -6.9522810E-07  2.7118081E-10 -3.6989871E-14  1.1977295E+05  6.1025483E-01  4.4826421E+00 -7.2246142E-03  1.1013716E-05  3.3442303E-09 -8.9183686E-12  1.2067823E+05  2.3318104E+00
SO+                3 O  S  el  1  1 -1         0.003342
  4.3647937E+00  5.5455252E-04 -6.0509749E-07  2.4293355E-10 -3.0643741E-14  1.1943605E+05  1.0572122E+00  4.4932412E+00 -3.8229366E-03  5.7055910E-06  4.1886565E-09 -7.8561823E-12  1.1993768E+05  1.9966176E+00
FEO-               3 Fe O  el  1  1  1         0.006217
  4.4199824E+00  7.4444155E-04 -7.5247034E-07  2.9351597E-10 -3.7600608E-14  1.2839908E+04  8.0182047E-01  4.5483988E+00 -5.7629982E-03  1.0762813E-05  5.8916276E-09 -1.4281955E-11  1.3443280E+04  2.2225178E+00
MGS                2 S  Mg  1  1               0.005957
  4.7616051E+00  1.6981537E-03 -9.1822029E-07  1.4872677E-10 -7.0765414E-15  1.6212405E+04 -3.4766081E-01  4.5784406E+00  1.3220799E-02 -2.0976838E-05 -1.0134955E-08  2.3512577E-11  1.5436549E+04 -2.7757850E+00
ALS                2 S  Al  1  1               0.004458
  4.6123486E+00  1.0420629E-03 -7.4367786E-07  2.7943259E-10 -3.5216220E-14  2.6780237E+04  2.9405451E-01  4.7708856E+00 -5.2232634E-03  8.5111874E-06  6.8902388E-09 -1.2489225E-11  2.7432729E+04  1.6683005E+00
SIS                2 S  Si  1  1               0.002733
  4.4492359E+00  6.9759286E-04 -8.2768471E-07  3.1546336E-10 -3.6221494E-14  1.1098387E+04  8.7449972E-01  4.5105435E+00  1.8334228E-03 -4.9706321E-06 -1.1222363E-09  5.2802199E-12  1.1288658E+04  6.7797234E-01
CAS                2 Ca S   1  1               0.011464
  4.6878433E+00  1.2427291E-03 -6.1561637E-07  2.6031511E-10 -3.5428100E-14  1.2622355E+04 -3.1297396E-01  5.0056634E+00 -1.5707316E-02  2.8317599E-05  1.6351373E-08 -3.6019575E-11  1.3937520E+04  3.2291118E+00
TIS                2 Ti S   1  1               0.007386
  5.1625939E+00  2.2570254E-04 -7.7187045E-07  3.9874828E-10 -5.5400843E-14  3.7608866E+04  1.3659415E+00  5.3810271E+00 -9.3621896E-03  1.4350819E-05  9.6411969E-09 -1.9396124E-11  3.8567313E+04  3.4985946E+00
NACL               2 Cl Na  1  1               0.004060
  4.6190467E+00  8.3981942E-04 -9.3083766E-07  3.1973490E-10 -3.3255434E-14 -2.3534321E+04  6.0450926E-01  4.7191546E+00 -4.7408810E-03  8.9105559E-06  5.7458754E-09 -1.2513299E-11 -2.3097897E+04  1.7686043E+00
MGCL               2 Cl Mg  1  1               0.004053
  4.6325555E+00  5.1836705E-04 -6.2467283E-07  2.2030897E-10 -2.3223992E-14 -6.9076923E+03  1.0745119E+00  4.7192585E+00 -5.0560209E-03  9.3696871E-06  5.9946526E-09 -1.3049891E-11 -6.5073510E+03  2.2517363E+00
ALCL               2 Cl Al  1  1               0.002283
  4.5540155E+00  7.6355846E-04 -8.7432754E-07  3.1141819E-10 -3.3374311E-14 -7.8187568E+03  7.9908865E-01  4.6488335E+00 -2.8284531E-03  4.6941452E-06  3.9750341E-09 -7.2520081E-12 -7.4779509E+03  1.5011689E+00
SICL               2 Cl Si  1  1               0.002214
  4.7675656E+00  6.3793871E-04 -9.4035974E-07  3.5894937E-10 -4.0132066E-14  2.2062875E+04  7.0460306E-01  4.8704453E+00 -2.1158601E-03  1.9070155E-06  3.8732660E-09 -4.5436880E-12  2.2449753E+04  1.3162281E+00
KCL                2 K  Cl  1  1               0.004675
  4.7423858E+00  7.7693825E-04 -9.3781258E-07  3.2547479E-10 -3.3486240E-14 -2.7605345E+04  9.7227236E-01  4.8586304E+00 -5.9380200E-03  1.0791192E-05  7.1572317E-09 -1.5190278E-11 -2.7095148E+04  2.3838721E+00
CACL               2 Ca Cl  1  1               0.005412
  4.7864051E+00  7.0107697E-04 -9.5421608E-07  3.3832826E-10 -3.4079231E-14 -1.4406022E+04  9.7458770E-01  4.9249580E+00 -7.3122471E-03  1.2945254E-05  8.9251557E-09 -1.8410681E-11 -1.3830937E+04  2.6213964E+00
FECL               2 Fe Cl  1  1               0.007918
  5.1087401E+00  4.1611433E-04 -7.9839299E-07  3.2866053E-10 -3.8739912E-14  2.8362204E+04  1.2752815E+00  5.2882731E+00 -6.3962510E-03  1.2141650E-05  9.6063107E-09 -2.0269203E-11  2.8754640E+04  2.0906263E+00
ALOCL              3 Al Cl O   1  1  1         0.006302
  5.5208294E+00  2.0953892E-03 -7.1923479E-07  9.5512470E-11 -4.3666624E-15 -4.3287528E+04 -1.6767402E+00  5.4009942E+00  1.0372315E-02 -1.5659139E-05 -7.8468039E-09  1.8641883E-11 -4.3838379E+04 -3.4359542E+00
ALCL2              2 Al Cl  1  2               0.000917
  6.1256145E+00  1.4197759E-03 -8.9039670E-07  2.4288469E-10 -2.3316711E-14 -3.5561203E+04 -4.9227812E-01  6.1122187E+00  9.0542822E-04  6.9117776E-07  1.8458366E-09 -3.3551454E-12 -3.5583919E+04 -4.0998495E-01
ALCL3              2 Al Cl  1  3               0.004577
  7.2361150E+00  2.8893007E-03 -8.7852748E-07  6.7207596E-11  2.9455332E-15 -7.1921660E+04 -3.1595467E+00  7.0055199E+00  1.1644049E-02 -1.2596321E-05 -9.4912756E-09  1.5739529E-11 -7.2813185E+04 -5.1007011E+00
ALOH               3 Al H  O   1  1  1         0.001870
  4.5702097E+00  1.9377868E-03 -6.0048789E-07  1.4011416E-10 -1.6670166E-14 -2.3405845E+04 -1.2974869E+00  4.6484427E+00  1.0761007E-03 -1.8613994E-06  2.2449028E-09  3.3212904E-13 -2.3137571E+04 -1.0439021E+00
HALO               3 Al H  O   1  1  1         0.004790
  4.6676949E+00  2.3060821E-03 -5.9612627E-07  6.9875969E-11 -5.6918964E-15  2.4926615E+03 -1.6715074E+00  4.6458278E+00  7.0038509E-03 -1.0760010E-05 -4.1722407E-09  1.2520389E-11  2.3057610E+03 -2.6554103E+00
ALO2H              3 Al H  O   1  1  2         0.010176
  5.7574133E+00  2.8599464E-03 -3.5850593E-07 -8.4096764E-11  1.3890466E-14 -5.6905747E+04 -2.7349451E+00  5.5698262E+00  1.4249418E-02 -1.9955232E-05 -1.7929058E-08  3.2701784E-11 -5.7566391E+04 -4.8590670E+00
ALO2               2 Al O   1  2               0.010049
  5.4961438E+00  2.1363827E-03 -7.6531758E-07  1.1492610E-10 -6.3117858E-15 -1.1809997E+04 -1.2460426E+00  5.3799263E+00  1.4008469E-02 -2.4542005E-05 -1.0337385E-08  2.8697768E-11 -1.2429122E+04 -3.7122938E+00
AL2CL6             2 Al Cl  2  6               0.028564
  1.2362450E+01  7.5848156E-03 -2.0688251E-07 -7.5427302E-10  1.1543240E-13 -1.5648016E+05 -9.9010970E+00  1.1254565E+01  5.7017519E-02 -7.6499300E-05 -4.7214712E-08  9.3750411E-11 -1.6105795E+05 -2.0723884E+01
AL2O               2 Al O   2  1               0.009993
  5.5680355E+00  2.0420076E-03 -6.8166930E-07  8.0170679E-11 -2.2048539E-15 -1.8846906E+04 -1.4801762E+00  5.4575573E+00  1.3865261E-02 -2.4429683E-05 -9.6914425E-09  2.7972209E-11 -1.9490389E+04 -4.0051831E+00
AL2O2              2 Al O   2  2               0.017677
  6.5597512E+00  3.2804972E-03 -7.1550921E-07 -5.1316775E-11  1.8299069E-14 -4.8706686E+04 -3.2344639E+00  6.2798107E+00  2.5783891E-02 -4.2076366E-05 -2.3761689E-08  5.4171397E-11 -5.0131511E+04 -8.0878386E+00
ALC                2 C  Al  1  1               0.001665
  4.4279101E+00  7.4007688E-04 -7.6633085E-07  2.7160605E-10 -2.9762628E-14  8.1314668E+04  9.1510655E-01  4.5129687E+00 -9.0088368E-04 -1.8199575E-07  3.2488345E-09 -2.3097891E-12  8.1619618E+04  1.3050946E+00
CCLN               3 C  Cl N   1  1  1         0.000583
  5.1410178E+00  2.1282207E-03 -6.0077731E-07  8.5798781E-11 -6.1625878E-15  1.5060808E+04 -1.3697814E+00  5.0755694E+00  3.5907129E-03 -1.2065590E-06 -3.8082926E-09  3.5413010E-12  1.4870185E+04 -1.6564618E+00
CCLO               3 C  Cl O   1  1  1         0.001053
  5.5638450E+00  1.5850085E-03 -8.5647493E-07  2.4070044E-10 -2.5473309E-14 -9.4319000E+03 -4.6194028E-01  5.5951389E+00  7.3018747E-04  1.6252595E-07  1.2919090E-09 -1.5757651E-12 -9.3110586E+03 -2.7939196E-01
CCL2               2 C  Cl  1  2               0.004270
  5.6857384E+00  1.9038528E-03 -5.3857025E-07  8.7113278E-11 -1.0274831E-14  2.6811086E+04 -1.2648132E+00  5.7052106E+00 -2.9074740E-03  9.9874070E-06  5.0486190E-09 -1.3584542E-11  2.6973753E+04 -3.0234142E-01
COCL2              3 C  Cl O   1  2  1         0.003969
  6.4714110E+00  2.9124638E-03 -6.0947752E-07 -4.3100729E-12  6.4747159E-15 -2.8149089E+04 -3.0615840E+00  6.2959147E+00  9.8586800E-03 -1.0711664E-05 -6.9046010E-09  1.2790433E-11 -2.8810638E+04 -4.5375693E+00
CCL3               2 C  Cl  1  3               0.003326
  6.8315012E+00  2.9035781E-03 -6.8935597E-07  6.5201094E-12  7.4991617E-15  7.9513256E+03 -3.2148900E+00  6.5774978E+00  8.2546205E-03  1.1846697E-06 -2.6303576E-08  2.1939008E-11  7.1645264E+03 -4.3904979E+00
CCL4               2 C  Cl  1  4               0.009011
  7.7111291E+00  4.4960173E-03 -5.9365183E-07 -2.2364249E-10  4.1072157E-14 -1.2733947E+04 -5.8539848E+00  7.2456753E+00  2.2251817E-02 -2.4772949E-05 -1.8485571E-08  3.1216827E-11 -1.4578581E+04 -9.8273931E+00
CHCL               3 C  H  Cl  1  1  1         0.004316
  4.9889410E+00  2.0610025E-03 -5.2244784E-07  8.6890906E-11 -1.2230279E-14  3.8344774E+04 -1.4919239E+00  5.0637610E+00 -3.9574343E-03  1.0687365E-05  6.3615811E-09 -1.4551628E-11  3.8715269E+04 -2.2078310E-01
CHCL3              3 C  H  Cl  1  1  3         0.003601
  7.1028342E+00  4.1230813E-03 -4.1864343E-07 -1.7939004E-10  2.7583076E-14 -1.4094551E+04 -5.2787679E+00  6.8460481E+00  1.1655328E-02 -8.9197112E-06 -7.1601195E-09  1.0135089E-11 -1.5052826E+04 -6.9901093E+00
HCN                3 C  H  N   1  1  1         0.000474
  4.3347065E+00  2.1805836E-03 -5.9442985E-07  1.0634538E-10 -1.0871617E-14  1.4732543E+04 -1.3369673E+00  4.3557885E+00  1.6794729E-03 -7.5449584E-08  5.3884915E-10 -6.2273813E-13  1.4812426E+04 -1.2234862E+00
HNCO               4 C  H  N  O   1  1  1  1   0.003673
  5.3971880E+00  2.8282258E-03 -3.5828358E-07 -5.0381222E-11  7.5015724E-15 -1.3916730E+04 -2.9768292E+00  5.3389661E+00  7.3167621E-03 -8.9117038E-06 -4.2494450E-09  1.0646476E-11 -1.4195446E+04 -3.9106430E+00
HCO                3 C  H  O   1  1  1         0.001580
  4.6644682E+00  1.6750499E-03 -6.3229535E-07  1.7907992E-10 -2.1752655E-14  3.3956869E+03 -7.5321832E-01  4.7640231E+00 -1.0406595E-03  1.2548579E-06  6.5151501E-09 -6.5953087E-12  3.7563652E+03 -1.3831929E-01
CH2                2 C  H   1  2               0.001652
  4.1174906E+00  1.8495058E-03 -5.0254255E-07  1.1175898E-10 -1.3626473E-14  4.4945310E+04 -1.0752626E+00  4.1792318E+00 -8.4395643E-04  3.6800952E-06  2.8819193E-09 -5.4373764E-12  4.5190291E+04 -5.0638342E-01
CH2CL2             3 C  H  Cl  1  2  2         0.002072
  6.3258366E+00  3.9615804E-03 -2.7033905E-07 -1.5846567E-10  1.8781097E-14 -1.3439752E+04 -4.7781647E+00  6.2306017E+00  4.3219913E-03  2.0394035E-06  3.4619342E-11 -3.5095268E-12 -1.3751608E+04 -4.9317532E+00
H2CO               3 C  H  O   1  2  1         0.000854
  4.7910769E+00  2.7553288E-03 -1.9409242E-07 -5.4407920E-11  1.9992432E-15 -1.5822004E+04 -2.5329475E+00  4.8551594E+00  5.3396869E-05  3.5554333E-06  2.8323832E-09 -4.7981501E-12 -1.5573026E+04 -1.9378244E+00
CH3                2 C  H   1  3               0.000582
  4.3902130E+00  2.9659257E-03 -3.3876596E-07 -2.2143386E-11  1.0211918E-15  1.5965235E+04 -2.8192524E+00  4.4061117E+00  1.8941177E-03  1.6963476E-06  5.6816042E-10 -1.9752909E-12  1.6030266E+04 -2.6020670E+00
CH3CL              3 C  H  Cl  1  3  1         0.003330
  5.4531850E+00  3.7553657E-03  7.9182512E-08 -2.3411647E-10  2.2280522E-14 -1.2023713E+04 -4.5674717E+00  5.4521831E+00  2.1928677E-04  7.8276429E-06  4.1710626E-09 -1.0674490E-11 -1.1967401E+04 -3.8614856E+00
CH4                2 C  H   1  4               0.002848
  4.4286955E+00  4.0606610E-03  8.0357575E-08 -2.2705519E-10  1.9584311E-14 -1.0784399E+04 -4.7504543E+00  4.4744017E+00 -1.3752934E-04  7.8258999E-06  4.2087816E-09 -9.8975264E-12 -1.0570439E+04 -3.8728802E+00
KCN                3 C  K  N   1  1  1         0.002054
  5.4987494E+00  2.0152131E-03 -7.8305476E-07  1.3486672E-10 -8.6082707E-15  7.9100566E+03 -1.3167474E+00  5.4478744E+00  4.7799715E-03 -5.2819007E-06 -4.3191636E-09  7.6321935E-12  7.7489234E+03 -1.8198680E+00
NACN               3 C  N  Na  1  1  1         0.002914
  5.3167048E+00  2.0345441E-03 -6.6963154E-07  8.7707407E-11 -3.7711499E-15  9.8203733E+03 -1.3240473E+00  5.2545779E+00  6.4421823E-03 -8.4071810E-06 -4.5601129E-09  1.0037148E-11  9.5265759E+03 -2.2784550E+00
NCO                3 C  N  O   1  1  1         0.002745
  5.0543260E+00  2.0555531E-03 -6.5226270E-07  1.1527384E-10 -1.0835213E-14  1.7482960E+04 -1.7133155E+00  5.0461422E+00  4.6739050E-03 -6.4209683E-06 -2.4923805E-09  7.3409518E-12  1.7406801E+04 -2.2384898E+00
CNN                2 C  N   1  2               0.000916
  4.9843418E+00  2.0041136E-03 -6.5680787E-07  1.1824443E-10 -1.0331486E-14  6.8673069E+04 -1.2401521E+00  4.9792319E+00  3.0484458E-03 -2.7536939E-06 -1.1303455E-09  2.8383287E-12  6.8641706E+04 -1.4522955E+00
NCN                2 C  N   1  2               0.002774
  4.9921229E+00  2.2030871E-03 -6.0238701E-07  5.7196375E-11 -1.8110376E-15  5.5361739E+04 -1.8244543E+00  4.9203166E+00  6.3459426E-03 -7.5210321E-06 -5.1007131E-09  9.9288696E-12  5.5079745E+04 -2.6659619E+00
COS                3 C  O  S   1  1  1         0.003237
  5.0285143E+00  2.0621928E-03 -5.6097721E-07  8.9349202E-11 -8.9081535E-15 -1.8189787E+04 -1.4013726E+00  4.9649289E+00  7.5063331E-03 -1.0330876E-05 -6.0986374E-09  1.2979570E-11 -1.8489674E+04 -2.5519428E+00
CO2                2 C  O   1  2               0.004922
  4.6098913E+00  2.1177259E-03 -4.5202073E-07  4.1071091E-11 -3.5651419E-15 -4.8824219E+04 -1.3182107E+00  4.5829983E+00  7.0288196E-03 -1.0815279E-05 -4.9702654E-09  1.3445540E-11 -4.9032417E+04 -2.3490136E+00
CS2                2 C  S   1  2               0.002503
  5.2129911E+00  1.9396917E-03 -4.2975615E-07  3.6507035E-11 -2.7386644E-15  1.2660415E+04 -1.3148370E+00  5.0709436E+00  9.4562057E-03 -1.1588655E-05 -1.0004042E-08  1.6439487E-11  1.2115504E+04 -2.9028803E+00
SI2C               2 C  Si  1  2               0.011629
  5.3226666E+00  1.8855856E-03 -5.7812551E-07  1.1979779E-10 -1.0223473E-14  6.2943929E+04 -1.4322171E+00  5.2184238E+00  1.4447302E-02 -2.6164766E-05 -1.1524199E-08  3.1670032E-11  6.2337503E+04 -4.0489994E+00
C2CL2              2 C  Cl  2  2               0.004203
  6.4016590E+00  3.3412768E-03 -6.1997425E-07 -5.4515109E-11  1.4876450E-14  2.3832620E+04 -3.6270809E+00  6.2023955E+00  1.4692420E-02 -2.6396863E-05  1.6533714E-08 -6.6618425E-25  2.2820551E+04 -6.2203590E+00
C2CL4              2 C  Cl  2  4               0.011787
  8.7795257E+00  5.8133827E-03 -6.6015873E-07 -3.0890137E-10  5.2801656E-14 -2.8686423E+03 -8.0159105E+00  8.2098510E+00  2.8272761E-02 -3.3349357E-05 -2.0895861E-08  3.9276296E-11 -5.0714257E+03 -1.2872435E+01
C2CL6              2 C  Cl  2  6               0.025326
  1.1067799E+01  9.0810404E-03 -7.5227437E-07 -6.8030646E-10  1.1131370E-13 -1.6874552E+04 -1.2953156E+01  9.9742393E+00  5.4741737E-02 -6.8113058E-05 -4.7758756E-08  8.7100683E-11 -2.1144219E+04 -2.2776059E+01
C2H                2 C  H   2  1               0.000588
  4.4859240E+00  2.0523517E-03 -5.5992677E-07  1.2236008E-10 -1.3501417E-14  5.5822262E+04 -1.4542820E+00  4.5024596E+00  1.8957939E-03 -7.7350962E-07  4.4766293E-10  5.0129743E-14  5.5882327E+04 -1.4087230E+00
C2HCL              3 C  H  Cl  2  1  1         0.004462
  5.6793710E+00  3.0927257E-03 -2.5981756E-07 -1.4380502E-10  2.1057991E-14  2.4343306E+04 -3.4741599E+00  5.4900598E+00  1.0978843E-02 -1.2107930E-05 -7.6181430E-09  1.4609267E-11  2.3597450E+04 -5.1736937E+00
C2H2               2 C  H   2  2               0.003803
  4.7544237E+00  3.3727577E-03 -1.8642397E-07 -1.4562727E-10  1.8486043E-14  2.5943696E+04 -3.6145925E+00  4.6346982E+00  9.3307250E-03 -1.0145923E-05 -5.4453718E-09  1.1962493E-11  2.5450709E+04 -4.8727107E+00
C2H4               2 C  H   2  4               0.002155
  5.5139123E+00  5.0990352E-03  3.5195332E-07 -4.3066635E-10  4.3705615E-14  4.4454489E+03 -6.9259222E+00  5.4325787E+00  6.8166992E-03 -1.3073189E-06 -1.9470779E-09  2.2106989E-12  4.1275448E+03 -7.3255356E+00
C2H4O              3 C  H  O   2  4  1         0.005582
  6.3504953E+00  6.4978892E-03  3.8389279E-07 -5.5808918E-10  5.9294329E-14 -8.3615380E+03 -9.1590670E+00  6.1883534E+00  1.3741182E-02 -1.1330799E-05 -7.2904787E-09  1.4767524E-11 -9.0736287E+03 -1.0752433E+01
(KCN)2             3 C  K  N   2  2  2         0.015840
  9.4146986E+00  5.6109359E-03 -9.6776640E-07 -1.9897806E-10  4.5716185E-14 -2.7494582E+03 -8.0770417E+00  8.9792007E+00  3.0738383E-02 -4.3848616E-05 -2.3655402E-08  5.2548783E-11 -4.6953298E+03 -1.3528460E+01
C2N                2 C  N   2  1               0.005020
  5.0852518E+00  2.2758366E-03 -6.4427235E-07  5.4204231E-11 -9.4985116E-27  6.5560050E+04 -1.5013940E+00  4.9284319E+00  9.8097449E-03 -1.2962026E-05 -9.5053424E-09  1.7963197E-11  6.5044835E+04 -2.9034252E+00
C2N2               2 C  N   2  2               0.007208
  5.6819803E+00  3.2313778E-03 -1.7726266E-07 -2.1354511E-10  3.0961745E-14  3.5866301E+04 -3.4462426E+00  5.4632225E+00  1.4453318E-02 -1.8599128E-05 -1.1687850E-08  2.3750760E-11  3.4959113E+04 -5.8274724E+00
(NACN)2            3 C  N  Na  2  2  2         0.018423
  8.8656223E+00  5.7994245E-03 -7.4799995E-07 -3.0722604E-10  5.7591258E-14 -2.4427304E+03 -7.7957822E+00  8.3574415E+00  3.4999508E-02 -4.9626951E-05 -2.9879353E-08  6.2474929E-11 -4.7173779E+03 -1.4168175E+01
SIC2               2 C  Si  2  1               0.007700
  5.1855997E+00  1.9501200E-03 -5.9458971E-07  1.1665025E-10 -9.6317094E-15  7.2511623E+04 -1.4070288E+00  5.0873145E+00  1.1053320E-02 -1.8393190E-05 -8.4686470E-09  2.2099428E-11  7.2022270E+04 -3.2881880E+00
C2O                2 C  O   2  1               0.003214
  5.0798721E+00  2.1052046E-03 -5.2371786E-07  6.9799458E-11 -6.8841334E-15  3.2857401E+04 -1.5990468E+00  5.0543036E+00  5.5071555E-03 -7.4363431E-06 -3.5006910E-09  9.0519565E-12  3.2699084E+04 -2.3095316E+00
C3                 1 C   3                     0.003266
  4.8244701E+00  1.2808580E-03 -7.2644762E-07  2.6059215E-10 -3.1539101E-14  9.6724233E+04 -3.1774446E-02  4.9455143E+00 -4.1531822E-03  7.9221793E-06  4.8670031E-09 -1.0082805E-11  9.7231467E+04  1.1519482E+00
C3O2               2 C  O   3  2               0.013627
  6.7848301E+00  4.5689662E-03 -3.1863604E-07 -2.5807920E-10  3.6900587E-14 -1.2784969E+04 -5.7617895E+00  6.4493241E+00  2.3917879E-02 -3.5070946E-05 -1.7785426E-08  4.2337217E-11 -1.4136581E+04 -9.6612575E+00
C4                 1 C   4                     0.007888
  5.4001984E+00  3.4603894E-03 -1.9982656E-07 -2.0890743E-10  2.8768929E-14  1.1550991E+05 -3.6024622E+00  5.1700913E+00  1.5799635E-02 -2.0903163E-05 -1.1789361E-08  2.5508131E-11  1.1451458E+05 -6.2619707E+00
C4N2               2 C  N   4  2               0.016612
  7.6294196E+00  5.9425451E-03 -1.1004410E-07 -5.0575321E-10  7.1362961E-14  6.2927147E+04 -8.2433112E+00  7.1272876E+00  3.2280864E-02 -4.4060499E-05 -2.5380074E-08  5.4268747E-11  6.0799941E+04 -1.3875733E+01
C5                 1 C   5                     0.012636
  6.1710943E+00  4.8684265E-03 -1.4004990E-07 -3.5392365E-10  4.7097272E-14  1.1663676E+05 -6.1443184E+00  5.7867177E+00  2.4925850E-02 -3.3491376E-05 -1.9610146E-08  4.1666796E-11  1.1497982E+05 -1.0468586E+01
FE(CO)5            3 C  Fe O   5  1  5         0.049844
  1.3047717E+01  1.3037002E-02 -8.2282333E-07 -8.8103515E-10  1.3153593E-13 -8.8337106E+04 -1.9304461E+01  1.1632509E+01  9.1561077E-02 -1.3432720E-04 -7.8593915E-08  1.6862075E-10 -9.4284142E+04 -3.5820426E+01
CACL2              2 Ca Cl  1  2               0.001976
  6.2728081E+00  1.5211426E-03 -5.6071150E-07  5.3748016E-11  2.3038892E-15 -5.8365004E+04 -7.5467649E-01  6.1900176E+00  1.9182019E-03  1.2890155E-06  1.7333229E-10 -2.9622316E-12 -5.8635115E+04 -9.0375104E-01
CAOH               3 Ca H  O   1  1  1         0.002895
  5.0778112E+00  2.0000744E-03 -7.2226117E-07  1.2208755E-10 -6.7460604E-15 -2.4871785E+04 -1.1181293E+00  5.0577283E+00  4.9798418E-03 -6.9052005E-06 -2.8787237E-09  7.9615071E-12 -2.5014862E+04 -1.7490310E+00
CA(OH)2            3 Ca H  O   1  2  2         0.015074
  6.9239817E+00  4.1745140E-03 -5.2552280E-07 -1.8304361E-10  3.4563795E-14 -7.4901304E+04 -4.9592941E+00  6.2949051E+00  2.3510251E-02 -2.7611451E-05 -3.8736359E-08  5.7254928E-11 -7.6162455E+04 -7.2981376E+00
CA2                1 Ca  2                     0.008220
  4.7846535E+00 -1.7672819E-03  2.8027185E-07  8.7859458E-12  2.6973521E-28  3.9292778E+04  3.5319654E+00  5.0136450E+00 -1.5065741E-02  2.3077625E-05  1.3559814E-08 -2.8989123E-11  4.0198893E+04  6.2514251E+00
OHCL               3 Cl H  O   1  1  1         0.001863
  4.9120016E+00  1.4939649E-03 -6.5014432E-07  1.8701234E-10 -2.1073404E-14 -1.0739551E+04 -4.6150045E-01  4.9726105E+00 -1.6078833E-03  4.3404220E-06  3.6401251E-09 -6.7810395E-12 -1.0468798E+04  2.1899804E-01
SIH3CL             3 Cl H  Si  1  3  1         0.007097
  6.0347968E+00  4.2188708E-03 -4.9042043E-08 -2.9507303E-10  3.5781817E-14 -1.8708035E+04 -5.1792305E+00  5.8475519E+00  1.4012631E-02 -1.6537689E-05 -9.3284436E-09  2.0317321E-11 -1.9513304E+04 -7.2846183E+00
NOCL               3 Cl N  O   1  1  1         0.000757
  5.5468817E+00  1.5582097E-03 -6.6890640E-07  1.7033613E-10 -1.7237427E-14  4.3580895E+03 -8.6624449E-01  5.5737633E+00  4.9166628E-04  9.9087560E-07  1.2867826E-09 -2.1988432E-12  4.4669646E+03 -6.4425412E-01
NO2CL              3 Cl N  O   1  1  2         0.006530
  6.1978996E+00  2.9599224E-03 -4.8443778E-07 -5.7710235E-11  1.2112108E-14 -2.3999059E+02 -3.1238691E+00  6.0498596E+00  1.1837372E-02 -1.6101912E-05 -8.5110679E-09  1.9461193E-11 -8.8021263E+02 -4.9902230E+00
TIOCL              3 Cl O  Ti  1  1  1         0.005102
  6.1065427E+00  1.5968731E-03 -7.9176410E-07  2.1491876E-10 -2.3412123E-14 -3.1211331E+04 -1.0404043E+00  5.9840668E+00  8.7061898E-03 -1.3026795E-05 -8.6461581E-09  1.7410442E-11 -3.1610299E+04 -2.3630325E+00
CLO2               2 Cl O   1  2               0.002401
  5.4560010E+00  1.7446871E-03 -7.5113630E-07  1.8161368E-10 -1.8243739E-14  1.0770131E+04 -9.2743862E-01  5.4638597E+00  3.7040722E-03 -6.1409949E-06  1.0948848E-09  3.5248750E-12  1.0738835E+04 -1.3396676E+00
CLO3               2 Cl O   1  3               0.009779
  6.2380531E+00  3.0473360E-03 -4.8649357E-07 -7.6208126E-11  1.5225249E-14  2.1788223E+04 -3.3515330E+00  6.0361349E+00  1.6680792E-02 -2.7447025E-05 -5.9979383E-09  2.5427221E-11  2.0888841E+04 -6.1540221E+00
SCL                2 Cl S   1  1               0.004187
  4.7429093E+00  6.4965537E-04 -9.1652520E-07  3.4474892E-10 -3.8299389E-14  1.7140806E+04  9.7692961E-01  4.8062629E+00 -3.1052982E-03  6.3482672E-06  3.6159917E-09 -9.2016674E-12  1.7451955E+04  1.7632453E+00
CLS2               2 Cl S   1  2               0.001780
  6.1393361E+00  1.1135557E-03 -6.3623922E-07  1.8500787E-10 -2.0106024E-14  7.6275047E+03 -1.3756451E-01  6.0790908E+00  2.9318143E-03 -1.0223877E-06 -4.3544571E-09  2.8109621E-12  7.4444366E+03 -5.7364458E-01
TICL               2 Cl Ti  1  1               0.002903
  5.3573775E+00  6.2283203E-04 -8.9325823E-07  3.6979234E-10 -4.4655546E-14  1.6536575E+04  9.8281431E-01  5.4388588E+00 -2.2299078E-03  3.5170477E-06  3.6105238E-09 -6.4128277E-12  1.6854467E+04  1.5564093E+00
FECL2              2 Cl Fe  2  1               0.005327
  6.4275492E+00  1.5412267E-03 -6.8909225E-07  1.8113618E-10 -1.9577243E-14 -1.8821790E+04 -8.4408613E-01  6.3552204E+00 -1.8448874E-04  6.7503969E-06  1.0708791E-09 -9.3242610E-12 -1.8927785E+04 -5.1078758E-01
SIH2CL2            3 Cl H  Si  2  2  1         0.007451
  6.9092871E+00  4.2661077E-03 -4.6427789E-07 -1.6038498E-10  2.4296329E-14 -4.0279655E+04 -5.4677521E+00  6.6726378E+00  1.5666507E-02 -1.8876351E-05 -1.0383559E-08  2.2143121E-11 -4.1263116E+04 -7.9346803E+00
(KCL)2             2 Cl K   2  2               0.002991
  7.9717647E+00  2.6157770E-03 -1.0118369E-06  1.1351217E-10  1.4831395E-15 -7.6251603E+04 -2.7568401E+00  7.8000035E+00  8.5024707E-03 -8.1613442E-06 -7.1536470E-09  1.0552830E-11 -7.6886164E+04 -4.0483070E+00
MGCL2              2 Cl Mg  2  1               0.000866
  6.0107735E+00  1.7992246E-03 -7.0336548E-07  1.0075739E-10 -3.8683271E-15 -4.8763902E+04 -9.0155361E-01  5.9027672E+00  4.5596288E-03 -2.9140753E-06 -3.1645579E-09  3.2418623E-12 -4.9148238E+04 -1.5489962E+00
(NACL)2            2 Cl Na  2  2               0.005184
  7.4639640E+00  2.9248150E-03 -9.5970773E-07  6.6372999E-11  6.6856090E-15 -6.9739673E+04 -2.9522767E+00  7.2141840E+00  1.2959338E-02 -1.5185462E-05 -1.1230133E-08  1.9366177E-11 -7.0667887E+04 -5.0745274E+00
CLOCL              2 Cl O   2  1               0.000326
  5.7838831E+00  1.5174572E-03 -7.4587867E-07  1.7615019E-10 -1.6294218E-14  8.0084715E+03 -6.6026121E-01  5.7467893E+00  1.9915846E-03 -3.1486725E-07 -3.8987784E-10 -5.1531109E-13  7.8897365E+03 -7.9680119E-01
CLCLO              2 Cl O   2  1               0.001075
  5.9063504E+00  1.5670906E-03 -9.2197945E-07  2.4947849E-10 -2.4637854E-14  8.9625647E+03 -6.5545414E-01  5.9004950E+00  7.5202216E-04  1.3430140E-06  1.3499082E-09 -3.3226602E-12  8.9724504E+03 -5.0860112E-01
TIOCL2             3 Cl O  Ti  2  1  1         0.006676
  7.6858400E+00  2.6531897E-03 -1.1534309E-06  2.5090005E-10 -2.2969361E-14 -6.7661063E+04 -2.8947618E+00  7.4955645E+00  1.3525607E-02 -1.8749945E-05 -1.1842684E-08  2.3465849E-11 -6.8456666E+04 -5.2336519E+00
CLO2CL             2 Cl O   2  2               0.007863
  6.8851791E+00  3.0514997E-03 -8.4095316E-07  4.7877664E-11  4.1503671E-15  1.4368854E+04 -3.0357197E+00  6.6617473E+00  1.5058802E-02 -2.0766636E-05 -1.1489093E-08  2.4745153E-11  1.3424761E+04 -5.6142870E+00
CLOCLO             2 Cl O   2  2               0.007892
  7.0272026E+00  2.9081960E-03 -7.9499593E-07  4.1302006E-11  4.6401092E-15  1.9559890E+04 -2.7773900E+00  6.7847063E+00  1.4769239E-02 -1.9764407E-05 -1.3360654E-08  2.5909655E-11  1.8628907E+04 -5.2191749E+00
SO2CL2             3 Cl O  S   2  2  1         0.011980
  7.5705540E+00  4.3952677E-03 -5.9582181E-07 -1.7584245E-10  3.1624273E-14 -4.4116940E+04 -5.4172879E+00  7.1840471E+00  2.5213749E-02 -3.4746107E-05 -1.9742879E-08  4.1674918E-11 -4.5800882E+04 -9.9801226E+00
SCL2               2 Cl S   2  1               0.002563
  5.9944327E+00  1.3451872E-03 -7.3707439E-07  1.9471921E-10 -1.9417855E-14 -3.8702746E+03 -5.3522944E-01  5.9335053E+00  1.2473726E-03  2.0301477E-06  2.0682222E-10 -3.9095454E-12 -4.0048759E+03 -5.2967225E-01
SICL2              2 Cl Si  2  1               0.002383
  5.9727937E+00  1.4615612E-03 -8.3317394E-07  2.2014437E-10 -2.1283291E-14 -2.2039472E+04 -4.7794496E-01  5.9187107E+00  4.1743519E-03 -5.4085396E-06 -1.8684516E-09  5.0770798E-12 -2.2231826E+04 -1.0250975E+00
TICL2              2 Cl Ti  2  1               0.000888
  6.4288031E+00  1.5117752E-03 -8.1679620E-07  2.5852050E-10 -2.8505008E-14 -3.0444363E+04 -9.9454224E-01  6.3659065E+00  4.3283874E-03 -5.9565289E-06  2.7401739E-09  0.0000000E+00 -3.0692291E+04 -1.6311627E+00
FECL3              2 Cl Fe  3  1               0.001799
  7.7873850E+00  2.4487323E-03 -8.9129502E-07  1.3425051E-10 -7.8502920E-15 -3.2242351E+04 -2.5681004E+00  7.5458690E+00  8.3063989E-03 -3.8032700E-06 -9.6772978E-09  7.3583478E-12 -3.3058675E+04 -3.9510563E+00
SIHCL3             3 Cl H  Si  3  1  1         0.010074
  7.5823714E+00  4.2683329E-03 -6.1231726E-07 -1.4616985E-10  2.7311792E-14 -6.1252482E+04 -5.3474602E+00  7.1108150E+00  2.0535994E-02 -2.4391039E-05 -1.9661097E-08  3.4161718E-11 -6.2636228E+04 -8.1908735E+00
SICL3              2 Cl Si  3  1               0.006366
  7.2943565E+00  2.7799504E-03 -8.4823018E-07  7.6505620E-11  3.0087960E-16 -4.8642030E+04 -3.0853651E+00  7.0126838E+00  1.3227772E-02 -1.6208494E-05 -1.1420615E-08  2.0759562E-11 -4.9549395E+04 -5.0691230E+00
TICL3              2 Cl Ti  3  1               0.005327
  7.6916935E+00  2.7569668E-03 -9.2163427E-07  1.2627649E-10 -7.4115845E-15 -6.6682842E+04 -3.0930402E+00  7.4093954E+00  1.3896706E-02 -1.5786655E-05 -1.3848725E-08  2.1841307E-11 -6.7728332E+04 -5.4879012E+00
FE2CL4             2 Cl Fe  4  2               0.004685
  1.1175701E+01  5.1058731E-03 -1.3848148E-06  8.1117332E-11  6.2344671E-15 -5.3953958E+04 -6.6350519E+00  1.0601655E+01  2.4159226E-02 -2.2522749E-05 -2.5157581E-08  3.2372201E-11 -5.5942030E+04 -1.0746338E+01
MG2CL4             2 Cl Mg  4  2               0.013094
  1.0480274E+01  5.6773949E-03 -1.3810422E-06 -7.4462865E-11  3.5322150E-14 -1.1647800E+05 -7.9853344E+00  9.8867838E+00  3.0810113E-02 -3.9905497E-05 -2.1833246E-08  4.4717795E-11 -1.1875094E+05 -1.3310540E+01
SICL4              2 Cl Si  4  1               0.013001
  8.1343963E+00  4.3661607E-03 -7.3134678E-07 -1.5988480E-10  3.4347415E-14 -8.0985372E+04 -5.5505830E+00  7.6027857E+00  2.5640483E-02 -3.0242095E-05 -2.9440018E-08  4.6870812E-11 -8.2917360E+04 -9.9548787E+00
TICL4              2 Cl Ti  4  1               0.008913
  8.9229434E+00  3.9795137E-03 -1.0375601E-06  3.5896223E-11  8.4711928E-15 -9.3521080E+04 -4.9728287E+00  8.4792274E+00  2.2011452E-02 -2.6610354E-05 -1.9117275E-08  3.3391312E-11 -9.5209447E+04 -8.8613750E+00
(FECL3)2           2 Cl Fe  6  2               0.016134
  1.3841735E+01  7.8741802E-03 -1.6856233E-06 -1.4967915E-10  4.8248524E-14 -8.0360034E+04 -1.1586483E+01  1.2819391E+01  4.7640146E-02 -5.4091930E-05 -4.8476230E-08  7.4795494E-11 -8.4185185E+04 -2.0219135E+01
FE(OH)2            3 Fe H  O   1  2  2         0.012352
  7.0069046E+00  4.4375637E-03 -3.7483079E-07 -2.4274669E-10  3.6434835E-14 -4.1107714E+04 -5.7024415E+00  6.6192470E+00  2.6203752E-02 -3.5612428E-05 -2.5074347E-08  4.7833932E-11 -4.2749593E+04 -1.0378024E+01
FES                2 Fe S   1  1               0.007292
  4.9350088E+00  2.8895334E-04 -7.9529970E-07  3.6785689E-10 -4.5085092E-14  4.2703885E+04  1.4622847E+00  5.0206739E+00 -4.8274328E-03  9.9449938E-06  3.2698794E-09 -1.2235795E-11  4.3155016E+04  2.5387566E+00
KOH                3 H  K  O   1  1  1         0.004230
  5.1333697E+00  1.9988710E-03 -7.1125545E-07  1.1166274E-10 -5.9255906E-15 -2.9456084E+04 -1.1237640E+00  5.0878738E+00  6.9482968E-03 -9.7331489E-06 -6.7563822E-09  1.3690462E-11 -2.9728536E+04 -2.2092887E+00
MGOH               3 H  Mg O   1  1  1         0.003967
  4.8923293E+00  2.1090302E-03 -7.1732043E-07  1.1832320E-10 -8.0716285E-15 -2.1299290E+04 -1.1516548E+00  4.8556741E+00  6.9026613E-03 -1.0357368E-05 -4.2988002E-09  1.1778765E-11 -2.1531238E+04 -2.1770639E+00
HNO                3 H  N  O   1  1  1         0.001323
  4.5983791E+00  1.7749334E-03 -6.6932769E-07  1.7171444E-10 -1.9483070E-14  1.0181073E+04 -8.2586134E-01  4.6906850E+00 -7.4714139E-04  2.0975519E-06  2.7511348E-09 -3.5839570E-12  1.0513637E+04 -2.7685440E-01
HONO               3 H  N  O   1  1  2         0.004690
  5.5976974E+00  2.8332926E-03 -3.9276878E-07 -4.7330596E-11  8.0052183E-15 -1.1212308E+04 -2.7830559E+00  5.5697938E+00  1.0421721E-02 -2.3198840E-05  1.7249161E-08  0.0000000E+00 -1.1580901E+04 -4.4194409E+00
HNO2               3 H  N  O   1  1  2         0.005534
  5.5929904E+00  2.8286416E-03 -3.8250795E-07 -4.8206399E-11  7.7127281E-15 -1.0991283E+04 -2.8010205E+00  5.5312863E+00  8.8142791E-03 -1.1871954E-05 -7.3726796E-09  1.6334064E-11 -1.1310829E+04 -4.0376355E+00
HNO3               3 H  N  O   1  1  3         0.011226
  6.3592690E+00  4.2345828E-03 -2.6350708E-07 -2.2795866E-10  3.0848053E-14 -1.7919965E+04 -5.1591565E+00  6.1488144E+00  1.8036918E-02 -2.5074010E-05 -1.6496186E-08  3.4720131E-11 -1.8800080E+04 -7.9356723E+00
NAOH               3 H  Na O   1  1  1         0.004988
  5.0125088E+00  2.0781357E-03 -7.1799212E-07  1.1027972E-10 -6.0735570E-15 -2.5181085E+04 -1.3207367E+00  4.9417208E+00  8.5016705E-03 -1.2910831E-05 -6.3952582E-09  1.5549307E-11 -2.5539235E+04 -2.6740500E+00
HO2                2 H  O   1  2               0.001784
  4.7306810E+00  1.6095635E-03 -6.1747591E-07  1.8595784E-10 -2.2394941E-14 -1.6102044E+03 -5.7053763E-01  4.8319952E+00 -3.1983108E-17 -1.2262563E-06  4.1491941E-09 -1.8303203E-12 -1.2518012E+03 -1.4541205E-01
(KOH)2             3 H  K  O   2  2  2         0.012049
  8.0686600E+00  5.1187437E-03 -4.0187412E-07 -2.9208195E-10  4.6067334E-14 -8.0709966E+04 -6.9955776E+00  7.7929377E+00  2.1789238E-02 -3.0332134E-05 -1.5128941E-08  3.6156409E-11 -8.1912956E+04 -1.0479229E+01
MG(OH)2            3 H  Mg O   2  1  2         0.014015
  6.5770564E+00  4.2557260E-03 -4.0585226E-07 -2.2525773E-10  3.7477652E-14 -7.0160290E+04 -5.2074422E+00  6.2851213E+00  2.4201901E-02 -3.5840898E-05 -1.9921977E-08  4.4889221E-11 -7.1572767E+04 -9.5565386E+00
NH2                2 H  N   2  1               0.002905
  4.0492097E+00  1.5954888E-03 -4.3906477E-07  1.2612462E-10 -1.5268148E-14  2.1315063E+04 -6.3843928E-01  4.1447119E+00 -3.0905088E-03  7.0593723E-06  4.9885131E-09 -9.7769830E-12  2.1719351E+04  3.7576846E-01
N2H2               2 H  N   2  2               0.002073
  4.8475186E+00  2.8465117E-03 -3.1345450E-07 -3.2962620E-11  2.2911831E-15  2.3747476E+04 -2.8359871E+00  4.8996699E+00 -9.1888851E-04  7.3208201E-06  3.3636438E-10 -5.6879164E-12  2.4003795E+04 -2.0247401E+00
(NAOH)2            3 H  Na O   2  2  2         0.013638
  7.7176175E+00  5.1908500E-03 -2.2501260E-07 -3.6675688E-10  5.3440886E-14 -7.4793023E+04 -7.2812307E+00  7.4045689E+00  2.4857911E-02 -3.5637817E-05 -1.6971339E-08  4.1672772E-11 -7.6223614E+04 -1.1483896E+01
H2O                2 H  O   2  1               0.001281
  3.9395065E+00  1.5612562E-03 -4.2870342E-07  1.2046145E-10 -1.5178326E-14 -3.0596217E+04 -6.3158963E-01  4.0273309E+00 -1.0815532E-03  2.4163034E-06  3.7227112E-09 -4.6962288E-12 -3.0272841E+04 -4.7293460E-02
H2SO4              3 H  O  S   2  4  1         0.023490
  8.0654146E+00  6.8766104E-03 -4.9164899E-08 -5.7978050E-10  7.8555898E-14 -8.9814326E+04 -1.0095081E+01  7.4950422E+00  4.1208084E-02 -5.9449979E-05 -3.6733954E-08  7.7677697E-11 -9.2266515E+04 -1.7298478E+01
H2S                2 H  S   2  1               0.003532
  4.2983265E+00  1.7765468E-03 -5.9199345E-07  1.7196586E-10 -2.1907413E-14 -4.1516539E+03 -8.5122597E-01  4.3745205E+00 -1.9399196E-03  5.8119938E-06  3.3808902E-09 -7.9402650E-12 -3.7982817E+03 -3.0952428E-02
NH3                2 H  N   3  1               0.002869
  4.2863461E+00  2.8572614E-03 -2.7632571E-07 -2.3101714E-11 -9.7204725E-17 -7.2152496E+03 -2.6603905E+00  4.3606619E+00 -1.7571431E-03  7.5824376E-06  4.8093020E-09 -1.0196184E-11 -6.8790509E+03 -1.6602966E+00
N2H4               2 H  N   4  2               0.003695
  5.9877459E+00  5.1968535E-03  5.4356530E-08 -3.6395280E-10  4.2066021E-14  9.6623276E+03 -6.8866172E+00  5.8557422E+00  1.0661338E-02 -8.2692670E-06 -5.3777568E-09  1.0256909E-11  9.0987842E+03 -8.1050543E+00
SIH4               2 H  Si  4  1               0.007634
  5.0473837E+00  4.5195676E-03  6.9519091E-08 -3.3560694E-10  3.7515230E-14  2.6685366E+03 -5.3808645E+00  4.8893132E+00  1.4369516E-02 -1.7820978E-05 -8.9293008E-09  2.1624225E-11  1.9328955E+03 -7.4845761E+00
K2SO4              3 K  O  S   2  4  1         0.030316
  9.7170145E+00  7.4633388E-03 -6.0064274E-07 -5.4617346E-10  8.9294908E-14 -1.3291497E+05 -1.0456349E+01  8.9780349E+00  5.2831162E-02 -7.9976922E-05 -4.4361536E-08  9.9029834E-11 -1.3618449E+05 -2.0094736E+01
MGN                2 Mg N   1  1               0.002561
  4.4630733E+00  8.8772249E-04 -8.8415162E-07  2.9091876E-10 -2.9656768E-14  3.3007219E+04  7.7712240E-01  4.5671597E+00 -2.9948836E-03  4.5990071E-06  4.6352399E-09 -7.6795159E-12  3.3426082E+04  1.6267416E+00
NO2                2 N  O   1  2               0.002884
  5.0157547E+00  1.7556690E-03 -6.7595427E-07  1.5672330E-10 -1.6649373E-14  2.1454214E+03 -7.6618719E-01  5.0671641E+00  2.8803171E-03 -5.0292236E-06 -7.7927483E-10  5.3837068E-12  2.2723708E+03 -9.7179929E-01
NO3                2 N  O   1  3               0.011227
  5.8075297E+00  3.1358297E-03 -3.0113694E-07 -1.5679017E-10  2.3766881E-14  7.0216377E+03 -3.2822895E+00  5.6476484E+00  1.7229389E-02 -2.6966499E-05 -1.3456529E-08  3.3187786E-11  6.1270764E+03 -6.3796604E+00
SI2N               2 N  Si  1  2               0.011761
  5.6004385E+00  1.9877009E-03 -7.1583538E-07  1.1708254E-10 -8.4231893E-15  4.6274335E+04 -1.2858654E+00  5.4924341E+00  1.4992146E-02 -2.7339730E-05 -1.1134231E-08  3.1996315E-11  4.5638901E+04 -4.0066948E+00
N2O                2 N  O   2  1               0.002923
  4.7401352E+00  2.2403699E-03 -6.2898000E-07  8.2006729E-11 -5.9038453E-15  8.3087802E+03 -1.3745516E+00  4.7229489E+00  5.3395464E-03 -7.0625996E-06 -3.1455473E-09  8.3402501E-12  8.1824192E+03 -2.0240870E+00
N2O3               2 N  O   2  3               0.011835
  7.2999244E+00  3.9321677E-03 -5.6120925E-07 -1.1429006E-10  2.0782111E-14  8.0049907E+03 -5.1372320E+00  7.1185651E+00  1.9021211E-02 -2.9208953E-05 -1.3913505E-08  3.5101654E-11  7.0632374E+03 -8.3762634E+00
N2O4               2 N  O   2  4               0.021094
  7.7892853E+00  5.8401150E-03 -2.6450168E-07 -4.3784086E-10  6.3278319E-14 -4.7476376E+02 -8.0299159E+00  7.3553347E+00  3.4516575E-02 -5.1715413E-05 -2.8886418E-08  6.5494463E-11 -2.4569900E+03 -1.4102045E+01
N2O5               2 N  O   2  5               0.031396
  9.1330245E+00  6.9848859E-03 -4.9007812E-07 -5.1624927E-10  8.0868564E-14 -1.6805534E+01 -9.8514557E+00  8.3583064E+00  5.1056476E-02 -7.8665374E-05 -4.4532317E-08  9.9750994E-11 -3.0245381E+03 -1.8588958E+01
N3                 1 N   3                     0.001700
  4.9061252E+00  2.2281189E-03 -6.1205343E-07  6.0230700E-11 -2.0659326E-15  4.8265448E+04 -1.4383822E+00  4.8678374E+00  4.7673390E-03 -4.9635077E-06 -3.0190006E-09  6.0959575E-12  4.8103285E+04 -1.9662517E+00
NA2SO4             3 Na O  S   2  4  1         0.031269
  9.3941166E+00  7.6163346E-03 -5.5438301E-07 -5.6961796E-10  9.0800396E-14 -1.2548805E+05 -1.0889520E+01  8.6428209E+00  5.5269504E-02 -8.5259878E-05 -4.2862690E-08  1.0134006E-10 -1.2890331E+05 -2.1097361E+01
S2O                2 O  S   1  2               0.004513
  5.6241327E+00  1.5837504E-03 -5.1025628E-07  1.5884625E-10 -2.4277307E-14 -8.8613128E+03 -8.6559738E-01  5.7305949E+00 -2.9026005E-03  6.6315615E-06  4.5131315E-09 -9.5040777E-12 -8.3788493E+03  1.4883401E-01
SO2                2 O  S   2  1               0.002310
  5.2132221E+00  1.7705445E-03 -6.2384706E-07  1.7163199E-10 -2.4093555E-14 -3.7664436E+04 -8.6183216E-01  5.3393760E+00 -1.7224200E-03  3.2816601E-06  3.8529267E-09 -5.3807198E-12 -3.7184091E+04 -7.2396614E-02
SIO2               2 O  Si  2  1               0.011331
  5.0058634E+00  2.2067124E-03 -5.9667499E-07  5.8643155E-11 -2.6585106E-15 -3.8131044E+04 -1.3681110E+00  4.8947805E+00  1.4692853E-02 -2.6058469E-05 -1.1180909E-08  3.1132008E-11 -3.8743224E+04 -3.9395811E+00
TIO2               2 O  Ti  2  1               0.006714
  5.8116154E+00  1.3312460E-03 -7.6578024E-07  2.4760849E-10 -2.9080627E-14 -3.8707785E+04 -1.4705218E-01  5.7847950E+00  8.2668150E-03 -1.5761269E-05 -6.2815486E-09  1.8418565E-11 -3.8905868E+04 -1.5323941E+00
O3                 1 O   3                     0.006837
  5.1008471E+00  1.9840719E-03 -7.6849249E-07  1.6423835E-10 -1.5716447E-14  1.5468345E+04 -1.1460720E+00  5.0867993E+00  8.3676925E-03 -1.5029358E-05 -6.0584178E-09  1.8072422E-11  1.5279767E+04 -2.4506756E+00
SO3                2 O  S   3  1               0.004894
  5.8732575E+00  4.4245962E-03 -4.6206485E-07 -4.5749677E-10  3.5058849E-14 -4.9913369E+04 -4.5014995E+00  6.0331646E+00 -2.7672312E-03  4.9472165E-06  2.4439856E-08 -2.7128518E-11 -4.9290588E+04 -2.8477566E+00
S3                 1 S   3                     0.001143
  5.7315392E+00  1.4754140E-03 -5.7356483E-07  1.8145609E-10 -2.1162912E-14  1.5286503E+04 -6.0611388E-01  5.6205557E+00  6.0599480E-03 -5.8089773E-06 -9.3189233E-09  1.1288290E-11  1.5029959E+04 -1.4008604E+00
S4                 1 S   4                     0.005252
  7.1650547E+00  2.5482287E-03 -4.6475689E-07  4.3829582E-12  3.1519779E-15  1.5910568E+04 -3.1686762E+00  6.8642328E+00  1.8306873E-02 -2.4130523E-05 -1.9685874E-08  3.3251415E-11  1.4749130E+04 -6.5062568E+00
S5                 1 S   5                     0.014810
  7.8196913E+00  5.0276135E-03 -1.2526801E-06  3.7147244E-11  1.0546771E-14  1.2025183E+04 -6.4341277E+00  7.2079035E+00  3.7955455E-02 -5.3191749E-05 -3.8561897E-08  7.0700269E-11  9.6234558E+03 -1.3338632E+01
S6                 1 S   6                     0.021426
  9.1932392E+00  5.7577265E-03 -7.0259101E-07 -2.9498918E-10  5.1796178E-14  1.1403505E+04 -7.7993296E+00  8.3453546E+00  5.0823264E-02 -7.0102852E-05 -5.6875873E-08  9.9556360E-11  7.9507224E+03 -1.7456214E+01
S7                 1 S   7                     0.026442
  1.0765266E+01  7.1845588E-03 -1.0005620E-06 -2.9522263E-10  5.6219658E-14  1.2673295E+04 -1.0030259E+01  9.7948940E+00  5.9038663E-02 -7.3169322E-05 -8.8701293E-08  1.3177667E-10  8.6116464E+03 -2.1461570E+01
S8                 1 S   8                     0.044261
  1.1795269E+01  8.6767040E-03 -1.0058916E-06 -4.9451982E-10  8.6008254E-14  1.1471904E+04 -1.2286892E+01  1.0591779E+01  6.1665977E-02  2.9549994E-19 -3.0821323E-07  2.9159095E-10  6.3109167E+03 -2.5910531E+01
SI3                1 Si  3                     0.016983
  5.8426348E+00  1.7448626E-03 -6.0910049E-07  1.1123465E-10 -8.2075023E-15  7.5028385E+04 -9.5332840E-01  5.6323212E+00  2.0132363E-02 -3.7689868E-05 -1.7551491E-08  4.6685509E-11  7.4164270E+04 -4.4455815E+00
AL+                2 Al el  1 -1               0.000994
  2.8269238E+00  3.4302640E-06 -2.8603046E-07  1.2565686E-10 -1.4438038E-14  1.0877301E+05  1.6003157E+00  2.8935292E+00 -1.4996921E-03  5.2391867E-07  3.0456545E-09 -2.6228835E-12  1.0900588E+05  1.9424144E+00
AL-                2 Al el  1  1               0.002266
  3.1712896E+00  2.5887211E-05 -4.2313968E-07  1.9076045E-10 -2.3067344E-14  3.2476940E+04  1.4907129E+00  3.2949201E+00 -4.4782363E-03  5.6076409E-06  5.1849054E-09 -8.2039416E-12  3.2957683E+04  2.4786916E+00
ALCL+              3 Al Cl el  1  1 -1         0.002978
  4.6011135E+00  7.3434010E-04 -9.0390098E-07  3.4403169E-10 -3.7485128E-14  1.0195552E+05  9.2724604E-01  4.7104927E+00 -3.9181654E-03  6.0769070E-06  5.9389828E-09 -1.0059055E-11  1.0239946E+05  1.9199776E+00
ALCL2+             3 Al Cl el  1  2 -1         0.002462
  5.8689746E+00  1.8159596E-03 -6.5832289E-07  9.1786416E-11 -4.1381533E-15  5.6408723E+04 -1.1459680E+00  5.7536740E+00  6.4620441E-03 -7.3699257E-06 -3.6011097E-09  7.3915963E-12  5.5941002E+04 -2.1975859E+00
ALCL2-             3 Al Cl el  1  2  1         0.000362
  6.0735015E+00  1.3460512E-03 -7.5158803E-07  1.8775912E-10 -1.6979002E-14 -5.9613896E+04 -4.6452257E-01  6.0331747E+00  1.8637743E-03 -3.5591091E-07 -3.9432534E-10 -4.8079136E-13 -5.9740914E+04 -6.0656029E-01
ALOH+              4 Al H  O  el  1  1  1 -1   0.002278
  4.8235276E+00  1.8721454E-03 -6.5128455E-07  1.5910906E-10 -1.8145628E-14  6.3609143E+04 -1.1968230E+00  4.8929420E+00  1.5099708E-03 -2.1475809E-06  0.0000000E+00  2.6197494E-12  6.3837333E+04 -1.0674423E+00
ALOH-              4 Al H  O  el  1  1  1  1   0.002235
  4.9773940E+00  1.4963780E-03 -6.8260028E-07  1.9798406E-10 -2.2349027E-14 -2.9518372E+04 -5.6332968E-01  5.0565258E+00  8.4714213E-04 -2.0410979E-06  7.1557671E-10  2.0250831E-12 -2.9245487E+04 -3.5310764E-01
ALO+               3 Al O  el  1  1 -1         0.002778
  4.5745903E+00  9.4106235E-04 -9.8797820E-07  3.4383688E-10 -3.7159100E-14  1.1769857E+05  8.1733656E-01  4.6723947E+00  1.8996714E-04 -2.6274948E-06  9.4112155E-10  2.3094133E-12  1.1804227E+05  1.0637227E+00
ALO-               3 Al O  el  1  1  1         0.002915
  4.2329976E+00  8.6307723E-04 -7.6407818E-07  2.5662586E-10 -2.7452528E-14 -3.3938548E+04  7.6038090E-01  4.3075063E+00  1.2536841E-03 -3.9959423E-06 -2.8527719E-10  4.3220128E-12 -3.3725976E+04  7.0317718E-01
ALO2-              3 Al O  el  1  2  1         0.010099
  5.2230586E+00  2.1903368E-03 -6.2233418E-07  4.9141064E-11  6.5129814E-16 -6.0183574E+04 -1.7029258E+00  5.1034346E+00  1.4100966E-02 -2.3982757E-05 -1.1224095E-08  2.9087892E-11 -6.0838141E+04 -4.2237583E+00
AL2O+              3 Al O  el  2  1 -1         0.010018
  5.6794504E+00  1.9890986E-03 -6.9900485E-07  9.1355545E-11 -3.5553690E-15  7.7050041E+04 -1.1068594E+00  5.5552938E+00  1.3618861E-02 -2.3548678E-05 -1.1106334E-08  2.8707835E-11  7.6427936E+04 -3.5007244E+00
AL2O2+             3 Al O  el  2  2 -1         0.017264
  6.7741299E+00  3.0732524E-03 -6.5515256E-07 -5.6759490E-11  1.8346698E-14  6.6925695E+04 -3.3660181E+00  6.5044302E+00  2.4998067E-02 -4.1164704E-05 -2.2806497E-08  5.2675879E-11  6.5541977E+04 -8.0967905E+00
C+                 2 C  el  1 -1               0.002120
  2.9218488E+00 -1.4599815E-05 -3.6543246E-07  1.6643040E-10 -1.9602575E-14  2.1652300E+05  1.5641196E+00  3.0011569E+00 -3.3300648E-03  4.5080232E-06  4.1334432E-09 -7.0157376E-12  2.1684050E+05  2.2760634E+00
C-                 2 C  el  1  1               0.001951
  2.8650353E+00 -4.6849488E-05 -2.8294420E-07  1.5536592E-10 -1.8390744E-14  6.9681697E+04  1.5395852E+00  2.9372475E+00 -3.2627503E-03  4.9550962E-06  2.5328710E-09 -5.7316870E-12  6.9982600E+04  2.2347648E+00
HCO+               4 C  H  O  el  1  1  1 -1   0.001861
  4.3736999E+00  2.1186240E-03 -5.9588278E-07  1.1181102E-10 -1.2001821E-14  9.8677420E+04 -1.3371128E+00  4.4010412E+00  3.6120331E-03 -5.5805329E-06  1.9556836E-09  2.4749968E-12  9.8689088E+04 -1.6808051E+00
CO2-               3 C  O  el  1  2  1         0.002922
  5.0224274E+00  1.6733401E-03 -6.3646172E-07  1.5748490E-10 -1.7974122E-14 -5.4933713E+04 -7.2515151E-01  5.0754400E+00  2.7534476E-03 -5.0149292E-06 -4.6904114E-10  5.1314821E-12 -5.4805022E+04 -9.2530527E-01
CA+                2 Ca el  1 -1               0.003495
  3.0239310E+00  7.3987837E-06 -4.5753905E-07  1.9958307E-10 -1.9813486E-14  9.1857775E+04  1.5663548E+00  3.1457597E+00 -5.9591546E-03  9.2330428E-06  6.2856402E-09 -1.2447470E-11  9.2333984E+04  2.8032006E+00
CAOH+              4 Ca H  O  el  1  1  1 -1   0.003052
  5.0038792E+00  2.0828044E-03 -7.2033248E-07  1.0662441E-10 -4.9953873E-15  4.2882765E+04 -1.3434714E+00  4.9758227E+00  5.2947483E-03 -7.1591647E-06 -3.3950706E-09  8.6097874E-12  4.2716654E+04 -2.0141947E+00
CL+                2 Cl el  1 -1               0.003495
  3.1791133E+00 -5.4120171E-05 -4.2233621E-07  1.8571057E-10 -2.0642070E-14  1.6471019E+05  1.7557733E+00  3.2564673E+00 -4.5343483E-03  7.3759258E-06  6.3225889E-09 -1.1965035E-11  1.6500621E+05  2.6188749E+00
MGCL+              3 Cl Mg el  1  1 -1         0.005540
  4.5815787E+00  9.9597430E-04 -9.8023659E-07  3.8808532E-10 -4.1725937E-14  7.6682428E+04  4.6803142E-01  4.7336634E+00 -6.8912446E-03  1.2302879E-05  8.7824027E-09 -1.7691246E-11  7.7325733E+04  2.1216397E+00
SCL+               3 Cl S  el  1  1 -1         0.005491
  4.7031033E+00  5.3516868E-04 -7.8176668E-07  3.2097401E-10 -3.7304498E-14  1.2596796E+05  9.2841251E-01  4.8043441E+00 -5.2892070E-03  9.8610556E-06  6.1826361E-09 -1.4054321E-11  1.2642401E+05  2.1336844E+00
CL-                2 Cl el  1  1               0.003970
  2.8886894E+00 -3.5728037E-05 -3.1331595E-07  1.4550293E-10 -1.7234697E-14 -2.9216986E+04  1.6317865E+00  2.9657032E+00 -5.5193236E-03  1.0053776E-05  5.0970891E-09 -1.2628310E-11 -2.8864005E+04  2.7593694E+00
SCL2+              3 Cl S  el  2  1 -1         0.002778
  6.0597835E+00  1.2635255E-03 -7.1574583E-07  1.9642488E-10 -1.9829772E-14  1.0663940E+05 -2.3400071E-01  6.0115780E+00  8.2444676E-04  2.6070522E-06  5.1163741E-10 -4.5611769E-12  1.0652648E+05 -1.9666539E-01
FE+                2 Fe el  1 -1               0.004582
  3.4816360E+00  3.1516942E-05 -5.2685663E-07  2.3629195E-10 -2.7958199E-14  1.4084508E+05  1.7352330E+00  3.5400930E+00 -2.5595058E-03  5.1698356E-06  2.6845787E-09 -7.9032081E-12  1.4103948E+05  2.1174452E+00
FE-                2 Fe el  1  1               0.004512
  3.4277006E+00 -1.1433135E-04 -5.5910910E-07  2.5699400E-10 -3.0245207E-14  4.6112787E+04  1.9089287E+00  3.4557582E+00 -2.6574613E-03  5.3135606E-06  2.0061482E-09 -7.3767302E-12  4.6327496E+04  2.4694912E+00
H+                 2 H  el  1 -1               0.001598
  2.1558658E+00  2.7941353E-04 -6.5994355E-09 -3.0152098E-11  4.7260474E-15  1.8426293E+05  9.8754811E-01  2.0996834E+00  2.8045921E-03 -4.0185665E-06 -3.0185849E-09  5.6391110E-12  1.8406463E+05  4.9554835E-01
H-                 2 H  el  1  1               0.001535
  2.1550309E+00  2.8480456E-04 -1.1063205E-08 -2.9019689E-11  4.6406109E-15  1.6206144E+04  9.9048496E-01  2.1079028E+00  2.7934238E-03 -4.2439513E-06 -2.3653986E-09  5.1815168E-12  1.6008037E+04  4.5881448E-01
KOH+               4 H  K  O  el  1  1  1 -1   0.003420
  5.3628783E+00  1.8404505E-03 -7.3139424E-07  1.3861736E-10 -9.6665898E-15  5.8279706E+04 -8.2118221E-01  5.3356975E+00  5.6196727E-03 -8.3520915E-06 -3.9289875E-09  1.0001325E-11  5.8113272E+04 -1.6069464E+00
MGOH+              4 H  Mg O  el  1  1  1 -1   0.004427
  4.8160229E+00  2.1549877E-03 -6.9307513E-07  1.0092787E-10 -5.7921479E-15  6.8872514E+04 -1.3348812E+00  4.7599615E+00  7.5745244E-03 -1.0890077E-05 -6.3039548E-09  1.4084430E-11  6.8586632E+04 -2.4689453E+00
NAOH+              4 H  Na O  el  1  1  1 -1   0.004195
  5.2542247E+00  1.8767384E-03 -6.9649931E-07  1.2406004E-10 -8.5165675E-15  7.9999451E+04 -1.0487821E+00  5.2059333E+00  6.9424016E-03 -1.0459512E-05 -5.5714368E-09  1.3125452E-11  7.9746233E+04 -2.1029397E+00
H3O+               3 H  O  el  3  1 -1         0.000896
  4.2487155E+00  2.6361818E-03 -2.8565165E-07  2.9845169E-12 -3.2065432E-15  6.8250879E+04 -2.3971408E+00  4.3211231E+00  1.1687079E-04  2.8622353E-06  3.0494196E-09 -4.4980291E-12  6.8511706E+04 -1.8590873E+00
HE+                2 He el  1 -1               0.004147
  2.7920898E+00  1.5881883E-03 -2.0053169E-06  7.0036419E-10 -7.3944978E-14  2.8465085E+05 -1.3050303E+00  2.9616284E+00 -3.0343721E-03  3.0829411E-06  6.9645261E-09 -8.8304293E-12  2.8530157E+05 -2.8089947E-01
K+                 2 K  el  1 -1               0.002870
  2.9441078E+00  2.3297221E-05 -3.6321098E-07  1.4537181E-10 -1.5186623E-14  6.0666258E+04  1.3481055E+00  3.0418576E+00 -4.8321730E-03  7.5862017E-06  4.7511129E-09 -9.8479012E-12  6.1073254E+04  2.3864030E+00
K-                 2 K  el  1  1               0.002713
  2.9113764E+00  4.6120814E-05 -3.5964800E-07  1.4099457E-10 -1.4567454E-14  3.0046512E+03  1.5523222E+00  3.0052325E+00 -4.5801143E-03  7.2881453E-06  4.2654303E-09 -9.1664882E-12  3.3916444E+03  2.5354460E+00
KO-                3 K  O  el  1  1  1         0.001345
  4.5477041E+00  9.2209482E-04 -9.0045772E-07  2.9355115E-10 -2.9206452E-14 -1.8279968E+04  6.0567442E-01  4.6352774E+00 -8.0572527E-04 -1.5652452E-07  3.1494539E-09 -2.3152449E-12 -1.7962527E+04  1.0207029E+00
MG+                2 Mg el  1 -1               0.002325
  2.9023039E+00 -3.2132564E-05 -2.7696073E-07  1.1718964E-10 -1.2693119E-14  1.0606632E+05  1.6425272E+00  2.9855219E+00 -3.9022214E-03  6.0938701E-06  3.3218100E-09 -7.3716884E-12  1.0640659E+05  2.4636238E+00
N+                 2 N  el  1 -1               0.003088
  3.0090742E+00  2.1381933E-04 -6.7005138E-07  2.6884958E-10 -2.9609767E-14  2.2513051E+05  1.4664103E+00  3.1175894E+00 -4.0784788E-03  4.3147227E-06  8.9621203E-09 -1.1608542E-11  2.2558409E+05  2.4462242E+00
N-                 2 N  el  1  1               0.002710
  3.0035960E+00 -5.1264279E-05 -3.6793437E-07  1.6524908E-10 -1.8927698E-14  5.5774186E+04  1.6636846E+00  3.0666744E+00 -3.9488158E-03  4.6463227E-06  7.4702916E-09 -1.0398285E-11  5.6168305E+04  2.7063678E+00
NO2-               3 N  O  el  1  2  1         0.004080
  5.0185540E+00  1.8324843E-03 -6.7673494E-07  1.4021183E-10 -1.3485848E-14 -2.6113835E+04 -1.0423404E+00  5.0298574E+00  5.1492248E-03 -8.6120720E-06 -3.3103052E-09  1.0314119E-11 -2.6157948E+04 -1.7170670E+00
N2-                2 N  el  2  1               0.003421
  4.0135247E+00  7.3650455E-04 -6.2558497E-07  2.1918712E-10 -2.4481404E-14  1.6250354E+04  8.4536859E-01  4.1353592E+00 -4.7265011E-03  7.8453933E-06  5.9176369E-09 -1.1126949E-11  1.6753126E+04  2.0257407E+00
N2O+               3 N  O  el  2  1 -1         0.003788
  5.0631732E+00  2.1416667E-03 -6.3266519E-07  7.9730985E-11 -4.7955742E-15  1.5878922E+05 -1.4003972E+00  5.0050858E+00  6.4534283E-03 -8.4746998E-06 -6.2468798E-09  1.2338548E-11  1.5857879E+05 -2.2050734E+00
NA+                2 Na el  1 -1               0.001973
  2.8063355E+00  6.5163174E-05 -3.0354299E-07  1.1809507E-10 -1.2426667E-14  7.2243324E+04  1.4541418E+00  2.8760078E+00 -3.1838320E-03  4.9606018E-06  2.9828713E-09 -6.2959993E-12  7.2535602E+04  2.1558961E+00
NA-                2 Na el  1  1               0.001689
  2.8007108E+00 -2.3250811E-04  3.6804275E-08  8.3008573E-13  3.0802792E-28  4.8361061E+03  1.6701606E+00  2.8482693E+00 -2.9990187E-03  4.7466480E-06  2.6418141E-09 -5.8234103E-12  5.0485057E+03  2.2699076E+00
NAO-               3 Na O  el  1  1  1         0.001619
  4.3814571E+00  8.5301439E-04 -7.1309240E-07  2.2427953E-10 -2.2290786E-14 -1.6127271E+04  6.5349077E-01  4.4368156E+00  6.5824468E-04 -1.9408970E-06  1.2547407E-10  1.8487735E-12 -1.5946413E+04  7.2329535E-01
O+                 2 O  el  1 -1               0.001238
  2.9190778E+00  4.3585598E-06 -3.7701969E-07  1.6777813E-10 -1.9450592E-14  1.8757027E+05  1.5920651E+00  3.0000148E+00 -1.9374330E-03  1.2681546E-06  2.6395424E-09 -2.7097185E-12  1.8786050E+05  2.0281405E+00
O-                 2 O  el  1  1               0.001249
  2.9778394E+00 -4.1446376E-05 -3.6511166E-07  1.6593794E-10 -1.9315069E-14  1.1114908E+04  1.6227091E+00  3.0594605E+00 -2.0493839E-03  1.2885291E-06  3.0398137E-09 -3.1108374E-12  1.1411187E+04  2.0789572E+00
O2-                2 O  el  2  1               0.002655
  4.1781452E+00  7.7040720E-04 -6.2895045E-07  2.1511823E-10 -2.3844619E-14 -7.4010960E+03  6.8511242E-01  4.2518957E+00  9.8269504E-04 -3.5343622E-06 -7.0863108E-11  3.8189560E-12 -7.1800972E+03  6.7957217E-01
S+                 2 S  el  1 -1               0.003507
  3.0630179E+00 -1.6107656E-04 -3.8090983E-07  2.0351036E-10 -2.4751642E-14  1.5304030E+05  1.7996595E+00  3.1786842E+00 -3.7010325E-03  5.0588406E-06  4.7471373E-09 -8.5439324E-12  1.5337539E+05  2.3596093E+00
S-                 2 S  el  1  1               0.002807
  3.1149543E+00 -8.7564070E-05 -4.2953787E-07  2.0393030E-10 -2.4431905E-14  7.2838584E+03  1.7515128E+00  3.1738264E+00 -2.7812603E-03  4.7548084E-06  6.0060475E-10 -4.3430617E-12  7.5665961E+03  2.3500771E+00
SI+                2 Si el  1 -1               0.002559
  3.0865904E+00 -9.0853442E-05 -4.0484836E-07  1.9073196E-10 -2.2573663E-14  1.4830463E+05  1.7638036E+00  3.1597083E+00 -3.0121457E-04 -2.3181538E-06  1.3429239E-10  2.8051132E-12  1.4853943E+05  1.8532687E+00
SI-                2 Si el  1  1               0.001960
  3.0333356E+00 -5.7199356E-05 -3.3646944E-07  2.0703196E-10 -2.6037473E-14  3.5875800E+04  1.6338322E+00  3.1574549E+00 -2.8444764E-03  1.4276353E-06  4.5132094E-09 -3.9112310E-12  3.6317924E+04  2.2759848E+00
TI+                2 Ti el  1 -1               0.002563
  3.8046520E+00 -3.1829702E-04 -6.3030797E-07  3.4763832E-10 -4.3084863E-14  1.3535774E+05  2.2627002E+00  3.9048712E+00 -2.6432386E-03  1.9676638E-06  1.9588226E-09 -2.7905708E-12  1.3574512E+05  2.7881182E+00
TI-                2 Ti el  1  1               0.003938
  3.7297525E+00 -4.8431039E-04 -6.4106643E-07  3.6748154E-10 -4.7457791E-14  5.3607347E+04  2.4176957E+00  3.8865352E+00 -6.0325979E-03  7.5145969E-06  4.7966095E-09 -9.3568714E-12  5.4238827E+04  3.6306290E+00
TIC                2 Ti C   1  1               0.016629
  8.8976577E+00 -1.9139804E-03 -1.3197832E-06  8.9820737E-10 -1.1556208E-13  1.3872297E+05  3.6853922E+00  9.4819122E+00 -2.8080292E-02  3.8929390E-05  2.9797224E-08 -5.4842349E-11  1.4113156E+05  9.3325126E+00
SI(CH3)4           3 Si C  H   1  4 12         0.077683
  1.1800962E+01  1.3789820E-02 -9.5486189E-07 -1.1725246E-09  1.9593488E-13 -3.3225544E+04 -2.0039665E+01  9.3985066E+00  1.3586195E-01 -2.0485882E-04 -1.2631984E-07  2.6282020E-10 -4.2591528E+04 -4.4919969E+01
SICH3CL3           4 Si C  H  Cl  1  1  3  3   0.027307
  4.6422547E+00  5.0725578E-03 -2.5382569E-07 -4.9284753E-10  8.0478556E-14 -6.2908806E+04 -5.7750220E+00  3.7762664E+00  4.9377349E-02 -7.1973890E-05 -4.4004171E-08  9.0263532E-11 -6.6641259E+04 -1.5456294E+01
SIH2               2 H  Si  2  1               0.013130
  4.1455320E+00  2.5228935E-03 -5.2877044E-07 -3.5791962E-11  1.4343095E-14  3.0655983E+04 -1.8131419E+00  3.9131273E+00  2.1045087E-02 -3.4354366E-05 -1.7474482E-08  4.1819716E-11  2.9408255E+04 -5.9421962E+00
SIH3               2 H  Si  3  1               0.016553
  4.8844128E+00  3.4649933E-03 -4.1195156E-07 -1.6887898E-10  3.1874607E-14  1.5539022E+04 -3.6770341E+00  4.5227923E+00  2.7410940E-02 -4.2619311E-05 -2.4000305E-08  5.3596454E-11  1.3843898E+04 -8.8582416E+00
TIC2               2 C  Ti  2  1               0.020579
  5.7351716E+00  1.4045639E-03 -9.0990968E-07  1.6472161E-10 -2.4950216E-16  8.7482350E+04 -1.8877693E-01  5.1947141E+00  3.4281782E-02 -5.8617105E-05 -3.0793104E-08  7.0666183E-11  8.5221271E+04 -7.0214458E+00
C3H                2 C  H   3  1               0.034878
  5.4479303E+00  2.6275654E-03 -1.0212792E-06 -1.2050346E-10  5.2862559E-14  6.5369220E+04 -1.6959884E+00  4.4585528E+00  5.8326499E-02 -9.5693717E-05 -5.5628113E-08  1.1964283E-10  6.1269933E+04 -1.3357149E+01
SI2C2              2 C  Si  2  2               0.029799
  6.3868047E+00  3.6190931E-03 -6.0909463E-07 -1.9577494E-10  4.3741933E-14  7.9794585E+04 -3.6534819E+00  5.7421319E+00  4.5556290E-02 -7.4342923E-05 -4.4551330E-08  9.6725084E-11  7.6905573E+04 -1.2537062E+01
TIC4               2 C  Ti  4  1               0.037183
  7.4317661E+00  4.4811229E-03 -6.8910315E-07 -2.9151893E-10  6.5994062E-14  1.1035368E+05 -5.3823366E+00  6.4636721E+00  6.3882776E-02 -1.0198283E-04 -5.9264676E-08  1.2782045E-10  1.0591130E+05 -1.8377755E+01
