Element abundances (nuclei particle density ratios, sum = 1)
sources: Earth Crust: Jefferson Lab (2007),
otherwise http://periodictable.com/Properties/A/MeteoriteAbundance.an.log.html

                        Mass     EarthCrust Ocean      Solar      Meteorites 
  1      hydrogen   H   1.00794  2.887E-02  6.653E-01  9.271E-01  3.578E-01
  2        helium  He   4.00260  3.116E-08  1.097E-11  7.159E-02  0.000E+00
  3       lithium  Li   6.94100  5.989E-05  1.581E-07  1.077E-11  3.680E-06
  4     beryllium  Be   9.01218  6.457E-06  4.059E-13  1.382E-11  4.836E-08
  5         boron   B  10.81100  1.922E-05  2.481E-06  2.305E-10  2.224E-06
  6        carbon   C  12.01070  3.461E-04  1.421E-05  3.112E-04  1.877E-02
  7      nitrogen   N  14.00670  2.819E-05  2.176E-07  8.895E-05  1.502E-03
  8        oxygen   O  15.99940  5.989E-01  3.277E-01  7.008E-04  3.757E-01
  9      fluorine   F  18.99840  6.400E-04  4.172E-07  3.279E-08  6.881E-05
 10          neon  Ne  20.17970  3.090E-09  3.625E-11  6.174E-05  0.000E+00
 11        sodium  Na  22.98977  2.134E-02  2.917E-03  2.168E-06  3.595E-03
 12     magnesium  Mg  24.30500  1.992E-02  3.261E-04  3.588E-05  7.419E-02
 13     aluminium  Al  26.98154  6.340E-02  1.130E-09  2.771E-06  5.068E-03
 14       silicon  Si  28.08550  2.087E-01  2.171E-07  3.992E-05  7.491E-02
 15    phosphorus   P  30.97376  7.046E-04  1.378E-08  2.816E-07  5.337E-04
 16        sulfur   S  32.06500  2.269E-04  1.768E-04  1.554E-05  1.875E-02
 17      chlorine  Cl  35.45300  8.500E-05  3.439E-03  2.811E-07  1.568E-04
 18         argon  Ar  39.94800  7.804E-07  6.868E-08  2.183E-06  0.000E+00
 19     potassium   K  39.09830  1.111E-02  6.549E-05  1.275E-07  2.690E-04
 20       calcium  Ca  40.07800  2.152E-02  6.389E-07  2.176E-06  4.124E-03
 21      scandium  Sc  44.95591  1.017E-05  2.034E-13  1.109E-09  2.139E-06
 22      titanium  Ti  47.86700  2.432E-03  1.274E-10  1.041E-07  1.695E-04
 23      vanadium   V  50.94150  4.896E-05  1.795E-10  9.783E-09  1.799E-05
 24      chromium  Cr  51.99610  4.077E-05  7.035E-11  4.792E-07  8.670E-04
 25     manganese  Mn  54.93805  3.594E-04  2.219E-10  2.268E-07  7.385E-04
 26          iron  Fe  55.84500  2.095E-02  3.275E-10  2.231E-05  5.920E-02
 27        cobalt  Co  58.93320  8.817E-06  8.276E-12  8.456E-08  1.504E-04
 28        nickel  Ni  58.69340  2.975E-05  2.077E-10  1.698E-06  3.328E-03
 29        copper  Cu  63.54600  1.962E-05  2.878E-10  1.372E-08  2.601E-05
 30          zinc  Zn  65.40900  2.224E-05  4.660E-10  3.810E-08  4.135E-05
 31       gallium  Ga  69.72300  5.664E-06  2.623E-12  7.148E-10  1.638E-06
 32     germanium  Ge  72.64000  4.292E-07  5.036E-12  3.430E-09  4.344E-06
 33       arsenic  As  74.92160  4.993E-07  1.872E-10  0.000E+00  3.610E-07
 34      selenium  Se  78.96000  1.316E-08  3.475E-11  0.000E+00  2.474E-06
 35       bromine  Br  79.90400  6.243E-07  5.112E-06  0.000E+00  2.257E-07
 36       krypton  Kr  83.79800  3.720E-11  1.528E-11  0.000E+00  0.000E+00
 37      rubidium  Rb  85.46780  2.189E-05  8.560E-09  4.373E-10  5.626E-07
 38     strontium  Sr  87.62000  8.777E-05  5.636E-07  7.110E-10  1.492E-06
 39       yttrium   Y  88.90585  7.715E-06  8.915E-13  1.401E-10  3.211E-07
 40     zirconium  Zr  91.22400  3.759E-05  1.738E-12  5.463E-10  1.087E-06
 41       niobium  Nb  92.90638  4.474E-06  6.562E-14  5.364E-11  3.073E-08
 42    molybdenum  Mo  95.94000  2.600E-07  6.355E-10  1.169E-10  1.880E-07
 44     ruthenium  Ru 101.07000  2.056E-10  4.222E-14  6.163E-11  1.204E-07
 45       rhodium  Rh 102.90550  2.020E-10  0.000E+00  2.421E-11  2.629E-08
 46     palladium  Pd 106.42000  2.929E-09  0.000E+00  3.512E-11  9.320E-08
 47        silver  Ag 107.86820  1.445E-08  5.652E-12  1.155E-11  1.950E-08
 48       cadmium  Cd 112.41100  2.773E-08  2.712E-12  6.650E-11  5.882E-08
 49        indium  In 114.81800  4.525E-08  5.310E-15  4.340E-11  5.759E-09
 50           tin  Sn 118.71000  4.027E-07  5.136E-13  9.446E-11  1.519E-07
 51      antimony  Sb 121.76000  3.414E-08  1.001E-11  1.023E-11  1.481E-08
 52     tellurium  Te 127.60000  1.629E-10  0.000E+00  0.000E+00  2.473E-07
 53        iodine   I 126.90447  7.370E-08  2.882E-09  0.000E+00  2.960E-08
 54         xenon  Xe 131.29300  3.166E-12  2.322E-13  0.000E+00  0.000E+00
 55       caesium  Cs 132.90545  4.691E-07  2.294E-11  7.499E-11  1.583E-08
 56        barium  Ba 137.32700  6.432E-05  1.332E-09  9.072E-11  2.955E-07
 57     lanthanum  La 138.90550  5.835E-06  1.492E-13  1.794E-11  3.029E-08
 58        cerium  Ce 140.11600  9.864E-06  5.221E-14  3.557E-11  8.044E-08
 59  praseodymium  Pr 140.90765  1.357E-06  2.596E-14  8.842E-12  1.045E-08
 60     neodymium  Nd 144.24000  5.980E-06  1.183E-13  2.591E-11  5.209E-08
 62      samarium  Sm 150.36000  9.745E-07  1.825E-14  8.286E-12  1.699E-08
 63      europium  Eu 151.96400  2.735E-07  5.215E-15  4.099E-12  5.834E-09
 64    gadolinium  Gd 157.25000  8.195E-07  2.714E-14  1.585E-11  2.198E-08
 65       terbium  Tb 158.92534  1.569E-07  5.371E-15  7.839E-13  3.688E-09
 66    dysprosium  Dy 162.50000  6.651E-07  3.414E-14  1.533E-11  2.497E-08
 67       holmium  Ho 164.93032  1.638E-07  8.132E-15  0.000E+00  5.376E-09
 68        erbium  Er 167.25900  4.349E-07  3.281E-14  7.449E-12  1.617E-08
 69       thulium  Tm 168.93421  6.398E-08  7.218E-15  1.475E-12  2.580E-09
 70     ytterbium  Yb 173.04000  3.844E-07  2.819E-14  7.200E-12  1.563E-08
 71      lutetium  Lu 174.96700  5.939E-08  5.227E-15  7.121E-12  2.491E-09
 72       hafnium  Hf 178.49000  3.493E-07  2.733E-13  6.980E-12  1.431E-08
 73      tantalum  Ta 180.94790  2.297E-07  6.739E-14  0.000E+00  1.661E-09
 74      tungsten   W 183.84000  1.413E-07  3.980E-12  2.711E-11  9.809E-09
 75       rhenium  Re 186.20700  7.813E-11  3.274E-14  6.691E-13  3.954E-09
 76        osmium  Os 190.23000  1.639E-10  0.000E+00  1.310E-11  5.214E-08
 77       iridium  Ir 192.21700  1.081E-10  0.000E+00  1.296E-11  4.222E-08
 78      platinum  Pt 195.07800  5.327E-10  0.000E+00  5.748E-11  7.549E-08
 79          gold  Au 196.96655  4.221E-10  1.548E-12  6.325E-05  1.297E-08
 80       mercury  Hg 200.59000  8.807E-09  1.520E-12  1.242E-10  1.873E-08
 81      thallium  Tl 204.38330  8.644E-08  2.983E-14  6.096E-12  5.735E-09
 82          lead  Pb 207.20000  1.404E-06  8.827E-13  6.013E-11  1.015E-07
 83       bismuth  Bi 208.98038  8.454E-10  5.835E-13  5.962E-11  4.962E-09
 90       thorium  Th 232.03810  8.599E-07  1.051E-15  1.611E-12  2.526E-09
 92       uranium   U 238.02891  2.358E-07  8.452E-11  5.234E-12  6.187E-10
