291
AgCl         2   Ag Cl 1 1
  6     3.32241e-05   -0.00352501   37367.6   14.0405   -0.855999   -29.515   0.000456859   -2.357e-08  
AgF         2   Ag F 1 1
  6     8.05668e-05   -0.012024   40965.3   -14.8036   -2.1132   -0.902756   0.000578021   -2.84742e-08  
AgH         2   Ag H 1 1
  6     0.000387024   -0.0421374   23906.2   69.329   1.18456   -81.2774   9.82949e-05   1.3048e-09  
AlCl         2   Al Cl 1 1
  6     1.16226e-05   -0.00426484   60594.8   -41.8413   -3.41626   26.3655   0.000753912   -3.64803e-08  
AlF         2   Al F 1 1
  6     0.000465272   -0.0553443   80723.9   -74.3529   -4.80626   58.1944   0.000836077   -3.91898e-08  
AlH         2   Al H 1 1
  6     0.000301369   -0.0331679   34222.9   26.8228   -0.788303   -38.7886   0.000397103   -1.53714e-08  
AlH+         3   Al H el 1 1 -1
  6     7.26819e-05   -0.00794587   18927.5   85.9284   1.85583   -96.174   4.13819e-05   2.9539e-09  
AlN         2   Al N 1 1
  6     0.000572433   -0.066362   43843.8   -36.7467   -3.26389   23.2724   0.000781761   -4.28824e-08  
AlO         2   Al O 1 1
  6     0.00041663   -0.0500739   59939.8   -103.461   -6.11193   87.6644   0.00115583   -5.37248e-08  
AlS         2   Al S 1 1
  6     0.000295695   -0.0332588   39456.9   -67.4926   -4.53047   52.2135   0.000832307   -4.0296e-08  
AlSe         2   Al Se 1 1
  6     0.000155069   -0.0161284   37831.8   -29.7111   -2.89524   15.3868   0.00066477   -3.70409e-08  
Al2         1   Al 2
  6     0.000105319   -0.013894   15550.8   -80.7466   -5.22152   66.6469   0.00130663   -7.03235e-08  
AsCl         2   As Cl 1 1
  6     -4.57659e-05   0.00525758   53382.0   24.4461   -0.455587   -40.414   0.00034099   -2.1583e-08  
AsF         2   As F 1 1
  6     0.000237655   -0.0256245   48740.4   17.8574   -0.656076   -33.2011   0.00030628   -1.48069e-08  
AsH         2   As H 1 1
  6     -0.000219277   0.0240019   32516.4   106.795   2.70437   -117.753   -0.000175559   9.62428e-09  
AsN         2   As N 1 1
  6     -0.000255327   0.0255094   58383.7   14.7275   -0.923997   -30.8151   0.000337448   -2.15141e-08  
AsO         2   As O 1 1
  6     -8.377e-05   0.0071808   57722.5   9.69141   -1.22821   -25.1347   0.000526922   -3.00817e-08  
AsO+         3   As O el 1 1 -1
  6     0.000239077   -0.0292712   59080.6   -42.0181   -3.35655   26.4259   5.78415e-05   6.73483e-09  
AsP         2   As P 1 1
  6     -2.54885e-05   0.003193   51641.2   27.4571   -0.356872   -43.4045   0.000372632   -2.808e-08  
AsS         2   As S 1 1
  6     0.000152928   -0.0191043   45143.1   -6.164   -1.77683   -9.0007   0.000442581   -2.52819e-08  
As2         1   As 2
  6     -4.65795e-05   0.00731144   45954.8   37.94   0.114813   -54.7263   0.000336269   -2.17253e-08  
AuCl         2   Au Cl 1 1
  6     3.95456e-05   -0.00333942   33305.7   25.0627   -0.403224   -40.0159   0.000316954   -2.02635e-08  
AuH         2   Au H 1 1
  6     -0.000470114   0.052085   39003.1   125.29   3.46165   -136.352   -0.000296004   1.92511e-08  
BCl         2   B Cl 1 1
  6     -0.000171732   0.0181508   61899.9   23.7048   -0.767029   -38.5246   0.000418772   -1.61398e-08  
BF         2   B F 1 1
  6     -0.000109787   0.011694   87616.1   35.1089   -0.360401   -50.0337   0.000284803   -8.68225e-09  
BH         2   B H 1 1
  6     -0.000506083   0.0570131   41068.6   133.814   3.508   -144.531   -3.91588e-05   8.52402e-09  
BN         2   B N 1 1
  6     -8.78725e-05   0.0115323   44991.5   95.8308   2.06972   -107.555   0.000134804   -5.55766e-09  
BO         2   B O 1 1
  6     0.000451931   -0.0510204   96877.5   -5.1579   -2.05602   -9.91663   0.000445322   -1.81277e-08  
BO+         3   B O el 1 1 -1
  6     4.40618e-06   -0.00114329   38760.2   17.8344   -0.918848   -32.5871   0.000175387   -3.73207e-09  
BS         2   B S 1 1
  6     -2.86328e-05   0.00212755   66275.2   -4.44766   -1.96846   -10.3068   0.000456177   -1.69147e-08  
B2         1   B 2
  6     -0.000333205   0.0364297   32516.3   54.8242   0.2733   -67.7698   0.000525426   -2.74928e-08  
BaCl         2   Ba Cl 1 1
  6     -0.000220656   0.0257298   52801.4   69.1903   1.47463   -82.1786   2.50985e-05   -1.95714e-08  
BaF         2   Ba F 1 1
  6     -7.53829e-06   -1.02171e-05   69396.8   14.1983   -0.86694   -28.0957   0.000264651   -2.95282e-08  
BaH         2   Ba H 1 1
  6     0.000199414   -0.0226908   22629.6   58.0549   0.815048   -69.2922   0.00011263   -1.22948e-08  
BaO         2   Ba O 1 1
  6     -0.000269981   0.0287621   67191.6   16.7253   -0.864246   -31.3323   0.000210313   -2.18351e-08  
BaS         2   Ba S 1 1
  6     0.000103323   -0.0103095   49900.7   14.5504   -0.838717   -29.3401   0.000252001   -2.80408e-08  
BeCl         2   Be Cl 1 1
  6     0.000621436   -0.0705061   44586.6   -30.1057   -2.74414   15.7572   0.000532358   -2.69187e-08  
BeF         2   Be F 1 1
  6     0.000271246   -0.0300861   68491.9   11.9996   -1.08647   -25.8815   0.000272771   -1.14814e-08  
BeH         2   Be H 1 1
  6     -1.89156e-05   0.00297338   22896.1   102.282   2.46033   -112.935   -4.32698e-05   8.41475e-09  
BeH+         3   Be H el 1 1 -1
  6     -0.00021408   0.0266322   36485.0   125.303   3.39457   -136.273   -0.000190926   1.84831e-08  
BeO         2   Be O 1 1
  6     0.000201415   -0.0268823   52106.2   -24.7798   -2.70116   9.70779   0.000621663   -2.19325e-08  
BeS         2   Be S 1 1
  6     0.000409971   -0.0485035   37542.4   -48.6356   -3.57679   33.2863   0.000643204   -2.46942e-08  
BiH         2   Bi H 1 1
  6     3.33297e-05   -0.00517707   33654.0   68.7218   1.17019   -80.1334   0.000152904   -2.12088e-09  
BiO         2   Bi O 1 1
  6     -0.000173966   0.0186008   40152.6   15.1206   -0.998359   -29.5309   0.000442139   -1.84208e-08  
BiS         2   Bi S 1 1
  6     0.000299551   -0.0324494   37483.9   -0.454285   -1.50515   -14.5834   0.00047203   -2.4051e-08  
BrC         2   Br C 1 1
  6     -9.34523e-05   0.0095905   37796.9   17.6395   -1.26694   -30.0807   0.000643406   -3.73571e-08  
BrCl         2   Br Cl 1 1
  6     0.000218326   -0.0248489   25932.3   3.89494   -1.29278   -20.2498   0.000399885   -1.05141e-08  
BrF         2   Br F 1 1
  6     0.000206871   -0.0240372   33190.1   -13.2334   -2.06039   -3.31367   0.00043286   -1.09506e-08  
BrH         2   Br H 1 1
  6     4.08941e-05   -0.00396307   43587.7   91.3122   2.06574   -103.716   -0.000171913   1.56432e-08  
BrH+         3   Br H el 1 1 -1
  6     -0.000253441   0.0304277   45165.3   133.566   3.58918   -142.913   -0.000213376   1.5965e-08  
BrK         2   Br K 1 1
  6     -8.29245e-05   0.0110796   45142.4   52.8385   0.796586   -67.4497   0.000513036   -5.00639e-08  
BrO         2   Br O 1 1
  6     0.000452603   -0.0517381   28187.6   -3.59176   -1.72497   -11.4622   0.000607544   -3.24259e-08  
CCl         2   C Cl 1 1
  6     -0.000510358   0.0565237   47312.2   64.0571   0.653446   -76.522   0.000339365   -1.66845e-08  
CF         2   C F 1 1
  6     0.000190901   -0.0210042   66275.2   30.2041   -0.865705   -42.4657   0.000581516   -2.88643e-08  
CH         2   C H 1 1
  6     -0.000160731   0.0217324   40263.5   88.1492   1.12312   -95.7569   0.000582764   -2.84146e-08  
CH-         3   C H el 1 1 1
  6     -0.00027477   0.0308059   39961.9   120.77   3.16625   -131.479   -0.000180438   1.325e-08  
CH+         3   C H el 1 1 -1
  6     -0.000386308   0.0427448   47403.5   91.1759   1.67712   -102.082   0.000171048   4.28565e-09  
CIr         2   C Ir 1 1
  6     -0.000185723   0.0198456   75442.7   47.6634   -0.0458855   -60.6285   0.000368698   -2.40879e-08  
CN         2   C N 1 1
  6     -0.00063608   0.0696743   89785.7   49.634   -0.0110512   -62.6423   0.00042372   -2.03297e-08  
CN-         3   C N el 1 1 1
  6     0.000550243   -0.0637262   119925.0   8.65488   -1.17349   -25.1784   0.000192871   -1.13147e-08  
CN+         3   C N el 1 1 -1
  6     0.000372816   -0.0439244   62608.7   -36.674   -3.30638   20.7924   0.000625867   -2.4497e-08  
CO         2   C O 1 1
  6     -0.000311285   0.0359041   129010.0   45.7413   -0.231165   -59.7269   0.000354035   -1.5998e-08  
CO+         3   C O el 1 1 -1
  6     0.000430734   -0.05049   97079.7   -55.7337   -4.17384   40.1496   0.000621185   -2.48657e-08  
CP         2   C P 1 1
  6     -0.000164285   0.0190187   61273.2   9.34031   -1.6229   -22.7802   0.000762003   -4.06842e-08  
CPt         2   C Pt 1 1
  6     0.000127375   -0.0155004   72924.8   -24.7426   -3.01695   9.49483   0.000601463   -2.42111e-08  
CRh         2   C Rh 1 1
  6     -0.000543177   0.0594395   69303.4   14.7248   -1.37627   -29.079   0.000448948   -2.35759e-08  
CS         2   C S 1 1
  6     7.4906e-05   -0.0102717   85353.7   -37.6958   -3.56814   22.6136   0.000769513   -3.64822e-08  
CS-         3   C S el 1 1 1
  6     0.000147627   -0.0164218   64778.1   22.7317   -1.12468   -35.0598   0.000570535   -2.90646e-08  
CSe         2   C Se 1 1
  6     -0.000359633   0.0400847   70556.8   24.4846   -0.962517   -38.6835   0.000513646   -2.75021e-08  
CSi         2   C Si 1 1
  6     -9.69307e-05   0.00732279   49773.2   -62.2415   -5.02845   50.622   0.0013109   -7.02426e-08  
C2         1   C 2
  6     -0.000749356   0.0859573   73932.9   139.257   3.36877   -150.763   0.000779344   -5.14973e-08  
C2-         2   C el 2 1
  6     -9.31071e-05   0.0129142   94512.7   74.2358   1.01686   -87.4411   0.000271179   -1.34363e-08  
C2+         2   C el 2 -1
  6     -2.71672e-05   0.00469216   71972.8   38.9094   -0.747068   -50.3352   0.000746022   -4.1211e-08  
CaCl         2   Ca Cl 1 1
  6     0.000540455   -0.0585344   48764.0   -12.2494   -1.94262   -1.94047   0.000659138   -5.20536e-08  
CaF         2   Ca F 1 1
  6     0.000211281   -0.0243262   63211.6   -8.23383   -1.86918   -5.80665   0.000610315   -4.70072e-08  
CaH         2   Ca H 1 1
  6     0.000289297   -0.0328391   26470.9   56.7355   0.704721   -67.286   0.000263724   -2.51718e-08  
CaO         2   Ca O 1 1
  6     6.57721e-05   -0.00967779   46257.0   -38.2788   -3.24531   23.2049   0.00100096   -6.09831e-08  
CaS         2   Ca S 1 1
  6     0.000112087   -0.0146357   39804.7   -16.0876   -2.18243   1.14417   0.000658786   -5.3373e-08  
CdCl         2   Cd Cl 1 1
  6     -0.000390738   0.0433979   24601.8   45.4784   0.429875   -59.062   0.000284315   -1.5739e-08  
CdF         2   Cd F 1 1
  6     -0.000313009   0.0345673   36206.7   23.2827   -0.56466   -36.9571   0.000350066   -1.86032e-08  
CdH         2   Cd H 1 1
  6     0.000146837   -0.0162771   7856.6   76.9849   1.52738   -87.3872   5.70704e-05   1.87957e-09  
CdH+         3   Cd H el 1 1 -1
  6     7.30503e-05   -0.00807257   21144.0   80.0764   1.62746   -91.8048   2.85353e-05   6.94417e-09  
ClCs         2   Cl Cs 1 1
  6     -0.000507665   0.0556063   53149.4   62.1118   1.16268   -76.4882   0.000391094   -4.62855e-08  
ClCu         2   Cl Cu 1 1
  6     -3.53982e-05   0.00483408   45026.5   30.264   -0.211727   -45.5287   0.000315187   -1.59171e-08  
ClFe         2   Cl Fe 1 1
  6     0.000366859   -0.0424008   39224.9   -17.4384   -2.25475   2.78375   0.000530034   -3.40203e-08  
ClGa         2   Cl Ga 1 1
  6     0.000366673   -0.0413651   55239.3   -20.8386   -2.32824   4.96366   0.000361312   -1.28149e-08  
ClGe         2   Cl Ge 1 1
  6     -1.10996e-05   0.000279331   46535.4   -7.28691   -1.86737   -6.67007   0.000213322   -5.4317e-09  
ClH         2   Cl H 1 1
  6     -0.000153702   0.0179183   51435.3   99.5352   2.34585   -111.724   -0.000245354   2.13038e-08  
ClH+         3   Cl H el 1 1 -1
  6     -0.000333069   0.0393208   54042.1   124.06   3.12037   -133.352   -0.00019453   1.78941e-08  
ClHg         2   Cl Hg 1 1
  6     -0.000113831   0.0132422   10618.2   35.9072   0.0593411   -49.3507   0.000365574   -1.99142e-08  
ClI         2   Cl I 1 1
  6     5.12522e-05   -0.00590445   24966.6   12.9918   -0.928997   -29.0553   0.000473923   -1.32083e-08  
ClIn         2   Cl In 1 1
  6     -0.000439623   0.047483   51060.6   50.804   0.668179   -65.6115   4.54174e-05   7.24373e-10  
ClK         2   Cl K 1 1
  6     -0.000476795   0.0520523   51640.8   47.6378   0.50446   -61.9915   0.000481168   -4.65599e-08  
ClLi         2   Cl Li 1 1
  6     9.57305e-05   -0.0119744   55912.1   9.02696   -1.14737   -23.7483   0.000461692   -2.82319e-08  
ClMg         2   Cl Mg 1 1
  6     -0.000387889   0.0434334   37135.0   37.029   0.0302711   -50.3205   0.00034848   -2.05535e-08  
ClMn         2   Cl Mn 1 1
  6     5.16517e-05   -0.00724178   40268.8   9.87928   -1.05007   -24.5181   0.000494494   -3.84323e-08  
ClN         2   Cl N 1 1
  6     0.000165492   -0.0202022   39712.0   0.501045   -1.49526   -15.7004   0.000372789   -1.56294e-08  
ClNa         2   Cl Na 1 1
  6     8.07975e-05   -0.00812106   49123.2   11.9004   -0.985377   -26.8667   0.000627315   -4.85124e-08  
ClO         2   Cl O 1 1
  6     0.000433486   -0.0496238   31725.0   17.5162   -0.837783   -33.0318   0.000354737   -1.4248e-08  
ClP         2   Cl P 1 1
  6     -9.09755e-05   0.0079235   37042.5   10.9479   -1.04182   -26.2901   0.000380154   -2.17075e-08  
ClPb         2   Cl Pb 1 1
  6     0.000133437   -0.0146394   35743.0   26.2419   -0.313456   -39.4746   0.000305474   -2.48162e-08  
ClRb         2   Cl Rb 1 1
  6     7.73583e-06   1.06976e-05   50979.9   26.0497   -0.325611   -41.0121   0.00060071   -5.42474e-08  
ClSb         2   Cl Sb 1 1
  6     -0.000649146   0.0719689   42820.9   70.4871   1.464   -84.6303   0.000265512   -2.13104e-08  
ClSc         2   Cl Sc 1 1
  6     -0.000416523   0.0435587   39340.0   -2.66624   -1.74556   -13.0331   0.000504096   -3.04531e-08  
ClSe         2   Cl Se 1 1
  6     0.000294194   -0.0317041   38296.2   6.91669   -1.19297   -21.9512   0.000248268   -1.2929e-08  
ClSi         2   Cl Si 1 1
  6     0.000136612   -0.0190259   49680.7   -48.6229   -3.82159   34.5958   0.000863916   -4.45822e-08  
ClSn         2   Cl Sn 1 1
  6     3.51358e-05   -0.00668411   41661.5   16.3555   -0.742563   -29.6835   2.84979e-05   1.92047e-09  
ClSr         2   Cl Sr 1 1
  6     -0.000294695   0.0325345   48739.9   31.9212   -0.122146   -45.2936   0.000436731   -4.11868e-08  
ClTl         2   Cl Tl 1 1
  6     -6.01541e-05   0.00803708   44446.2   44.1399   0.411908   -59.1331   0.000291709   -1.98383e-08  
ClY         2   Cl Y 1 1
  6     0.00059601   -0.0675225   62434.6   -35.2562   -2.92911   18.5984   0.000488202   -3.14165e-08  
ClYb         2   Cl Yb 1 1
  6     -0.000101555   0.0111397   44562.3   26.7028   -0.340324   -40.183   0.00052704   -4.70123e-08  
ClZn         2   Cl Zn 1 1
  6     -0.000350168   0.0385151   27073.7   35.3686   -0.00694807   -49.159   0.000317716   -1.61273e-08  
Cl2         1   Cl 2
  6     -0.00022552   0.0238864   28710.2   6.42591   -1.25307   -23.1663   0.00033377   2.13136e-09  
CoH         2   Co H 1 1
  6     0.000444173   -0.0473828   28989.1   72.3039   1.30262   -85.8561   -0.000255744   1.59309e-08  
CrH         2   Cr H 1 1
  6     0.000103051   -0.0113227   22397.3   82.2107   1.72097   -93.3965   2.09225e-05   -3.54664e-09  
CrO         2   Cr O 1 1
  6     2.30467e-05   -0.00616394   55007.1   3.86906   -1.46521   -18.3299   0.000402868   -3.09279e-08  
CrS         2   Cr S 1 1
  6     0.000138064   -0.0171008   39340.5   -14.8597   -2.13455   -2.29403   0.00046689   -3.78215e-08  
CsF         2   Cs F 1 1
  6     6.75415e-05   -0.0065118   61749.1   17.813   -0.748491   -32.7713   0.000583215   -5.45069e-08  
CsH         2   Cs H 1 1
  6     0.000215663   -0.0249938   20645.3   47.5707   0.401534   -59.5375   0.00026457   -1.6695e-08  
Cs2         1   Cs 2
  6     -0.000178365   0.021882   4834.8   112.524   3.59465   -125.884   0.000383586   -8.39534e-08  
CuF         2   Cu F 1 1
  6     -0.000240121   0.0243866   51293.1   12.602   -1.01348   -27.9825   0.000393791   -2.10566e-08  
CuH         2   Cu H 1 1
  6     -0.000211017   0.0226952   30195.4   107.339   2.71357   -118.71   -0.000125476   1.06323e-08  
CuO         2   Cu O 1 1
  6     -0.000122697   0.0113259   34118.2   42.4833   0.222125   -56.2355   0.000392228   -2.58997e-08  
CuS         2   Cu S 1 1
  6     9.44133e-05   -0.0118347   32609.7   27.0456   -0.319967   -41.9653   0.0004559   -3.34781e-08  
Cu2         1   Cu 2
  6     -0.000100647   0.0123073   23708.4   49.2075   0.635146   -64.4288   0.000415335   -3.52517e-08  
FGa         2   F Ga 1 1
  6     0.000500134   -0.0568169   69861.7   -51.1824   -3.6585   34.9185   0.000466953   -1.7124e-08  
FGe         2   F Ge 1 1
  6     0.000211672   -0.0243115   62434.3   -21.5804   -2.52924   7.45153   0.000239072   -2.75641e-09  
FH         2   F H 1 1
  6     -0.000440402   0.0516215   68070.5   138.198   3.77109   -149.587   -0.000353456   2.62554e-08  
FH+         3   F H el 1 1 -1
  6     0.000221466   -0.0226956   39723.2   80.4509   1.27298   -89.4241   7.97473e-05   1.65015e-09  
FHg         2   F Hg 1 1
  6     -6.61951e-06   -0.0004166   20888.8   0.845497   -1.47202   -15.0326   0.000512391   -2.60654e-08  
FHo         2   F Ho 1 1
  6     -0.000242001   0.0257453   64406.4   28.3371   -0.326492   -45.5631   0.000175755   -2.51666e-08  
FI         2   F I 1 1
  6     0.000174167   -0.0201405   32261.6   -8.8624   -1.88002   -7.49135   0.000456486   -8.79185e-09  
FIn         2   F In 1 1
  6     -0.000145753   0.0170386   61621.4   19.4383   -0.699184   -34.6134   0.000155563   -3.54911e-09  
FK         2   F K 1 1
  6     -0.000507226   0.0552244   58383.2   33.2929   -0.166152   -47.8322   0.000527486   -4.49522e-08  
FLa         2   F La 1 1
  6     0.000258048   -0.0291001   78796.9   -2.9619   -1.59597   -13.3105   -6.92574e-05   -2.75995e-09  
FLi         2   F Li 1 1
  6     0.000323775   -0.0379323   69049.2   -6.50711   -1.83437   -8.73322   0.000490348   -2.71619e-08  
FLu         2   F Lu 1 1
  6     -0.000148531   0.0159298   48276.0   7.04021   -1.22261   -23.1427   0.000204189   -9.46648e-09  
FMg         2   F Mg 1 1
  6     0.000587311   -0.0673421   55239.7   -40.1099   -3.1736   25.4012   0.000673834   -3.66379e-08  
FMn         2   F Mn 1 1
  6     0.000204665   -0.024484   53092.3   -10.601   -1.95908   -4.34361   0.000554193   -3.81463e-08  
FN         2   F N 1 1
  6     -4.86576e-05   0.00406196   38296.0   14.4857   -0.976427   -29.5481   0.000261965   -7.58815e-09  
FNa         2   F Na 1 1
  6     3.5798e-05   -0.00343175   56968.1   -1.95909   -1.62613   -13.2422   0.0006651   -4.88386e-08  
FNi         2   F Ni 1 1
  6     0.000305057   -0.0357623   51061.6   -36.0822   -3.10012   18.6834   0.000344054   -1.41497e-08  
FO         2   F O 1 1
  6     0.00031895   -0.0358782   26018.5   7.79077   -1.39553   -22.3395   0.000339502   -1.00749e-08  
FP         2   F P 1 1
  6     -0.000147522   0.0147883   52941.1   10.0258   -1.14272   -25.0373   0.00034424   -1.56718e-08  
FPb         2   F Pb 1 1
  6     0.000194529   -0.0241042   42241.9   8.83894   -1.12279   -22.1237   0.000378916   -2.49892e-08  
FRb         2   F Rb 1 1
  6     0.000271543   -0.0302238   58952.8   -11.7802   -1.97349   -3.64885   0.00075431   -5.99967e-08  
FS         2   F S 1 1
  6     4.1157e-05   -0.00804546   40872.5   30.1153   -0.282446   -44.8167   0.000252912   -1.1704e-08  
FSb         2   F Sb 1 1
  6     0.000184785   -0.0227193   52222.0   -5.01674   -1.68811   -10.3142   0.000610216   -3.51848e-08  
FSc         2   F Sc 1 1
  6     0.000683305   -0.0777366   71614.2   -74.5369   -4.73352   57.5477   0.000782079   -4.21163e-08  
FSe         2   F Se 1 1
  6     -0.000192387   0.01804   40268.7   29.9295   -0.313342   -44.5375   0.000124196   -4.62772e-09  
FSi         2   F Si 1 1
  6     0.000566751   -0.0666765   68898.8   -93.0498   -5.82593   79.2872   0.000994933   -4.81563e-08  
FSn         2   F Sn 1 1
  6     0.00063316   -0.0715367   56771.6   -18.1308   -2.2305   3.66556   0.000153009   -1.71613e-09  
FSr         2   F Sr 1 1
  6     0.000633851   -0.0721844   64291.4   -34.8279   -2.91846   20.2107   0.000728554   -5.41251e-08  
FTl         2   F Tl 1 1
  6     -0.000350087   0.0371862   52337.3   27.2865   -0.388504   -42.2348   0.000355432   -2.08008e-08  
FY         2   F Y 1 1
  6     0.000372515   -0.0426751   81930.5   -39.2705   -3.17744   22.6385   0.000437946   -2.48639e-08  
FYb         2   F Yb 1 1
  6     4.37684e-05   -0.00623171   61853.9   -14.1748   -2.10301   -0.0832863   0.000691734   -5.27718e-08  
FZn         2   F Zn 1 1
  6     0.000201428   -0.0237757   43286.3   -11.2102   -1.97978   -3.2304   0.000499107   -2.45832e-08  
F2         1   F 2
  6     0.000166871   -0.0212484   18637.4   -44.947   -3.44192   27.3104   0.000591387   -2.26593e-08  
FeH         2   Fe H 1 1
  6     -0.000264092   0.0316665   17371.8   144.193   4.03114   -154.288   0.00037367   -2.76862e-08  
FeO         2   Fe O 1 1
  6     0.000157504   -0.0207802   48517.9   -8.996   -2.10449   -5.44226   0.000325361   -1.75035e-08  
FeO-         3   Fe O el 1 1 1
  6     0.00014572   -0.018695   47058.0   -47.9242   -3.59634   30.5537   0.000491548   -2.97558e-08  
GaH         2   Ga H 1 1
  6     0.000385539   -0.0423645   32714.3   50.8798   0.393015   -62.932   -5.23962e-05   1.72331e-08  
GaO         2   Ga O 1 1
  6     0.000257572   -0.0321449   44563.1   -61.4437   -4.16452   45.7687   0.000539176   -2.26813e-08  
GeH         2   Ge H 1 1
  6     -8.45273e-05   0.00896209   31205.2   66.4192   0.734733   -74.7517   -0.000195651   2.49791e-08  
GeO         2   Ge O 1 1
  6     0.000256122   -0.0296753   78959.6   -78.4185   -4.95554   62.7041   0.000310009   -2.1513e-09  
GeS         2   Ge S 1 1
  6     -3.02142e-05   0.000494414   63710.6   -46.4259   -3.55537   31.1043   0.00018352   -4.11233e-11  
GeSe         2   Ge Se 1 1
  6     0.000397355   -0.044505   57827.2   -37.9282   -3.09298   22.1985   0.000162524   -1.72865e-09  
GeTe         2   Ge Te 1 1
  6     -0.000139869   0.0161289   47254.6   -0.173041   -1.53353   -14.8845   7.46811e-05   5.21182e-10  
HHe+         3   H He el 1 1 -1
  6     -0.000158956   0.0192297   21410.5   111.748   2.59956   -121.176   8.98179e-05   -2.14827e-10  
HHg         2   H Hg 1 1
  6     8.18307e-05   -0.00920574   4344.91   81.3754   1.70561   -91.7182   7.31191e-05   3.23612e-10  
HHg+         3   H Hg el 1 1 -1
  6     -0.000188857   0.0199927   24462.7   98.8248   2.38522   -110.284   -0.000104272   1.38214e-08  
HI         2   H I 1 1
  6     3.98496e-05   -0.00416244   35428.3   81.7695   1.70128   -94.2203   -8.46429e-05   1.11304e-08  
HIn         2   H In 1 1
  6     0.000434375   -0.0477253   28791.9   60.6723   0.881853   -72.7244   -9.25224e-05   2.01356e-08  
HK         2   H K 1 1
  6     0.000290845   -0.0330725   20550.2   43.3099   0.167221   -54.6276   0.000490624   -4.27328e-08  
HLi         2   H Li 1 1
  6     -0.000230588   0.0248715   28182.9   100.45   2.41982   -111.681   8.98037e-05   -4.56372e-09  
HMg         2   H Mg 1 1
  6     0.000145698   -0.016122   14749.8   73.2242   1.34043   -83.5849   0.000175127   -5.69494e-09  
HMg+         3   H Mg el 1 1 -1
  6     0.000116424   -0.012797   22501.8   81.5686   1.68818   -93.2714   1.40348e-05   6.16925e-09  
HMn         2   H Mn 1 1
  6     0.00017636   -0.0203955   30195.9   72.2271   1.30627   -83.1874   0.000170427   -1.21918e-08  
HN         2   H N 1 1
  6     -0.000393195   0.0448939   39676.1   141.621   3.98879   -151.98   -0.000289918   2.24031e-08  
HN+         3   H N el 1 1 -1
  6     -0.00016508   0.0213758   51954.3   59.9872   0.0102988   -67.7241   0.000683204   -3.63699e-08  
HNa         2   H Na 1 1
  6     0.000195659   -0.0221351   21886.9   60.3791   0.823185   -72.2353   0.00038217   -2.97817e-08  
HNe+         3   H Ne el 1 1 -1
  6     -9.49823e-05   0.0117339   24137.7   112.524   2.78283   -122.396   -6.72546e-05   1.04565e-08  
HNi         2   H Ni 1 1
  6     -4.29539e-05   0.00586943   28443.1   82.8946   1.32159   -92.7122   0.000217021   -7.68581e-09  
HO         2   H O 1 1
  6     -0.000652066   0.0747117   51258.6   108.384   2.25083   -117.384   4.64356e-05   3.09595e-09  
HO-         3   H O el 1 1 1
  6     -3.00761e-06   -0.00143796   55517.3   81.709   1.46551   -94.0123   -3.80309e-05   9.99337e-09  
HO+         3   H O el 1 1 -1
  6     -0.000295401   0.0330075   58234.7   125.288   3.32471   -136.354   -0.000202683   1.87186e-08  
HP         2   H P 1 1
  6     -0.000291821   0.0324147   35278.2   113.934   2.96716   -124.759   -0.000179093   1.47353e-08  
HP+         3   H P el 1 1 -1
  6     0.000317443   -0.0370004   39213.1   -0.948864   -2.28404   -7.87166   0.000445149   -1.57313e-08  
HPb         2   H Pb 1 1
  6     -0.000109644   0.0132373   18451.3   114.535   2.90964   -122.683   -4.85789e-05   -5.62626e-10  
HPt         2   H Pt 1 1
  6     -0.000191226   0.0223501   39305.2   86.6779   1.52743   -96.2836   -7.30643e-05   1.30244e-08  
HRb         2   H Rb 1 1
  6     0.000304171   -0.0348168   20285.7   34.3034   -0.187888   -46.4215   0.000541818   -4.81989e-08  
HS         2   H S 1 1
  6     -0.000143682   0.0161019   42078.8   88.1056   1.63703   -98.6149   -3.46619e-06   7.4409e-09  
HS-         3   H S el 1 1 1
  6     0.000186686   -0.0198855   44446.4   85.8203   1.78715   -98.1757   -0.000159496   1.81352e-08  
HS+         3   H S el 1 1 -1
  6     -0.000308863   0.0339228   41417.1   116.539   3.06664   -127.766   -0.000196282   1.23312e-08  
HSb         2   H Sb 1 1
  6     -0.000221081   0.0240983   28385.1   111.388   2.96469   -122.371   -1.50427e-05   -2.19491e-09  
HSe         2   H Se 1 1
  6     3.09356e-05   -0.00256552   37367.4   98.2337   2.1473   -108.171   5.03746e-05   -2.03442e-09  
HSi         2   H Si 1 1
  6     -0.00031278   0.0348027   35278.2   44.8002   -0.506001   -52.7223   0.000490917   -1.98317e-08  
HSi-         3   H Si el 1 1 1
  6     0.000317147   -0.033489   33526.5   84.8668   1.81939   -96.2302   -6.36946e-05   5.84771e-09  
HSi+         3   H Si el 1 1 -1
  6     -6.55898e-05   0.00570095   37645.9   56.7657   0.493124   -68.4113   -8.99841e-06   1.26223e-08  
HSn         2   H Sn 1 1
  6     5.21666e-05   -0.00281633   31216.7   113.962   2.89457   -122.158   -0.000514083   3.23751e-08  
HSr         2   H Sr 1 1
  6     0.000196078   -0.0224783   19264.3   51.5181   0.504727   -62.0871   0.000314855   -2.98184e-08  
HTe         2   H Te 1 1
  6     -5.09821e-06   0.00182976   32110.3   109.623   2.67057   -119.404   5.46364e-05   -2.49575e-09  
HTi         2   H Ti 1 1
  6     -0.000223323   0.0267466   24160.7   115.736   2.77272   -125.077   0.000476313   -3.43681e-08  
HTl         2   H Tl 1 1
  6     0.000298878   -0.0324833   23059.0   67.8229   1.16833   -79.7244   6.7036e-05   1.03625e-08  
HYb         2   H Yb 1 1
  6     0.00024611   -0.0280037   21585.3   49.4343   0.396663   -60.0417   0.000391911   -3.38513e-08  
HZn         2   H Zn 1 1
  6     0.000124186   -0.0136115   9864.18   79.2758   1.57388   -89.6299   0.000146112   -2.69247e-09  
HZn+         3   H Zn el 1 1 -1
  6     0.000254993   -0.0270115   25530.7   83.7383   1.75608   -95.4807   1.15989e-05   7.77093e-09  
H2         1   H 2
  6     3.31082e-05   -0.00128356   51966.1   119.444   2.98615   -131.035   -0.000124913   1.21099e-08  
H2-         2   H el 2 1
  6     -0.000236165   0.027949   1740.23   91.4206   1.53749   -100.299   0.000257525   -1.04911e-08  
H2+         2   H el 2 -1
  6     0.000265325   -0.026309   30760.1   106.606   2.60184   -117.153   -7.40982e-05   9.78167e-09  
He2+         2   He el 2 -1
  6     0.000196857   -0.0194978   28380.9   104.815   2.51931   -116.043   5.3455e-05   3.48775e-09  
HfO         2   Hf O 1 1
  6     -0.00013991   0.0142517   95855.7   -7.46765   -1.87901   -9.28503   0.000132153   -8.9281e-09  
IK         2   I K 1 1
  6     -5.95824e-05   0.0078766   38295.7   41.4443   0.34977   -56.1978   0.000605657   -5.56379e-08  
IO         2   I O 1 1
  6     7.61303e-05   -0.0100268   28432.2   -7.02188   -1.90408   -7.80895   0.000668084   -3.35693e-08  
I2         1   I 2
  6     -0.000131273   0.0154349   17865.3   43.2518   0.383789   -59.8763   0.000568292   -2.25854e-08  
InO         2   In O 1 1
  6     0.000219097   -0.0272043   41197.5   -29.6208   -2.79085   14.0819   0.000400066   -1.98937e-08  
KO         2   K O 1 1
  6     0.000353794   -0.0384566   32215.4   18.8266   -0.657749   -34.1739   0.00070915   -6.36378e-08  
K2         1   K 2
  6     -0.00015709   0.0186846   6405.52   76.32   1.90168   -90.1231   0.000658238   -8.16615e-08  
LaO         2   La O 1 1
  6     -0.000143895   0.0126989   95519.3   -23.9368   -2.57682   8.07355   8.30567e-05   -2.36165e-09  
LaS         2   La S 1 1
  6     3.78115e-06   -0.00036248   68491.6   4.9087   -1.27287   -20.4914   -0.000100369   3.83523e-11  
LiNa         2   Li Na 1 1
  6     -1.21875e-05   0.000415486   10038.7   25.0368   -0.408566   -38.3893   0.000851533   -7.62337e-08  
LiO         2   Li O 1 1
  6     0.000276879   -0.0317529   40512.8   26.5341   -0.61239   -39.3963   0.000525984   -3.22353e-08  
Li2         1   Li 2
  6     -4.55863e-05   0.00371999   12184.0   18.2111   -0.726587   -32.1221   0.000808573   -5.97988e-08  
LuO         2   Lu O 1 1
  6     0.000199354   -0.0222537   80015.4   -16.088   -2.2503   0.243836   0.000310085   -1.84818e-08  
MgO         2   Mg O 1 1
  6     0.000345423   -0.0410195   29790.2   -44.0372   -3.44726   28.6976   0.00130634   -7.79884e-08  
MgS         2   Mg S 1 1
  6     0.000308799   -0.0339168   25821.1   -20.5869   -2.37085   5.54843   0.000597901   -3.43761e-08  
Mg2         1   Mg 2
  6     -0.000271224   0.031398   916.314   132.952   4.55606   -145.01   -0.000718862   2.17913e-08  
MnO         2   Mn O 1 1
  6     0.000192439   -0.0240859   43054.3   -35.0866   -3.05564   19.7627   0.000677263   -4.39703e-08  
NO         2   N O 1 1
  6     0.000692263   -0.0779401   75521.6   28.2929   -0.42978   -43.716   0.000180998   -6.91606e-09  
NO+         3   N O el 1 1 -1
  6     0.000583514   -0.0672746   125920.0   12.6556   -1.0124   -29.3746   0.000154758   -4.91153e-09  
NP         2   N P 1 1
  6     6.24119e-05   -0.0077186   73806.8   -1.10891   -1.58654   -15.2321   0.00037936   -2.31705e-08  
NS         2   N S 1 1
  6     -7.9509e-05   0.00854281   55714.7   60.7306   0.949709   -75.5664   0.000119625   -6.26256e-09  
NS+         3   N S el 1 1 -1
  6     0.000165231   -0.0180416   61505.7   36.0594   -0.0760835   -52.7087   0.000191706   -1.07445e-08  
NSe         2   N Se 1 1
  6     0.000352292   -0.0395411   44795.0   33.1594   -0.141416   -47.8407   0.000304006   -1.56442e-08  
NSi         2   N Si 1 1
  6     0.000535561   -0.06273   52141.5   -118.525   -6.82537   103.536   0.00111483   -5.77978e-08  
NTi         2   N Ti 1 1
  6     -8.08017e-05   0.00531975   56863.9   -46.0351   -3.61347   30.0429   0.000579079   -4.09093e-08  
NZr         2   N Zr 1 1
  6     -2.7999e-05   6.05508e-05   67540.2   -16.4734   -2.22957   0.546846   5.38525e-05   -8.54136e-09  
N2         1   N 2
  6     0.00036593   -0.0406806   113193.0   31.8863   -0.258508   -48.729   0.000101259   -3.80537e-09  
N2+         2   N el 2 -1
  6     1.7384e-05   -0.00237446   101050.0   -20.2049   -2.90997   5.84369   0.000678273   -2.85457e-08  
NaO         2   Na O 1 1
  6     0.000339827   -0.0406656   32006.6   -10.1808   -2.03198   -3.62322   0.000796182   -6.00302e-08  
Na2         1   Na 2
  6     -0.000169718   0.019547   8550.16   49.4245   0.656636   -63.4671   0.000875876   -8.24971e-08  
NbO         2   Nb O 1 1
  6     0.000543816   -0.0652307   86921.1   -153.139   -8.23128   137.567   0.000741884   -3.43133e-08  
Ne2+         2   Ne el 2 -1
  6     0.00016107   -0.0182525   14622.3   69.3961   1.30635   -82.895   0.000133076   -5.8734e-09  
NiO         2   Ni O 1 1
  6     0.000258979   -0.0316099   43634.7   -53.6552   -3.87169   35.8621   0.00051474   -2.19758e-08  
OP         2   O P 1 1
  6     0.000449706   -0.0507145   70407.0   3.37401   -1.50925   -18.2053   0.000349991   -1.8069e-08  
OP+         3   O P el 1 1 -1
  6     9.02187e-05   -0.0132002   95624.1   -109.942   -6.49738   95.0192   0.000775319   -3.26696e-08  
OPb         2   O Pb 1 1
  6     5.78554e-05   -0.00899184   44562.8   -21.3848   -2.44641   6.19795   0.000460198   -2.17622e-08  
OPt         2   O Pt 1 1
  6     0.000197729   -0.0249287   46651.9   -58.5536   -4.04378   40.8942   0.000459703   -1.6995e-08  
ORb         2   O Rb 1 1
  6     2.81296e-05   -0.00483905   32760.5   17.2744   -0.77667   -32.3648   0.000805496   -7.1181e-08  
OS         2   O S 1 1
  6     0.00056997   -0.0643046   61843.7   -59.881   -4.11806   43.5303   0.000573575   -2.18351e-08  
OS+         3   O S el 1 1 -1
  6     0.000214907   -0.0251041   62608.4   25.4491   -0.538155   -40.831   0.000310289   -1.71956e-08  
OSb         2   O Sb 1 1
  6     0.00039395   -0.0458022   51758.0   -11.645   -2.08933   -4.02168   0.000601111   -3.18262e-08  
OSc         2   O Sc 1 1
  6     0.000579199   -0.0653878   80322.4   -76.9304   -4.90854   60.5203   0.000771593   -4.38628e-08  
OSe         2   O Se 1 1
  6     0.000346204   -0.0415435   51235.8   -15.8056   -2.11974   -0.335657   0.000390446   -1.66785e-08  
OSi         2   O Si 1 1
  6     0.000497629   -0.0600615   94963.2   -143.618   -7.94978   127.482   0.00116727   -5.52739e-08  
OSi+         3   O Si el 1 1 -1
  6     0.000513455   -0.0609011   56980.6   -94.7981   -5.64957   78.7869   0.000610713   -2.35597e-08  
OSn         2   O Sn 1 1
  6     0.000304294   -0.0368778   63014.7   -38.3517   -3.13878   22.8561   0.000103085   1.30976e-09  
OSr         2   O Sr 1 1
  6     0.000318996   -0.0353599   50829.5   -44.7727   -3.48066   29.5032   0.000993049   -6.01221e-08  
OTa         2   O Ta 1 1
  6     0.000177168   -0.0205968   100452.0   14.8497   -1.00918   -29.4659   4.37373e-05   -4.00879e-09  
OTa+         3   O Ta el 1 1 -1
  6     0.000156809   -0.0186059   91086.5   -26.7194   -2.6757   10.1481   -8.06671e-05   5.47429e-09  
OTb         2   O Tb 1 1
  6     -2.94226e-05   6.66013e-05   83044.3   -49.7397   -3.74207   31.6759   0.000206695   -1.54011e-08  
OTe         2   O Te 1 1
  6     0.000124951   -0.0152294   44794.8   -13.9924   -2.12981   -2.82703   0.000604623   -3.40842e-08  
OTh         2   O Th 1 1
  6     0.000415289   -0.0473554   105036.0   -21.5971   -2.43258   4.62312   0.000169542   -7.39257e-10  
OTi         2   O Ti 1 1
  6     0.000236366   -0.0269886   79713.8   20.7094   -0.805568   -35.925   0.000169925   -1.23324e-08  
OV         2   O V 1 1
  6     0.000304906   -0.0387451   76198.1   -125.022   -7.02521   108.936   0.000774254   -3.66465e-08  
OW         2   O W 1 1
  6     3.50126e-05   -0.00610554   86107.8   -12.076   -2.06445   -3.15551   -0.000322056   1.62865e-08  
OY         2   O Y 1 1
  6     -6.50416e-05   0.00393582   85458.0   -41.4965   -3.36732   25.5378   0.000453858   -2.7589e-08  
OZr         2   O Zr 1 1
  6     0.000238136   -0.028373   91690.0   -35.1021   -3.05554   18.0457   0.000619446   -3.80045e-08  
O2         1   O 2
  6     8.77332e-06   -0.00288697   59375.1   47.6695   0.052118   -62.1689   0.00019583   -1.22132e-09  
O2+         2   O el 2 -1
  6     -0.00014447   0.0165959   73887.4   97.4309   2.35581   -112.391   -0.000112588   1.10418e-08  
PS         2   P S 1 1
  6     0.000413252   -0.0483037   49773.7   3.54337   -1.31737   -19.3949   0.000432833   -2.7263e-08  
PSb         2   P Sb 1 1
  6     -1.18628e-05   0.0012592   42473.5   21.3191   -0.584376   -37.3125   0.000418767   -3.16989e-08  
P2         1   P 2
  6     -0.000676545   0.0752472   58382.9   49.9399   0.52668   -65.9824   0.000190308   -1.07154e-08  
P2+         2   P el 2 -1
  6     -4.21226e-05   0.000607016   57444.2   -44.5528   -3.59004   30.5475   0.000720363   -3.7277e-08  
PbS         2   Pb S 1 1
  6     0.000163862   -0.017228   47463.8   8.69722   -1.10801   -23.6946   0.00030373   -1.94349e-08  
SSc         2   S Sc 1 1
  6     -2.7501e-05   0.00307406   57095.6   -30.8599   -2.96116   15.4305   0.000591205   -3.98829e-08  
SSe         2   S Se 1 1
  6     -4.55249e-06   0.000494711   44841.1   18.947   -0.626365   -34.586   0.000237533   -1.28441e-08  
SSi         2   S Si 1 1
  6     0.000502661   -0.0571949   73784.2   -118.104   -6.82845   102.442   0.00106133   -5.13246e-08  
SSn         2   S Sn 1 1
  6     -0.000383943   0.0408347   55702.8   16.908   -0.795789   -31.643   -0.000167294   1.48927e-08  
SSr         2   S Sr 1 1
  6     -1.63182e-05   -1.72131e-05   40268.7   1.7165   -1.42838   -16.4869   0.000571725   -5.09889e-08  
STe         2   S Te 1 1
  6     7.89849e-05   -0.00976561   39804.6   1.53827   -1.42719   -18.1713   0.000362866   -1.77941e-08  
STi         2   S Ti 1 1
  6     0.000530811   -0.0619673   49831.9   -21.957   -2.41408   5.80922   0.0003654   -2.54404e-08  
SY         2   S Y 1 1
  6     -0.000128997   0.0116591   63130.2   -16.234   -2.24289   0.759624   0.000346451   -2.516e-08  
S2         1   S 2
  6     0.000422746   -0.0489129   50706.6   0.0521158   -1.61166   -15.949   0.000279803   -9.88438e-09  
S2+         2   S el 2 -1
  6     -0.000203547   0.0204995   59683.5   31.2838   -0.223069   -47.1971   0.000313183   -1.82384e-08  
Sb2         1   Sb 2
  6     0.000181879   -0.0190042   35835.7   27.3098   -0.243972   -44.5399   0.000414612   -3.20728e-08  
SeSi         2   Se Si 1 1
  6     -0.000229793   0.0233917   64290.5   -49.971   -3.97599   35.1847   0.000769247   -3.86209e-08  
Se2         1   Se 2
  6     -0.000171163   0.0166492   39305.4   54.9105   0.89099   -70.9942   0.000181646   -1.38371e-08  
SiTe         2   Si Te 1 1
  6     0.000185807   -0.0205309   46152.6   -74.9716   -4.9749   60.3842   0.000994061   -5.6404e-08  
Si2         1   Si 2
  6     0.000643961   -0.0752765   36846.5   -158.864   -8.88817   145.841   0.00161041   -8.37138e-08  
Te2         1   Te 2
  6     -0.000485587   0.0519601   30555.0   67.0188   1.3815   -82.7734   0.00031393   -2.35277e-08  
