CH          2  3  4  1  1
 1  -2.69621E+01  8.56324E+00 -3.81708E-02  1.42148E-03 -2.06955E-05
CO          2  4  6  1  1
 4   1.2899777785630804e+05  -1.7549835812545211e+00  -3.1625806804795502e+00   4.1336204683783961e-04  -2.3579962985989574e-08 
CH2         2  3  4  2  1
 1  -5.59353E+01  1.94014E+01 -1.02603E-01  4.43979E-03 -7.26262E-05
H2O         2  3  6  2  1
 4   1.1033645388793820e+05  -4.1783597409582285e+00   3.1744691010633233e+00   9.4064684023068001e-04  -4.0482461482866891e-08 
C2H         2  3  4  1  2
 1  -5.80417E+01  2.85911E+01 -4.60278E-02  1.53480E-03 -2.06730E-05
C2          1  4  2
 1  -2.90229E+01  1.44950E+01 -4.47247E-02  2.51592E-03 -5.34225E-05
C3          1  4  3
 1  -6.14314E+01  3.30145E+01 -1.26354E-01  5.70552E-03 -9.48087E-05
C4          1  4  4
 1  -9.29549E+01  4.53949E+01  5.56192E-03 -1.65781E-03  4.95574E-05
C5          1  4  5
 1  -1.24370E+02  6.20999E+01  4.59804E-02 -4.79074E-03  1.28802E-04
C2H2        2  3  4  2  2
 1  -8.74875E+01  3.98235E+01 -7.62519E-03 -2.19494E-03  8.36017E-05
HCO         3  3  4  6  1  1  1
 1  -5.75119E+01  2.82143E+01 -8.66067E-02  3.52674E-03 -5.53261E-05
H2CO        3  3  4  6  2  1  1
 1  -8.81249E+01  3.74848E+01 -9.95792E-02  3.92536E-03 -6.85748E-05
CH3         2  3  4  3  1
 1  -8.57322E+01  3.06886E+01 -1.16459E-01  4.38728E-03 -6.50321E-05
CH4         2  3  4  4  1
 4   1.9784584536781305e+05  -8.8316803072239054e+00   5.2793066855988400e+00   2.7567674752936866e-03  -1.3966691995535711e-07 
CO2         2  4  6  1  2
 4   1.9284060511825030e+05  -2.7725941201250066e+00  -1.4374508628203330e+01   9.5527761423722102e-04  -5.3273135070236439e-08 
C2H4        2  3  4  4  2
 1  -1.46176E+02  5.54117E+01 -9.19718E-02  2.10843E-03 -1.87621E-05
C2H4O       3  3  4  6  4  2  1
 1  -1.77284E+02  6.38428E+01 -7.87837E-02  1.44061E-03 -1.03504E-05
C2O         2  4  6  2  1
 1  -5.89915E+01  3.34363E+01  8.53143E-03 -1.67350E-03  5.09408E-05
C3O2        2  4  6  3  2
 1  -1.20935E+02  6.54797E+01  4.49821E-02 -4.85815E-03  1.33410E-04
OH          2  3  6  1  1
 1  -2.79049E+01  1.10139E+01 -9.62781E-02  5.65060E-03 -1.27653E-04
HO2         2  3  6  1  2
 1  -5.76079E+01  1.76926E+01 -1.14840E-01  6.32410E-03 -1.40491E-04
HCN         3  3  4  5  1  1  1
 4  1.5220770936532610e+05  -3.2044022899036122e+00  -6.2670328370286370e+00   9.8433301098929671e-04  -5.1782570298829157e-08 
CN          2  4  5  1  1
 1  -2.91951E+01  1.84812E+01 -4.05392E-02  1.59698E-03 -2.43354E-05
C2N         2  4  5  2  1
 1  -5.78989E+01  3.23700E+01 -1.65325E-02  6.93770E-04 -1.52922E-05
C2N2        2  4  5  2  2
 1  -8.99336E+01  4.96128E+01  2.76604E-03 -1.51947E-03  4.88717E-05
NH          2  3  5  1  1
 1  -2.70574E+01  8.17260E+00 -6.48425E-02  2.80657E-03 -4.49521E-05
HNO         3  3  5  6  1  1  1
 1  -5.73863E+01  2.10936E+01 -1.05601E-01  5.66616E-03 -1.24175E-04
NH2         2  3  5  2  1
 1  -5.57841E+01  1.83691E+01 -1.10752E-01  4.66766E-03 -7.45860E-05
NO          2  5  6  1  1
 1  -2.87136E+01  1.56668E+01 -6.73123E-02  3.90390E-03 -8.90957E-05
NO2         2  5  6  1  2
 1  -5.97535E+01  2.31867E+01 -7.97806E-02  4.35251E-03 -9.83777E-05
N2O         2  5  6  2  1
 1  -6.02939E+01  2.70275E+01 -3.14034E-02  1.04561E-03 -1.65800E-05
H+          2  2  3 -1  1
 1   2.11854E+01 -3.26450E+01  8.05817E-02 -2.11826E-03  1.87716E-05
H-          2  2  3  1  1
 1  -2.25706E+01  3.07031E+00 -8.06193E-02  2.12627E-03 -1.88779E-05
C-          2  2  4  1  1
 1  -2.33769E+01  5.05827E+00 -2.88324E-01  1.90568E-02 -4.61682E-04
CHNO        4  3  4  5  6  1  1  1  1
 1  -8.87055E+01  4.32948E+01 -8.48295E-02  3.79865E-03 -7.44644E-05
HCO+        4  2  3  4  6 -1  1  1  1
 1  -3.66873E+01  7.29361E+00  1.46452E-01 -7.59190E-03  1.32713E-04
CN+         3  2  4  5 -1  1  1
 1  -5.01305E+00 -1.61187E+01  2.43434E-01 -1.66131E-02  4.07369E-04
CN-         3  2  4  5  1  1  1
 4   1.3453781474099014e+05  -4.2393633738121252e+00   1.1721880706865250e+01   4.1082415245535797e-04  -2.4361028062295685e-08 
CNN         2  4  5  1  2
 1  -5.84054E+01  2.62030E+01 -4.43744E-02  1.98600E-03 -3.88468E-05
NCN         2  4  5  1  2
 1  -5.80298E+01  2.96329E+01 -1.67988E-02  5.68203E-04 -1.05403E-05
C2-         2  2  4  1  2
 1  -5.29812E+01  2.60572E+01 -3.36837E-01  2.15255E-02 -5.13009E-04
C4N2        2  4  5  4  2
 1  -1.49925E+02  7.84467E+01  7.68832E-03 -7.33749E-04  9.51091E-06
HNO2(cis)   3  3  5  6  1  1  2
 1  -8.74063E+01  3.11163E+01 -7.02603E-02  2.93365E-03 -5.55102E-05
HNO2(tr)    3  3  5  6  1  1  2
 1  -8.73808E+01  3.11700E+01 -7.21800E-02  3.09010E-03 -5.93842E-05
HNO3        3  3  5  6  1  1  3
 1  -1.19035E+02  3.82942E+01 -2.68595E-02 -4.94993E-04  3.10575E-05
OH+         3  2  3  6 -1  1  1
 1  -5.24344E+00 -2.16061E+01  2.09492E-01 -1.45876E-02  3.62192E-04
OH-         3  2  3  6  1  1  1
 1  -5.09580E+01  1.63145E+01 -1.16173E-01  3.02958E-03 -2.67082E-05
N2H2        2  3  5  2  2
 1  -8.64368E+01  2.91923E+01 -1.06200E-01  4.51031E-03 -8.37302E-05
NH3         2  3  5  3  1
 4  1.3934260339498962e+05  -6.3953233547675268e+00   4.9598117838436337e+00   1.8153027760069995e-03  -8.8579356154935412e-08 
H3O+        3  2  3  6 -1  3  1
 1  -6.52594E+01  7.93555E+00 -6.65344E-03  2.27011E-05  6.44938E-07
N2H4        2  3  5  4  2
 1  -1.41569E+02  4.25729E+01 -8.28499E-02  1.89077E-03 -1.63895E-05
NO+         3  2  5  6 -1  1  1
 1  -7.93223E+00 -7.59095E+00  1.42685E-01 -7.00593E-03  1.19104E-04
NO2-        3  2  5  6  1  1  2
 1  -8.23804E+01  3.44832E+01 -3.58545E-01  2.28941E-02 -5.48950E-04
NO3         2  5  6  1  3
 1  -9.11025E+01  2.79075E+01 -2.17472E-02  3.59641E-04 -3.26641E-06
N2O3        2  5  6  2  3
 1  -1.17441E+02  3.91071E+01 -3.88276E-02  1.02625E-03 -1.33183E-05
N2O4        2  5  6  2  4
 1  -1.50454E+02  4.62544E+01  6.38407E-02 -6.29386E-03  1.66959E-04
N2O5        2  5  6  2  5
 1  -1.78535E+02  5.22542E+01  3.31267E-02 -3.59993E-03  9.25739E-05
O-          2  2  6  1  1
 1  -2.29505E+01  5.53415E+00 -2.85723E-01  1.88452E-02 -4.56046E-04
O2-         2  2  6  1  2
 1  -5.20064E+01  1.55197E+01 -3.39363E-01  2.20199E-02 -5.30088E-04
O3          1  6  3
 1  -6.00650E+01  1.50328E+01 -5.51084E-02  2.91542E-03 -6.60430E-05
CO2-        3  2  4  6  1  1  2
 1  -8.20993E+01  4.13724E+01 -1.19841E-01  3.07211E-03 -2.67970E-05
SI2         1  7  2
 1  -2.71218E+01  7.49652E+00 -8.33304E-03  8.52044E-04 -2.87818E-05
SI3         1  7  3
 1  -5.70581E+01  1.73378E+01 -3.43757E-02  2.43620E-03 -6.37450E-05
SIC         2  4  7  1  1
 1  -2.77061E+01  1.08644E+01 -4.50473E-02  3.42294E-03 -8.74553E-05
SI2C        2  4  7  1  2
 1  -5.97639E+01  2.61200E+01 -2.72754E-02  1.34528E-03 -3.01434E-05
SIC2        2  4  7  2  1
 1  -5.93015E+01  3.05578E+01 -1.51053E-02  3.14836E-04 -2.72893E-06
SIH         2  3  7  1  1
 1  -2.64140E+01  7.45913E+00 -3.75939E-02  1.12863E-03 -1.14036E-05
SIH4        2  3  7  4  1
 1  -1.13320E+02  3.18657E+01 -6.06477E-02  1.29983E-03 -1.08128E-05
SIN         2  5  7  1  1
 1  -2.80456E+01  1.34232E+01 -1.89815E-02  5.70964E-04 -7.17616E-06
SI2N        2  5  7  1  2
 1  -5.70745E+01  2.36100E+01 -3.63584E-02  2.41904E-03 -6.23802E-05
SIO         2  6  7  1  1
 4   9.5880673680878463e+04  -1.2671624428764972e+00  -5.9842930488998718e+00   2.6171975241111312e-04  -1.6740439856435894e-08 
SIO2        2  6  7  2  1
 1  -6.12100E+01  3.02681E+01 -1.95517E-02  4.53396E-04 -4.15914E-06
AL+         2  2  9 -1  1
 1   2.07913E+01 -1.57415E+01  2.03159E-01 -9.56760E-03  1.59071E-04
ALH         2  3  9  1  1
 1  -2.69378E+01  7.33414E+00 -3.93860E-02  1.60299E-03 -2.50881E-05
HALO        3  3  6  9  1  1  1
 1  -5.76611E+01  1.86600E+01 -2.25979E-02  4.79506E-04 -4.60994E-06
ALOH        3  3  6  9  1  1  1
 4   1.1664344266189750e+05  -3.4964435845299704e+00  -4.4650609359193822e+00   1.0691213808636801e-03  -5.5777575277095849e-08 
ALOH+       4  2  3  6  9 -1  1  1  1
 1  -3.50018E+01  5.48053E+00  4.43325E-02 -1.26577E-03  1.17661E-05
ALOH-       4  2  3  6  9  1  1  1  1
 1  -7.78235E+01  2.64561E+01 -1.27535E-01  3.29085E-03 -2.88186E-05
ALO2H       3  3  6  9  1  2  1
 4   1.8038562975143458e+05  -3.4280291233514504e+00  -1.9842314369273481e+01   1.0873737978756848e-03  -5.8544759406836487e-08 
ALN         2  5  9  1  1
 1  -2.82937E+01  9.10694E+00 -5.02712E-02  3.06320E-03 -7.23552E-05
ALO         2  6  9  1  1
 1  -2.76782E+01  1.21829E+01  2.98255E-02 -2.21836E-03  4.52128E-05
ALO+        3  2  6  9 -1  1  1
 1  -3.89997E+00 -1.14703E+01  1.86790E-01 -9.07976E-03  1.53411E-04
ALO2        2  6  9  2  1
 1  -5.79513E+01  2.42557E+01 -7.71725E-03  1.18168E-04 -1.16824E-06
ALO2-       3  2  6  9  1  2  1
 1  -8.12788E+01  3.28412E+01 -9.19118E-02  2.36634E-03 -2.06988E-05
AL2O        2  6  9  1  2
 4   1.2658277894328670e+05  -8.8061057047104896e-01  -2.3126600805808039e+01   3.3555171429305863e-04  -2.0145497702046532e-08 
AL2O+       3  2  6  9 -1  1  2
 1  -3.35638E+01  4.40240E+00  1.98417E-01 -9.53708E-03  1.60046E-04
AL2O2       2  6  9  2  2
 4   1.8651510621524250e+05  -1.1607947799921590e+00  -3.7378334294246542e+01   4.5867975367458458e-04  -2.8541545290958420e-08 
AL2O2+      3  2  6  9 -1  2  2
 1  -6.35688E+01  1.24134E+01  1.97509E-01 -9.55609E-03  1.60746E-04
CAL         2  4  9  1  1
 1  -2.74379E+01  8.95057E+00 -8.78439E-02  6.44214E-03 -1.68174E-04
MGH         2  3  8  1  1
 4   2.3220582445071530e+04  -1.4291121360310868e+00   8.1187414473487252e-01   3.8973184295294783e-04  -2.0558503439057188e-08 
MGOH        3  3  6  8  1  1  1
 4   9.3167686315653409e+04  -2.1370917251027777e+00  -1.0021188217539247e+01   6.2980426243025578e-04  -3.4663318886945973e-08 
MGOH+       4  2  3  6  8 -1  1  1  1
 1  -3.22604E+01 -5.72354E-01  1.59211E-01 -7.91903E-03  1.35519E-04
MG(OH)2     3  3  6  8  2  2  1
 4   1.9802177551936748e+05  -3.7115593344954618e+00  -2.8244850827173195e+01   1.2050007333181956e-03  -6.3315573930901434e-08 
MG+         2  2  8 -1  1
 1   2.32461E+01 -1.95684E+01  2.00504E-01 -9.41108E-03  1.56223E-04
MGN         2  5  8  1  1
 1  -2.45385E+01  8.28955E+00 -4.67278E-02  2.91373E-03 -6.93675E-05
MGO         2  6  8  1  1
 1  -2.45165E+01  7.64838E+00  5.19892E-02 -2.43957E-03  3.86763E-05
ALS         2  9 11  1  1
 1  -2.68449E+01  8.71924E+00  3.13769E-02 -2.20918E-03  4.40796E-05
CKN         3  4  5 13  1  1  1
 1  -5.57016E+01  2.90170E+01 -3.92469E-02  1.76281E-03 -2.95853E-05
NACN        3  4  5 12  1  1  1
 1  -5.60177E+01  2.90457E+01 -2.97987E-02  1.21345E-03 -1.93398E-05
COS         3  4  6 11  1  1  1
 1  -6.08816E+01  3.33362E+01 -1.57416E-02  6.84627E-05  5.92278E-06
CS          2  4 11  1  1
 1  -3.01283E+01  1.75983E+01 -5.63333E-02  2.53432E-03 -4.22519E-05
CS2         2  4 11  1  2
 1  -6.07216E+01  2.79634E+01 -2.64765E-02  1.12482E-03 -2.42986E-05
C2K2N2      3  4  5 13  2  2  2
 1  -1.38455E+02  6.10038E+01  5.05777E-02 -4.20648E-03  1.08705E-04
C2N2NA2     3  4  5 12  2  2  2
 1  -7.51699E+01  2.81450E+01 -4.21880E-02  2.85629E-03 -6.70677E-05
FE(OH)2     3  3  6 10  2  2  1
 4   2.0137008808926228e+05  -3.5320711673334131e+00  -3.1762265500299691e+01   1.4453866942661930e-03  -9.1579927049764698e-08 
FEO         2  6 10  1  1
 1  -2.83606E+01  1.05430E+01 -8.10224E-02  5.15287E-03 -1.25274E-04
FEH         2  3 10  1  1
 3   0.00000E+00 -3.87740E+04  2.47290E+01 -4.64016E-04  6.79410E-08
HK          2  3 13  1  1
 1  -2.46474E+01  4.76296E+00 -4.16539E-02  2.48346E-03 -5.83822E-05
KOH         3  3  6 13  1  1  1
 4   9.4380856503625211e+04  -1.8693312756848570e+00  -1.1884751139563377e+01   5.9739199137291699e-04  -4.1095194434044723e-08 
NAH         2  3 12  1  1
 1  -2.51026E+01  5.16785E+00 -3.60587E-02  1.94417E-03 -4.30454E-05
NAOH        3  3  6 12  1  1  1
 1  -5.41449E+01  1.89413E+01 -4.59540E-02  1.92794E-03 -3.08759E-05
HS          2  3 11  1  1
 4   4.229745252551203e+04   -1.068888691877457e+00   -3.461164797702882e+00   -6.663915252224985e-05    9.32263064688079e-09
K2O2H2      3  3  6 13  2  2  2
 4   2.1128493788419775e+05  -5.2893952263975734e+00  -3.1649952724163541e+01   2.0684557729304665e-03  -1.2991455178961361e-07 
NA2O2H2     3  3  6 12  2  2  2
 4   2.1003463207805136e+05  -5.2207292999112269e+00  -3.2984337719065479e+01   1.9356377332105379e-03  -1.0831922936712236e-07 
H2SO4       3  3  6 11  2  4  1
 1  -1.78299E+02  5.91376E+01 -3.14894E-02  3.61687E-04 -1.45707E-06
H2S         2  3 11  2  1
 4   8.7168532747776495e+04  -4.0314996654905144e+00   3.1699185505935930e+00   1.0882665209742681e-03  -5.4671433372566286e-08 
K+          2  2 13 -1  1
 4  -5.0428870606528901e+04   2.3150845131435887e+00  -1.3728565713479838e+01   1.6536722298159112e-04  -2.0732569821040420e-08 
KO          2  6 13  1  1
 1  -2.50101E+01  6.63961E+00 -2.12870E-02  6.74006E-04 -7.04260E-06
KO-         3  2  6 13  1  1  1
 1  -4.89559E+01  1.36886E+01 -3.24390E-01  2.12790E-02 -5.14200E-04
K2          1 13  2
 1  -2.29668E+01  1.35858E+00 -1.35371E-02  7.24797E-04 -1.60772E-05
MGS         2  8 11  1  1
 1  -2.38458E+01  6.33428E+00  3.24785E-02 -1.26732E-03  1.65719E-05
SN          2  5 11  1  1
 1  -2.79435E+01  1.21292E+01 -5.21488E-02  2.34878E-03 -3.90787E-05
NA+         2  2 12 -1  1
 4  -5.9669080626193601e+04   2.4064428067534038e+00  -1.4302114992768679e+01   7.7345550006338581e-05  -8.6895126886874272e-09 
NAO         2  6 12  1  1
 1  -2.53197E+01  6.82584E+00 -3.63329E-02  2.20170E-03 -5.15318E-05
NAO-        3  2  6 12  1  1  1
 1  -4.85244E+01  1.28021E+01 -9.40452E-02  2.45915E-03 -2.17206E-05
NA2         1 12  2
 1  -2.44144E+01  2.20255E+00 -6.00936E-02  3.10399E-03 -5.49208E-05
SO          2  6 11  1  1
 1  -2.89971E+01  1.29926E+01 -6.33653E-02  3.82418E-03 -9.05423E-05
S2O         2  6 11  1  2
 1  -5.85118E+01  2.13385E+01 -8.04080E-02  4.82905E-03 -1.15527E-04
SO2         2  6 11  2  1
 1  -6.01171E+01  2.63060E+01 -6.15231E-02  3.20345E-03 -7.16436E-05
SIS         2  7 11  1  1
 4   7.4465587290862226e+04  -1.0511436476332392e+00  -6.7461451271290116e+00   1.8068318280485551e-04  -1.2959102507895993e-08 
H2          1  3  2
 4   5.1909637142380554e+04  -1.8011701211306956e+00   8.7224583233705744e-02   2.5613890164973008e-04  -5.3540255367406060e-09 
N2          1  5  2
 4   1.1321008274230361e+05  -1.7994896628422907e+00  -2.0335461750910326e+00   4.3130320268294775e-04  -2.4843266069607677e-08  
O2          1  6  2
 1  -3.01440E+01  1.23894E+01 -4.96055E-02  2.63048E-03 -5.71706E-05
S2          1 11  2
 4   5.0801926400500393e+04  -1.5188154809815444e+00  -3.1893442623204464e+00   4.6169709844089135e-04  -2.6090152588723804e-08 
FES         2 10 11  1  1
 4   3.8348450390698650e+04  -1.4833581947387415e+00  -2.0294951257712910e+00   3.7319394104259190e-04  -2.9027277492704889e-08 
C+          2  2  4 -1  1
 1   2.32678E+01 -2.95076E+01  5.43002E-01 -3.32605E-02  6.85486E-04
N+          2  2  5 -1  1
 1   2.26858E+01 -3.48234E+01  8.06662E-02 -2.12430E-03  1.88436E-05
O+          2  2  6 -1  1
 1   2.16919E+01 -3.33262E+01  2.23016E-01 -1.20273E-02  2.36243E-04
CNO         3  4  5  6  1  1  1
 1  -5.91749E+01  3.09665E+01 -2.81824E-02  8.68850E-04 -1.18559E-05
TIO         2 14  6  1  1
 4   8.0246913463526973e+04  -8.4660220965548660e-01  -7.6714063450601770e+00   1.5119599969666553e-04  -2.2047299244952305e-08 
TIO2        2 14  6  1  2
 4   1.5331008680959255e+05  -1.7150138997147906e+00  -1.8334613322190307e+01   4.4282177413010326e-04  -4.3878547620906401e-08 
TIC         2 14  4  1  1
 1   0.00000E+00  0.00000E+00  0.00000E+00  0.00000E+00  0.00000E+00  
TIC2        2 14  4  1  2
 1  -6.21420E+01  3.11678E+01 -1.05650E+00  1.52363E-01 -7.79190E-03
TIS         2 14 11  1  1
 4   5.635505859080483e+04    1.825068586211428e+00   -2.478276475976093e+01   -1.485051598826322e-03    8.20702233375652e-08
TICL        2 14 17  1  1
 1  -2.61856E+01  1.06807E+01 -1.30195E-02  4.09790E-04 -4.39789E-06
TICL2       2 14 17  1  2
 1  -5.70539E+01  2.30517E+01 -2.15943E-02  6.39906E-04 -6.54338E-06
TICL4       2 14 17  1  4     
 4   2.0681468602945458e+05  -1.4891080866570405e+00  -4.9118789392003237e+01   6.1535423904868214e-04  -5.0937268557197643e-08 
TI+         2  2 14 -1  1
 1   2.31667E+01 -1.76182E+01  1.90299E-01 -8.97969E-03  1.50066E-04 
S+          2  2 11 -1  1
 1   2.16211E+01 -2.57166E+01  1.99802E-01 -9.84352E-03  1.69172E-04
SI+         2  2  7 -1  1
 1   2.19090E+01 -2.06391E+01  1.92716E-01 -9.28472E-03  1.57071E-04
FE+         2  2 10 -1  1
 1   2.30171E+01 -2.01522E+01  2.11926E-01 -1.02509E-02  1.73904E-04
C3H         2  3  4  1  3
 1  -9.39247E+01  5.01089E+01 -2.15008E+00  3.19207E-01 -1.71655E-02
CA+         2  2 15 -1  1
 4  -7.1024198931164487e+04   2.2426084168072009e+00  -1.1861243662227025e+01   2.1170817987284374e-04  -2.3275060186835147e-08 
CAOH        3 15  6  3  1  1  1
 4   1.0031800247760808e+05  -2.2486659076276965e+00  -8.9565267634409338e+00   7.9931737140792603e-04  -5.9143015706948803e-08 
CA(OH)2     3 15  6  3  1  2  2
 4   2.0631227197074692e+05  -3.6724923731921422e+00  -2.6998398160056695e+01   1.3481692558076630e-03  -8.9413071246111379e-08 
CAO         2 15  6  1  1
 1  -2.56756E+01  8.80678E+00  7.58349E-02 -4.90621E-03  9.65858E-05
CAS         2 15 11  1  1
 1  -2.49247E+01  7.72480E+00  2.83080E-02 -1.18079E-03  1.35386E-05
CA2         1 15  2
 1  -2.57492E+01  2.62271E+00 -3.68538E-01  2.55938E-02 -6.31240E-04
CAH         2  3 15  1  1
 2   1.13401E+01 -3.01442E+00 +4.23487E-01 -6.14674E-02 +3.16392E-03
TIH         2  3 14  1  1
 3  -3.04561E+05 -4.91489E+04 +2.32539E+01 -1.56846E-04 +4.53896E-08
LI+         2  2 16 -1  1
 1   2.11394E+01 -1.37324E+01  7.92646E-02 -2.08380E-03  1.84643E-05
LIH         2  3 16  1  1
 4   2.8111043016459513e+04  -1.4158386711209801e+00  -7.8666594225597919e-01   4.1852758950745167e-04  -2.5552379279038449e-08 
LIO         2  6 16  1  1
 1  -2.61033E+01  8.13299E+00 -3.98791E-02  1.84529E-03 -3.13140E-05
LIOH        3  6 16  3  1  1  1
 4   1.0303418957996897e+05  -1.9428561825367296e+00  -1.1942197427929841e+01   5.7234762281557772e-04  -3.3821243509426450e-08 
LICL        2 16 17  1  1
 4   5.6976779057044143e+04  -1.1797326869122458e+00  -3.2599855755250928e+00   3.0299581569936951e-04  -1.9948349547557206e-08 
NACL        2 12 17  1  1
 1  -2.59817E+01  1.01054E+01 -2.47387E-02  7.63659E-04 -7.82054E-06
KCL         2 13 17  1  1
 4   5.0813600313931551e+04  -1.0575929903886561e+00  -3.4511866085649672e+00   3.1648873188103166e-04  -2.5850699628039386e-08 
CACL        2 15 17  1  1
 1  -2.50462E+01  1.01588E+01 -6.01812E-02  2.95521E-03 -5.11366E-05
CACL2       2 15 17  1  2
 4   1.0695704431682908e+05  -1.1625760883736973e+00  -1.5909430060170052e+01   5.5665303682200795e-04  -5.1083512781713723e-08 
HCL         2 17  3  1  1
 4   5.1302808406796255e+04  -2.1317347333650645e+00   2.8770943892947116e+00   4.4560544827561277e-04  -1.9214369865586877e-08 
CL+         2  2 17 -1  1
 1   2.30274E+01 -3.18758E+01  2.06441E-01 -9.70291E-03  1.61146E-04
CL-         2  2 17  1  1
 4   4.1889934909013085e+04  -2.8143533392499336e+00   1.4880118073403537e+01   8.3394353267020327e-05  -3.8321948094492151e-09 
MGCL        2  8 17  1  1
 1  -2.50724E+01  7.79257E+00 -2.69281E-02  8.31337E-04 -8.52283E-06
MGCL2       2  8 17  1  2
 4   9.3813820957895252e+04  -1.0141215117416493e+00  -1.7731499363501598e+01   3.4707061328811961e-04  -2.1301413633266451e-08 
MG2CL4      2  8 17  2  4
 1  -1.33668E+02  4.11775E+01  2.34875E-02 -8.98258E-04  9.90428E-06
FECL        2 10 17  1  1 
 4   3.4094796997219601e+04  -1.1068935525349701e+00  -3.4562282015017445e+00   3.1558318740160241e-04  -2.7943137956042138e-08 
FECL2       2 10 17  1  2 
 4   9.5681251094030828e+04  -1.7227213359449536e+00  -1.4386370236987659e+01   7.0722900844390202e-04  -4.7000271048542149e-08 
ALCL        2  9 17  1  1
 1  -2.76612E+01  1.23323E+01 -2.56271E-02  7.75756E-04 -7.89513E-06 
ALCL2       2  9 17  1  2
 1  -5.47319E+01  2.08495E+01 -3.74473E-02  1.12891E-03 -1.14901E-05
ALCL3       2  9 17  1  3 
 1  -8.49275E+01  3.08298E+01 -1.97718E-02  4.95954E-04 -4.64969E-06
AL2CL6      2  9 17  2  6
 1  -1.97528E+02  6.35029E+01  6.00666E-02 -2.26792E-03  2.48387E-05
SICL        2  7 17  1  1
 1  -2.70247E+01  9.30505E+00 -3.24939E-02  1.02735E-03 -1.06455E-05 
SICL2       2  7 17  1  2 
 1  -5.63103E+01  2.11108E+01 -4.26784E-02  1.31040E-03 -1.34788E-05
SICL3       2  7 17  1  3 
 1  -8.51354E+01  2.91279E+01 -2.52132E-02  6.79228E-04 -6.65207E-06
SICL4       2  7 17  1  4 
 1  -1.16863E+02  3.83522E+01 -7.55124E-03  3.90669E-05  2.90735E-07
H2-         2  2  3  1  1
 1  -4.78155E+01  6.28358E+00 -9.88729E-02  2.56818E-03 -2.25815E-05
H2+         2  2  3 -1  1 
 1  -4.44248E+00 -2.61139E+01  6.06546E-02 -1.63267E-03  1.46531E-05
HE+         2  2  1 -1  1
 1   2.37401E+01 -5.91344E+01  3.60437E-01 -2.45675E-02  6.01983E-04
ALO-        3  2  6  9  1  1  1
 4   1.0103612686401978e+05  -3.5628249924884585e+00   7.4929974326028059e+00   2.3130363646839402e-04  -1.2357872983177978e-08 
LI2O2H2     3  6 16  3  2  2  2
 1  -1.42124E+02  4.77274E+01 -4.16883E-02  7.78906E-04 -5.94719E-06
LI2CL2      2 16 17  2  2 
 1  -8.13834E+01  2.79625E+01 -1.90946E-02  5.30478E-04 -5.33832E-06
LI3CL3      2 16 17  3  3 
 1  -1.39530E+02  4.40624E+01  1.47870E-02 -7.57431E-04  8.77008E-06
K2CL2       2 13 17  2  2
 4   1.2456455787831328e+05  -1.1106794090512722e+00  -2.8647096326360725e+01   5.4035933833035399e-04  -5.1608881934251917e-08 
NA2CL2      2 12 17  2  2
 4   1.2280280456745252e+05  -1.0328257111722223e+00  -3.0861258773428972e+01   4.0426611860147621e-04  -2.9832649395383410e-08 
TIOCL       3 14  6 17  1  1  1
 4   1.3070660129172381e+05  -1.1348152738612498e+00  -2.2161325777617549e+01   4.0026275745982942e-04  -4.2074081647141946e-08 
TIOCL2      3 14  6 17  1  1  2
 4   1.8144366177937781e+05  -1.4525136343798977e+00  -3.3040277003147366e+01   4.8588002555732812e-04  -4.6061663922970114e-08 
NA2SO4      3 12  6 11  2  4  1
 1  -1.77470E+02  6.00553E+01  3.76423E-02 -1.74073E-03  1.98758E-05
K2SO4       3 13  6 11  2  4  1
 1  -1.76703E+02  6.06728E+01  3.04601E-02 -1.44215E-03  1.64795E-05
ALOCL       3  6  9 17  1  1  1
 1  -5.81431E+01  2.52314E+01 -1.10474E-02  2.26118E-04 -1.95235E-06
LIN         2 16  5  1  1
 1  -2.52331E+01  7.37471E+00 -2.10029E-02  6.35373E-04 -6.49792E-06
S7          1 11  7          
 1  -1.75654E+02  4.34076E+01  1.87413E-02 -6.01856E-04  5.93333E-06
S8          1 11  8
 1  -2.06374E+02  5.00617E+01  5.52495E-02 -2.17612E-03  2.38858E-05
FE(CO)5     3 10  4  6  1  5  5
 1  -3.01735E+02  1.42303E+02  6.56068E-02 -3.01484E-03  3.45777E-05
SI(CH3)4    3  7  4  3  1  4 12
 4   7.46901E+05  1.54395E+00 -2.14385E+02 -3.29447E-02  9.11663E-06
SICH3CL3    4  7  4  3 17  1  1  3  3  
 1  -2.34549E+02  6.74565E+01 -1.54639E-01  3.63246E-03 -2.97681E-05
SIH3CL      3  7  3 17  1  3  1
 1  -1.12694E+02  3.35594E+01 -4.80413E-02  9.75319E-04 -7.85226E-06
