184
AlC         2   Al C 1 1
  3     761223.0   -88520.0   26.3399   0.000209197   -2.13086e-08           
AlCl         2   Al Cl 1 1
  3     188924.0   -121504.0   26.1221   0.000315178   -2.07655e-08           
AlClF         3   Al Cl F 1 1 1
  3     701351.0   -247529.0   53.3236   0.00022873   -1.53e-08           
AlOCl         3   Al Cl O 1 1 1
  3     765916.0   -254000.0   61.0901   3.92406e-05   -1.08355e-08           
AlCl2         2   Al Cl 1 2
  3     704255.0   -207583.0   53.0093   0.00025191   -1.69088e-08           
AlCl3         2   Al Cl 1 3
  3     287548.0   -307771.0   85.8102   0.000100552   -5.97208e-09           
AlF         2   Al F 1 1
  3     200445.0   -162732.0   28.0276   0.000261782   -1.60475e-08           
AlOF         3   Al F O 1 1 1
  3     616111.0   -299645.0   63.0711   -0.000130321   6.00847e-09           
AlF2         2   Al F 1 2
  3     704605.0   -286526.0   56.6162   0.000207716   -1.38227e-08           
AlF3         2   Al F 1 3
  3     324054.0   -427191.0   91.409   -2.46342e-05   0.0           
AlH         2   Al H 1 1
  3     852428.0   -72869.0   25.5046   0.000268907   -2.72109e-08           
AlOH         3   Al H O 1 1 1
  3     1019010.0   -239925.0   61.5071   0.00015265   -1.37783e-08           
HAlO         3   Al H O  1 1 1
  3     951037.0   -187634.0   59.833   8.9806e-05   -1.46266e-08           
AlO2H         3   Al H O 1 1 2
  3     994834.0   -366363.0   90.9265   0.000103148   -8.91785e-09           
AlN         2   Al N 1 1
  3     201589.0   -68235.4   23.2567   0.000180755   -6.33565e-09           
AlO         2   Al O 1 1
  3     355090.0   -125068.0   29.4347   -0.00039798   2.26575e-08           
AlO2         2   Al O 1 2
  3     220865.0   -220035.0   58.454   0.0   0.0           
AlS         2   Al S 1 1
  3     785806.0   -100461.0   27.2853   0.000199862   -2.02304e-08           
Al2O         2   Al O 2 1
  3     60728.1   -252793.0   58.5868   2.94808e-05   0.0           
Al2O2         2   Al O 2 2
  3     30623.2   -372087.0   90.7532   5.11736e-05   0.0           
BrCa         2   Br Ca 1 1
  3     219268.0   -82818.7   20.0659   -1.39623e-05   3.80996e-08           
BrH         2   Br H 1 1
  3     345497.0   -90029.0   24.7721   0.000545429   -3.26198e-08           
BrK         2   Br K 1 1
  3     391857.0   -93295.7   22.6395   -0.000262993   5.65734e-08           
BrMg         2   Br Mg 1 1
  3     -1265630.0   -65099.1   14.2188   0.0019587   -1.56937e-07           
BrNa         2   Br Na 1 1
  3     241244.0   -88298.0   22.3993   0.000115203   6.6272e-09           
Br2Ca         2   Br Ca 2 1
  3     0.0   -188233.0   45.4301   4.08364e-05   3.69544e-08           
Br2Mg         2   Br Mg 2 1
  3     82755.5   -161545.0   47.5293   0.000166312   0.0           
CH         2   C H 1 1
  3     408366.0   -84449.1   25.4152   0.000107036   -1.04264e-08           
HCN         3   C H N 1 1 1
  3     602063.0   -308724.0   60.0139   0.000166592   -1.1252e-08           
CHNO         4   C H N O 1 1 1 1
  3     764992.0   -426302.0   91.9995   0.000286974   -1.5291e-08           
HCO         3   C H O 1 1 1
  3     607224.0   -277376.0   56.6759   0.000480619   -2.82627e-08           
CH2         2   C H 1 2
  3     699399.0   -188493.0   53.363   0.000515801   -3.28189e-08           
H2CO         3   C H O 1 2 1
  3     991212.0   -370812.0   90.3305   0.00043962   -3.01393e-08           
CH3         2   C H 1 3
  3     1067130.0   -301022.0   84.7773   0.000614095   -4.34934e-08           
CH4         2   C H 1 4
  3     1515910.0   -409711.0   119.952   0.000571281   -4.77554e-08           
CN         2   C N 1 1
  3     451527.0   -183350.0   29.7771   0.000158267   -1.7251e-08           
CNO         3   C N O 1 1 1
  3     322530.0   -308692.0   62.0446   5.46329e-05   0.0           
CO         2   C O 1 1
  3     330340.0   -259792.0   32.3662   0.000333339   -1.69521e-08           
COS         3   C O S 1 1 1
  3     384946.0   -333394.0   65.9981   -6.67359e-05   0.0           
CO2         2   C O 1 2
  3     534072.0   -388536.0   69.5497   0.0   0.0           
CP         2   C P 1 1
  3     188786.0   -141029.0   27.4762   0.000223829   3.00269e-09           
CS         2   C S 1 1
  3     254293.0   -172618.0   30.5596   0.000267035   -1.59172e-08           
CS2         2   C S 1 2
  3     241613.0   -278285.0   65.2867   -0.000107214   0.0           
SiC         2   C Si 1 1
  3     8922.45   -106824.0   26.5205   0.00016783   -7.50467e-09           
Si2C         2   C Si 1 2
  3     234924.0   -260546.0   62.9047   0.000275378   -3.6463e-08           
C2         1   C 2
  3     226786.0   -143775.0   29.2429   0.000169434   -1.79867e-08           
C2H         2   C H 2 1
  3     631402.0   -285395.0   59.7427   0.000113748   -2.04586e-08           
C2H2         2   C H 2 2
  3     811613.0   -399041.0   91.525   2.53889e-05   -2.03949e-08           
C2H4         2   C H 2 4
  3     1577560.0   -551401.0   151.644   0.000293007   -3.54396e-08           
C2N         2   C N 2 1
  3     305118.0   -324444.0   59.8669   0.0   0.0           
C2N2         2   C N 2 2
  3     177312.0   -497555.0   96.243   -4.71719e-05   0.0           
C2O         2   C O 2 1
  3     356583.0   -336691.0   63.012   -0.000215913   1.12031e-08           
C3H         2   C H 3 1
  2     40.7912   -21.7625   0.933772   -0.13863   0.00745491           
C3O2         2   C O 3 2
  3     225493.0   -659131.0   131.404   -0.000212679   0.0           
CaCl         2   Ca Cl 1 1
  3     289596.0   -98870.7   21.3234   -0.000127956   4.4921e-08           
CaCl2         2   Ca Cl 1 2
  3     275428.0   -215484.0   49.1645   -0.000441153   7.17853e-08           
CaF         2   Ca F 1 1
  3     278304.0   -128731.0   22.7796   -0.000159953   4.91532e-08           
CaF2         2   Ca F 1 2
  3     359500.0   -270725.0   51.0997   -0.000196516   6.15049e-08           
CaH         2   Ca H 1 1
  2     11.34   -3.0144   0.42349   -0.061467   0.0031639           
CaOH         3   Ca H O 1 1 1
  3     481970.0   -204396.0   51.448   -0.000190986   4.94457e-08           
Ca(OH)2      3   Ca H O 1 2 2
  3     753266.0   -417799.0   108.393   -0.000336165   6.0781e-08           
CaO         2   Ca O 1 1
  3     982733.0   -97961.5   30.2045   -0.00163458   1.22927e-07           
CaS         2   Ca S 1 1
  3     749535.0   -84837.4   28.6689   -0.00190377   1.60756e-07           
FeCl         2   Cl Fe 1 1
  3     119721.0   -69635.8   23.1413   0.000116921   1.7476e-08           
HCl         2   Cl H 1 1
  3     430684.0   -106291.0   26.1097   0.000466915   -2.90088e-08           
SiH3Cl      3   Cl H Si 1 3 1
  3     824263.0   -334096.0   113.001   0.000219972   -1.86462e-08           
KCl         2   Cl K 1 1
  3     457163.0   -104386.0   23.8671   -0.000371773   6.2259e-08           
MgCl         2   Cl Mg 1 1
  3     261583.0   -76453.0   21.3899   0.000140106   4.37268e-10           
NaCl         2   Cl Na 1 1
  3     307543.0   -100087.0   23.6342   1.24759e-05   1.23522e-08           
SrCl         2   Cl Sr 1 1
  3     283902.0   -99845.7   21.1864   -0.00023967   6.44972e-08           
TiCl         2   Cl Ti 1 1
  3     -533589.0   -103003.0   21.4884   0.000610716   -2.38718e-08           
ZrCl         2   Cl Zr 1 1
  3     2037640.0   -136193.0   32.805   -0.00158822   1.43671e-07           
FeCl2        2   Cl Fe 2 1
  3     231158.0   -193215.0   53.996   -0.000258974   3.49128e-08           
MgCl2         2   Cl Mg 2 1
  3     224867.0   -188677.0   50.3953   -6.12749e-05   1.16459e-08           
SrCl2         2   Cl Sr 2 1
  3     382681.0   -213043.0   46.2372   -0.000259593   7.99209e-08           
TiCl2         2   Cl Ti 2 1
  3     -316823.0   -226943.0   55.4141   0.000660033   -3.68589e-08           
ZrCl2         2   Cl Zr 2 1
  3     2116300.0   -259055.0   63.1875   -0.00162636   1.34117e-07           
CrH         2   Cr H 1 1
  2     12.297   -4.4505   0.50079   -0.071306   0.0036224           
CrO         2   Cr O 1 1
  3     48555.2   -110261.0   24.2209   0.000442743   6.46033e-09           
CrO2         2   Cr O 1 2
  3     163667.0   -233846.0   57.1937   0.000471718   1.12343e-08           
CrO3         2   Cr O 1 3
  3     161401.0   -345686.0   97.3923   0.000182878   2.60013e-08           
CuH         2   Cu H 1 1
  2     12.152   -3.919   0.30976   -0.043389   0.0021933           
CuO         2   Cu O 1 1
  3     76687.0   -67710.8   23.2293   0.000259273   0.0           
CuS         2   Cu S 1 1
  2     12.511   -4.2636   0.3775   -0.054068   0.0027545           
FeF         2   F Fe 1 1
  3     180919.0   -108616.0   26.4979   0.000258587   9.59261e-09           
HF         2   F H 1 1
  3     448170.0   -139254.0   27.6153   0.00053015   -3.37792e-08           
SiH3F      3   F H Si 1 3 1
  3     845148.0   -380353.0   115.028   0.000205416   -1.76493e-08           
KF         2   F K 1 1
  3     434955.0   -120941.0   25.302   -0.000391875   6.42692e-08           
MgF         2   F Mg 1 1
  3     246987.0   -112516.0   22.9716   0.000127751   9.28918e-10           
NaF         2   F Na 1 1
  3     289112.0   -115949.0   25.0664   -1.39764e-05   1.43089e-08           
TiOF         3   F O Ti 1 1 1
  3     -828389.0   -291571.0   57.3306   0.00153389   -9.28696e-08           
SrF         2   F Sr 1 1
  3     264696.0   -130451.0   22.6748   -0.00026405   6.8e-08           
TiF         2   F Ti 1 1
  3     -548274.0   -145737.0   22.8981   0.000605036   -2.2022e-08           
ZrF         2   F Zr 1 1
  3     2022450.0   -155331.0   33.9389   -0.00168492   1.45526e-07           
FeF2         2   F Fe 2 1
  3     -2224.66   -230776.0   57.3627   -0.000239486   3.74619e-08           
MgF2         2   F Mg 2 1
  3     311060.0   -249116.0   53.4897   0.000200443   0.0           
SrF2         2   F Sr 2 1
  3     340709.0   -262597.0   49.0801   -0.000316449   8.39295e-08           
TiF2         2   F Ti 2 1
  3     -340935.0   -314461.0   58.0688   0.000606642   -3.31096e-08           
ZrF2         2   F Zr 2 1
  3     2211690.0   -328502.0   63.5433   -0.00137843   1.23594e-07           
Fe(OH)2      3   Fe H O 1 2 2
  3     418570.0   -405885.0   114.517   -0.000248115   3.53182e-08           
FeO         2   Fe O 1 1
  3     218545.0   -100927.0   26.9229   0.000253772   4.3749e-09           
FeS         2   Fe S 1 1
  3     45675.7   -77745.6   23.9279   0.000302718   6.29763e-09           
KH         2   H K 1 1
  3     461020.0   -46940.0   22.051   -0.000410568   6.33994e-08           
KOH         3   H K O 1 1 1
  3     610635.0   -192537.0   52.6452   -0.000387715   6.44699e-08           
MgH         2   H Mg 1 1
  3     290391.0   -49144.9   19.6635   0.000152956   -6.37175e-09           
MgOH         3   H Mg O 1 1 1
  3     447672.0   -189626.0   51.7801   0.000115404   3.34857e-10           
MnH         2   H Mn 1 1
  2     11.736   -3.6834   0.41609   -0.060528   0.0031247           
NH         2   H N 1 1
  3     411181.0   -77974.6   24.2428   0.000409611   -2.55866e-08           
HNO         3   H N O 1 1 1
  3     624780.0   -205700.0   56.4594   0.00046449   -2.07625e-08           
HNO2(trans)       3   H N O  1 1 2
  3     698937.0   -308668.0   89.6184   0.000267463   -1.22202e-08           
HNO2(cis)         3   H N O  1 1 2
  3     703172.0   -308237.0   89.7218   0.00025675   -1.15238e-08           
HNO3         3   H N O 1 1 3
  3     802373.0   -382689.0   126.355   1.6505e-05   -2.0296e-10           
NaH         2   H Na 1 1
  3     327109.0   -50418.1   22.0731   -3.03e-05   1.3e-08           
NaOH         3   H Na O 1 1 1
  3     458004.0   -187821.0   52.0271   -7.30966e-06   1.43238e-08           
NiH         2   H Ni 1 1
  2     12.52   -3.4331   0.1963   -0.025377   0.0012412           
OH         2   H O 1 1
  3     415670.0   -105260.0   25.4985   0.00047802   -2.82416e-08           
SrOH       3   H O Sr 1 1 1
  3     473641.0   -203502.0   51.127   -0.00030475   6.93937e-08           
PH         2   H P 1 1
  3     331648.0   -73846.6   22.8504   0.000255732   -7.78115e-09           
HS         2   H S 1 1
  3     365656.0   -87717.2   24.1557   0.000340917   -2.09217e-08           
SiH         2   H Si 1 1
  3     245408.0   -71775.2   22.9449   0.000452999   -2.69915e-08           
SrH         2   H Sr 1 1
  2     11.827   -3.6194   0.67189   -0.098927   0.0051226           
ZrH         2   H Zr 1 1
  3     1396550.0   -82127.8   27.167   -0.000267893   4.48746e-08           
H2         1   H 2
  3     425321.0   -107123.0   26.998   0.00054828   -3.81498e-08           
Mg(OH)2    3   H Mg O 2 1 2
  3     728023.0   -400948.0   111.212   5.22e-05   1.76309e-11           
NH2         2   H N 2 1
  3     879993.0   -177983.0   52.8632   0.000637403   -4.63748e-08           
H2O         2   H O 2 1
  3     866184.0   -227857.0   56.1473   0.000762548   -4.95254e-08           
H2O2Sr         3   H O Sr 2 2 1
  3     725952.0   -410409.0   105.863   -0.000458167   8.3358e-08           
H2SO4         3   H O S 2 4 1
  3     936433.0   -592570.0   190.572   -0.000299786   1.02593e-08           
PH2         2   H P 2 1
  3     575972.0   -158572.0   49.5029   0.000502064   -1.46743e-08           
H2S         2   H S 2 1
  3     741911.0   -181063.0   53.5114   0.000494594   -3.39231e-08           
SiH2         2   H Si 2 1
  2     24.664   -6.8873   0.08371   -0.010058   0.00049291           
NH3         2   H N 3 1
  3     1236260.0   -289588.0   85.2686   0.000566638   -3.66862e-08           
PH3         2   H P 3 1
  3     843855.0   -237749.0   81.4198   0.000366264   -1.23043e-08           
SiH3         2   H Si 3 1
  2     36.329   -10.556   0.080945   -0.0086212   0.00039864           
SiH4         2   H Si 4 1
  3     983348.0   -316438.0   113.885   0.000290172   -2.37569e-08           
KO         2   K O 1 1
  3     411974.0   -66340.3   22.8416   -0.000441578   6.69852e-08           
K2SO4       3   K O S 2 4 1
  3     769152.0   -614396.0   192.611   -0.00205045   2.0404e-07           
MgN         2   Mg N 1 1
  3     250267.0   -80949.5   20.5587   4.19383e-05   1.08947e-08           
MgO         2   Mg O 1 1
  3     -368825.0   -79199.1   22.4741   -0.000333176   3.46191e-08           
MgS         2   Mg S 1 1
  3     -364897.0   -64727.8   20.415   -0.000193425   2.73835e-08           
MnO         2   Mn O 1 1
  2     13.246   -5.4769   0.43125   -0.063093   0.0032606           
MnS         2   Mn S 1 1
  2     13.151   -4.3821   0.45737   -0.066849   0.0034521           
NO         2   N O 1 1
  3     318598.0   -153355.0   27.9315   0.00027697   -9.14848e-09           
NO2         2   N O 1 2
  3     470857.0   -228020.0   61.8243   0.000324505   -9.54732e-09           
NO3         2   N O 1 3
  3     442258.0   -278648.0   98.2856   6.50496e-06   7.35167e-09           
PN         2   N P 1 1
  3     217270.0   -169530.0   27.7341   0.000205285   8.52568e-09           
SN         2   N S 1 1
  3     271848.0   -118293.0   26.5189   0.000188122   -5.20791e-09           
SiN         2   N Si 1 1
  3     330323.0   -134105.0   28.2397   -4.0599e-05   5.40508e-09           
TiN         2   N Ti 1 1
  2     14.033   -6.4552   0.5371   -0.076826   0.0039056           
ZrN         2   N Zr 1 1
  3     1235680.0   -95328.2   31.5618   -0.000299673   5.36403e-08           
N2         1   N 2
  3     380144.0   -228698.0   30.9554   0.000271276   -6.21e-09           
N2O         2   N O 2 1
  3     431224.0   -269421.0   64.4178   1.28733e-05   7.77099e-09           
N2O4         2   N O 2 4
  3     592417.0   -467573.0   163.906   -0.000525057   3.57897e-08           
NaO         2   Na O 1 1
  3     263420.0   -67002.7   22.5316   -5.08732e-05   1.70476e-08           
Na2SO4         3   Na O S 2 4 1
  3     484202.0   -607375.0   192.565   -0.00129338   1.03953e-07           
NiO         2   Ni O 1 1
  2     13.013   -5.0171   0.21076   -0.028251   0.0014           
PO         2   O P 1 1
  3     128604.0   -143605.0   26.3196   0.000283274   0.0           
SO         2   O S 1 1
  3     321629.0   -127035.0   28.9402   0.000125603   -9.85969e-09           
ScO         2   O Sc 1 1
  2     13.747   -8.642   0.48072   -0.06967   0.0035747           
SiO         2   O Si 1 1
  3     182780.0   -192839.0   30.3804   0.000416079   -1.91035e-08           
SrO         2   O Sr 1 1
  3     1007200.0   -108101.0   30.1072   -0.00170092   1.38629e-07           
TiO         2   O Ti 1 1
  3     -438897.0   -158111.0   24.9224   0.00108714   -5.62504e-08           
VO         2   O V 1 1
  3     372448.0   -154943.0   30.3026   0.000426039   -1.15337e-08           
YO         2   O Y 1 1
  2     13.514   -8.7775   0.407   -0.058053   0.0029535           
ZrO         2   O Zr 1 1
  3     1159930.0   -198326.0   36.0419   -0.00119334   1.02142e-07           
O2         1   O 2
  3     317263.0   -121503.0   31.1753   0.000253855   -1.73743e-08           
SO2         2   O S 2 1
  3     416261.0   -259787.0   63.0161   0.00023025   -1.21022e-08           
ScO2         2   O Sc 2 1
  2     26.909   -15.824   0.39999   -0.059363   0.0030875           
SiO2         2   O Si 2 1
  3     261948.0   -302036.0   65.9588   0.000107405   0.0           
TiO2         2   O Ti 2 1
  3     -332351.0   -304694.0   58.6984   0.00117096   -5.06729e-08           
VO2         2   O V 2 1
  3     356520.0   -301059.0   61.7016   0.000449857   0.0           
YO2         2   O Y 2 1
  2     26.764   -16.447   0.39991   -0.058916   0.0030506           
ZrO2         2   O Zr 2 1
  3     1415200.0   -341182.0   63.4923   -0.00022661   5.01976e-08           
SO3        2   O S 3 1
  3     454902.0   -343672.0   100.999   5.09991e-05   0.0           
PS         2   P S 1 1
  3     135050.0   -109920.0   24.8638   0.000202791   2.43618e-09           
P2         1   P 2
  3     92935.3   -117921.0   27.4788   0.000196149   1.92519e-08           
ScS         2   S Sc 1 1
  2     13.5   -6.464   0.50458   -0.073117   0.0037488           
SiS         2   S Si 1 1
  3     144507.0   -149916.0   28.7381   0.000396186   -2.18002e-08           
SrS         2   S Sr 1 1
  3     962153.0   -85902.3   29.3755   -0.00214852   1.85611e-07           
TiS         2   S Ti 1 1
  2     13.316   -6.2216   0.45829   -0.064903   0.0032788           
YS         2   S Y 1 1
  2     13.512   -7.0421   0.51174   -0.073857   0.0037811           
ZrS         2   S Zr 1 1
  2     13.694   -7.4024   0.46133   -0.063004   0.0031224           
S2         1   S 2
  3     224963.0   -103636.0   28.5814   0.000177872   -8.41752e-09           
Si2         1   Si 2
  3     -110204.0   -74117.9   25.747   0.000137542   -2.83506e-09           
