H He C N O Na Mg Si Fe Al Ca Ti S Cl K Li el
207
H2          1  H  2
 4   5.1909637142380554e+04  -1.8011701211306956e+00   8.7224583233705744e-02   2.5613890164973008e-04  -5.3540255367406060e-09 
CH          2  H  C  1  1
 4   4.0379615053524416e+04  -2.0652252651411231e+00   2.7356325916374544e+00   6.0353391276615764e-04  -2.9603753041435643e-08 
CO          2  C  O  1  1
 4   1.2899777785630804e+05  -1.7549835812545211e+00  -3.1625806804795502e+00   4.1336204683783961e-04  -2.3579962985989574e-08 
CH2         2  H  C  2  1
 4   9.1169714849968557e+04  -3.7350318476311486e+00   1.0643297706315025e+00   9.7909623883390973e-04  -4.9466163560058486e-08 
H2O         2  H  O  2  1
 4   1.1033645388793820e+05  -4.1783597409582285e+00   3.1744691010633233e+00   9.4064684023068001e-04  -4.0482461482866891e-08 
C2H         2  H  C  1  2
 4   1.4048251291012220e+05  -3.0258276195407348e+00  -7.3120944608372156e+00   9.0716365637874552e-04  -4.2404139555285672e-08 
C2          1  C  2
 4   7.1348639882889300e+04  -7.5330229857593167e-01  -8.8263276927177685e+00   8.4091352327758662e-05  -8.3490744632003060e-10 
C3          1  C  3
 4   1.5904009582911574e+05  -3.3936161589267044e+00  -6.2778808056209527e+00   7.2604940055132072e-04  -3.9352561461012257e-08 
C4          1  C  4
 4   2.2742199533511806e+05  -3.0194898886708188e+00  -2.9611052345157532e+01   1.2263633681297570e-03  -7.5002190701282956e-08 
C5          1  C  5
 4   3.1249742101360817e+05  -3.7594742410386743e+00  -4.2480644665472937e+01   1.6560642064683551e-03  -1.0047739576785441e-07 
C2H2        2  H  C  2  2
 4   1.9646042660345597e+05  -4.5142919982618537e+00  -1.2427863494177018e+01   1.5177662181888874e-03  -7.4542139989784635e-08 
HCO         3  H  C  O  1  1  1
 4   1.3627672491122779e+05  -3.4785527546787876e+00  -2.6467810128128804e+00   9.5165699962981853e-04  -5.1132674401247098e-08 
H2CO        3  H  C  O  2  1  1
 1  -8.81249E+01  3.74848E+01 -9.95792E-02  3.92536E-03 -6.85748E-05
CH3         2  H  C  3  1
 4   1.4582094542818170e+05  -5.7987092092088233e+00   6.2078616034659717e-01   1.6324094591440574e-03  -8.0994449429711916e-08  
CH4         2  H  C  4  1
 4   1.9784584536781305e+05  -8.8316803072239054e+00   5.2793066855988400e+00   2.7567674752936866e-03  -1.3966691995535711e-07 
CO2         2  C  O  1  2
 4   1.9284060511825030e+05  -2.7725941201250066e+00  -1.4374508628203330e+01   9.5527761423722102e-04  -5.3273135070236439e-08 
C2H4        2  H  C  4  2
 4   2.6866440067437058e+05  -9.5290027440737504e+00  -5.6685246168344747e+00   3.1935734050733688e-03  -1.6635299458562689e-07 
C2H4O       3  H  C  O  4  2  1
 1  -1.77284E+02  6.38428E+01 -7.87837E-02  1.44061E-03 -1.03504E-05
C2O         2  C  O  2  1
 1  -5.89915E+01  3.34363E+01  8.53143E-03 -1.67350E-03  5.09408E-05
C3O2        2  C  O  3  2
 4   3.2901417780728219e+05  -3.7631542986940758e+00  -3.8914164055922811e+01   1.6137208969881911e-03  -9.4275474922200200e-08 
OH          2  H  O  1  1
 4   5.0958643649479585e+04  -1.8665653657169798e+00   1.2829583232116875e+00   3.2761222577039339e-04  -1.2789492018780104e-08 
HO2         2  H  O  1  2
 1  -5.76079E+01  1.76926E+01 -1.14840E-01  6.32410E-03 -1.40491E-04
HCN         3  H  C  N  1  1  1
 4  1.5220770936532610e+05  -3.2044022899036122e+00  -6.2670328370286370e+00   9.8433301098929671e-04  -5.1782570298829157e-08 
CN          2  C  N  1  1
 4   9.0232426994015768e+04  -1.7586117933869616e+00  -1.5608772470914118e+00   4.2086237996528941e-04  -1.5974146878223620e-08 
C2N         2  C  N  2  1
 4   1.6205377826499325e+05  -1.3595968401578489e+00  -2.0180281057635057e+01   5.2725678598564141e-04  -3.5603201693733741e-08 
C2N2        2  C  N  2  2
 4   2.4828345487105011e+05  -2.8456169431084390e+00  -2.7762611594288956e+01   1.1282589272390564e-03  -6.7278054871632888e-08 
NH          2  H  N  1  1
 4   3.7248327035153532e+04  -1.8531562475619836e+00   1.8046889146803551e+00   3.6104225557757885e-04  -1.4247785696544651e-08 
HNO         3  H  N  O  1  1  1
 4   1.0018536332898334e+05  -3.4638083393344630e+00  -2.6221291411177390e+00   9.4525073408319171e-04  -5.1408832575578270e-08 
NH2         2  H  N  2  1
 4   8.5274384129014303e+04  -4.0609088589772568e+00   4.0142473237988270e+00   9.4625723063820888e-04  -3.8448013311658913e-08 
NO          2  N  O  1  1
 4   7.5524335768524819e+04  -1.6648500768990004e+00  -1.6140921992578114e+00   4.1307683569626052e-04  -2.3749224146743510e-08 
NO2         2  N  O  1  2
 4  1.1214942460778740e+05  -2.8249443194595756e+00  -1.0203950342764756e+01   8.3697742323110558e-04  -4.9283218795120417e-08 
N2O         2  N  O  2  1
 1  -6.02939E+01  2.70275E+01 -3.14034E-02  1.04561E-03 -1.65800E-05
H+          2 el  H -1  1
 4  -1.5781252265890539e+05   2.4992447354491105e+00  -1.4909391712601973e+01   4.2674331157677159e-07  -2.7731753320513089e-11 
H-          2 el  H  1  1
 4   8.7523766678444208e+03  -2.5007686019576738e+00   1.3533601599552753e+01   3.3935862759834623e-07  -2.3082577741670992e-11 
C-          2 el  C  1  1
 1  -2.33769E+01  5.05827E+00 -2.88324E-01  1.90568E-02 -4.61682E-04
CHNO        4  H  C  N  O  1  1  1  1
 1  -8.87055E+01  4.32948E+01 -8.48295E-02  3.79865E-03 -7.44644E-05
HCO+        4 el  H  C  O -1  1  1  1
 4   4.2143356985945982e+04  -6.8589344849816314e-01  -2.1375585107835377e+01   9.5670790345127321e-04  -5.0892921545716073e-08 
CN+         3 el  C  N -1  1  1
 4  -7.3412537424170048e+04   1.0102478122948639e+00  -1.6364198285290286e+01   4.2527098675379515e-04  -2.3554340613948157e-08 
CN-         3 el  C  N  1  1  1
 4   1.3453781474099014e+05  -4.2393633738121252e+00   1.1721880706865250e+01   4.1082415245535797e-04  -2.4361028062295685e-08 
CNN         2  C  N  1  2
 1  -5.84054E+01  2.62030E+01 -4.43744E-02  1.98600E-03 -3.88468E-05
NCN         2  C  N  1  2
 1  -5.80298E+01  2.96329E+01 -1.67988E-02  5.68203E-04 -1.05403E-05
C2-         2 el  C  1  2
 4   1.1788684174085445e+05  -4.0978143736983839e+00   1.0256591651465669e+01   3.7838834574352442e-04  -1.5713910380838264e-08 
C4N2        2  C  N  4  2
 4   3.9352249572816666e+05  -3.9150141278817046e+00  -5.3465609797021898e+01   1.8306447894175237e-03  -1.0913565245639203e-07 
HNO2(cis)   3  H  N  O  1  1  2
 1  -8.74063E+01  3.11163E+01 -7.02603E-02  2.93365E-03 -5.55102E-05
HNO2(tr)    3  H  N  O  1  1  2
 1  -8.73808E+01  3.11700E+01 -7.21800E-02  3.09010E-03 -5.93842E-05
HNO3        3  H N  O  1  1  3
 1  -1.19035E+02  3.82942E+01 -2.68595E-02 -4.94993E-04  3.10575E-05
OH+         3 el  H  O -1  1  1
 4  -1.0201730300399539e+05   6.0763546911121580e-01  -1.2955984254723035e+01   3.8988047985635821e-04  -1.6034919589034833e-08 
OH-         3 el  H  O  1  1  1
 4   7.2167426288230665e+04  -4.4076959723971925e+00   1.4405923845804182e+01   3.3861915182030466e-04  -1.3509852959594850e-08 
N2H2        2  H  N  2  2
 1  -8.64368E+01  2.91923E+01 -1.06200E-01  4.51031E-03 -8.37302E-05
NH3         2  H  N  3  1
 4  1.3934260339498962e+05  -6.3953233547675268e+00   4.9598117838436337e+00   1.8153027760069995e-03  -8.8579356154935412e-08 
H3O+        3 el  H  O -1  3  1
 1  -6.52594E+01  7.93555E+00 -6.65344E-03  2.27011E-05  6.44938E-07
N2H4        2  H  N  4  2
 1  -1.41569E+02  4.25729E+01 -8.28499E-02  1.89077E-03 -1.63895E-05
NO+         3 el  N  O -1  1  1
 4  -3.2030038059870829e+04   6.5851521361908283e-01  -1.6140623596522005e+01   4.3589459361503130e-04  -2.4145372527769879e-08 
NO2-        3 el  N  O  1  1  2
 4   1.3986300661918966e+05  -5.0136062014658478e+00   1.5396472396414538e+00   7.3550016743653690e-04  -4.3119706232994806e-08 
NO3         2  N  O  1  3
 1  -9.11025E+01  2.79075E+01 -2.17472E-02  3.59641E-04 -3.26641E-06
N2O3        2  N  O  2  3
 1  -1.17441E+02  3.91071E+01 -3.88276E-02  1.02625E-03 -1.33183E-05
N2O4        2  N  O  2  4
 4   2.3162832484998493e+05  -4.4513455523398306e+00  -4.9981337387614531e+01   1.9701844757245013e-03  -1.1543810101034548e-07 
N2O5        2  N  O  2  5
 4  2.6154541738849517e+05  -3.8214513187842840e+00  -6.8493956694333065e+01   1.6829523333878882e-03  -1.0347847387837242e-07 
O-          2 el  O  1  1
 4   1.6969904473940256e+04  -2.5228822020637551e+00   1.3970544360906160e+01   1.5466488161853392e-05  -1.6609628602980906e-09 
O2-         2 el  O  1  2
 4   6.4741847447346707e+04  -3.7615389935106691e+00   8.7933832835090016e+00   3.1891315414278587e-04  -1.7826639716565977e-08
O3          1  O  3
 1  -6.00650E+01  1.50328E+01 -5.51084E-02  2.91542E-03 -6.60430E-05
CO2-        3 el  C  O  1  1  2
 4   1.9782059682546460e+05  -5.3529279305029718e+00   3.6865968495180823e+00   8.3549738649124627e-04  -4.9475078060291517e-08 
SI2         1 Si  2
 1  -2.71218E+01  7.49652E+00 -8.33304E-03  8.52044E-04 -2.87818E-05
SI3         1 Si  3
 1  -5.70581E+01  1.73378E+01 -3.43757E-02  2.43620E-03 -6.37450E-05
SIC         2  C Si  1  1
 4   5.3878068676777904e+04   4.1628951843128448e-01  -1.6262524143680366e+01  -2.8559868759533980e-04   1.4441239258433574e-08 
SI2C        2  C Si  1  2
 4   1.2980179658719379e+05  -1.2319414964417206e+00  -2.2539449687124943e+01   2.9888137703010242e-04  -8.0111206490511355e-09 
SIC2        2  C Si  2  1
 4   1.5225404430967310e+05  -1.4459788350928875e+00  -2.0624345386424920e+01   3.9636449998220469e-04  -1.4742602121744258e-08 
SIH         2  H Si  1  1
 1  -2.64140E+01  7.45913E+00 -3.75939E-02  1.12863E-03 -1.14036E-05
SIH4        2  H Si  4  1
 4   1.5334188733423996e+05  -6.6741948465335668e+00  -8.1900856750198727e+00   2.3016631530982379e-03  -1.2395441380638269e-07 
SIN         2  N Si  1  1
 4   6.5798666405398952e+04  -1.5356514805538950e+00  -2.6450213390446606e+00   5.0193362337136449e-04  -2.6264148264500474e-08 
SI2N        2  N Si  1  2
 1  -5.70745E+01  2.36100E+01 -3.63584E-02  2.41904E-03 -6.23802E-05
SIO         2  O Si  1  1
 4   9.5880673680878463e+04  -1.2671624428764972e+00  -5.9842930488998718e+00   2.6171975241111312e-04  -1.6740439856435894e-08 
SIO2        2  O Si  2  1
 4   1.5046940087439836e+05  -1.7093387104771978e+00  -2.0690906609117974e+01   5.9830084203757461e-04  -3.7358172557828951e-08 
AL+         2 el Al -1  1
 4 -6.9384933139380344e+04   2.4651724146892207e+00  -1.5762861057252167e+01   1.6134409709614439e-05  -1.1689720134946971e-09 
ALH         2  H Al  1  1
 4   3.4288744515521750e+04  -1.5185524761152891e+00  -1.1479373519522369e+00   3.8381928291243705e-04  -1.8763244995576486e-08 
HALO        3  H  O Al  1  1  1
 4   9.1273575865216830e+04  -2.6141885663695916e+00  -1.0574777608423801e+01   9.3562687552234403e-04  -5.3055409693359885e-08 
ALOH        3  H  O Al  1  1  1
 4   1.1664344266189750e+05  -3.4964435845299704e+00  -4.4650609359193822e+00   1.0691213808636801e-03  -5.5777575277095849e-08 
ALOH+       4 el  H  O Al -1  1  1  1
 4   3.0424315875137196e+04  -6.3757846830036158e-01  -1.9549967131024403e+01   9.5529000709628636e-04  -4.9876722725271314e-08 
ALOH-       4 el  H  O Al  1  1  1  1
 4   1.2201190026639147e+05  -5.5184567265799842e+00   9.6796387993895223e+00   7.3345487689735478e-04  -3.7481157201509354e-08 
ALO2H       3  H  O Al  1  2  1
 4   1.8038562975143458e+05  -3.4280291233514504e+00  -1.9842314369273481e+01   1.0873737978756848e-03  -5.8544759406836487e-08 
ALN         2  N Al  1  1
 4   3.3380450348611506e+04  -9.1201886728153170e-01  -4.8463730031653540e+00   1.9791088570828702e-04  -1.1104636083760199e-08 
ALO         2  O Al  1  1
 4   6.1107679536380107e+04  -1.7901954345095135e+00  -1.3597144382142687e+00   7.6861459791821574e-04  -3.9315005996280890e-08 
ALO+        3 el  O Al -1  1  1
 4  -4.9255145970914353e+04   1.6434589881079518e+00  -2.0138452875108328e+01   2.2455214497248133e-04  -1.2895328044440758e-08 
ALO2        2  O Al  2  1
 4   1.0977928538592640e+05  -1.0279652808968649e+00  -2.1862029941227775e+01   3.8169382816380382e-04  -2.1708120122003195e-08 
ALO2-       3 el  O Al  1  2  1
 4  1.5744294618572071e+05  -3.8118813331856813e+00  -7.8472252902315631e+00   4.9745071418055842e-04  -3.0013754819060797e-08 
AL2O        2  O Al  1  2
 4   1.2658277894328670e+05  -8.8061057047104896e-01  -2.3126600805808039e+01   3.3555171429305863e-04  -2.0145497702046532e-08 
AL2O+       3 el  O Al -1  1  2
 4   3.1409430483965942e+04   1.7048496051101267e+00  -3.6888147540811872e+01   3.0968988396384844e-04  -1.9067605263848294e-08 
AL2O2       2  O Al  2  2
 4   1.8651510621524250e+05  -1.1607947799921590e+00  -3.7378334294246542e+01   4.5867975367458458e-04  -2.8541545290958420e-08 
AL2O2+      3 el  O Al -1  2  2
 4   7.1578290951360206e+04   1.4610668887395661e+00  -5.1307625117298358e+01   4.1349479180306792e-04  -2.5965742651801037e-08 
CAL         2  C Al  1  1
 4   4.2703735781273979e+04  -9.0170801136068235e-01  -6.1124252513432111e+00   1.8936519783881167e-04  -1.1699289612717052e-08 
MGH         2  H Mg  1  1
 4   2.3220582445071530e+04  -1.4291121360310868e+00   8.1187414473487252e-01   3.8973184295294783e-04  -2.0558503439057188e-08 
MGOH        3  H  O Mg  1  1  1
 4   9.3167686315653409e+04  -2.1370917251027777e+00  -1.0021188217539247e+01   6.2980426243025578e-04  -3.4663318886945973e-08 
MGOH+       4 el  H  O Mg -1  1  1  1
 1  -3.22604E+01 -5.72354E-01  1.59211E-01 -7.91903E-03  1.35519E-04
MG(OH)2     3  H  O Mg  2  2  1
 4   1.9802177551936748e+05  -3.7115593344954618e+00  -2.8244850827173195e+01   1.2050007333181956e-03  -6.3315573930901434e-08 
MG+         2 el Mg -1  1
 4  -8.8761196414037680e+04   2.4195086440312821e+00  -1.3005004898805055e+01   6.4833567236258216e-05  -6.9614303746945037e-09 
MGN         2  N Mg  1  1
 4   3.9583373296261118e+04  -9.3535148939788826e-01  -3.2110896282639487e+00   2.4478811011328927e-04  -1.7335301335868756e-08 
MGO         2  O Mg  1  1
 4   4.1091507455097759e+04   4.8094008513906772e-01  -1.5761066181411252e+01   2.7585776830477832e-04  -3.4864425349542009e-08 
ALS         2 Al  S  1  1
 4   4.3852104387687315e+04  -1.7334578934145526e+00  -1.1538402637336276e+00   8.4182725637155231e-04  -4.9867109872304338e-08 
CKN         3  C  N  K  1  1  1
 4   1.4380180104567850e+05  -1.5646379550389042e+00  -1.6228914228139729e+01   6.2855004107284507e-04  -4.8829103805334015e-08 
NACN        3  C  N Na  1  1  1
 4   1.4424483563737833e+05  -1.5141717165036539e+00  -1.6928115256668207e+01   5.5429091701789113e-04  -3.7533029793521133e-08 
COS         3  C  O  S  1  1  1
 4   1.6562531134252567e+05  -2.3368339118114250e+00  -1.5921133352823290e+01   8.5219737532871154e-04  -4.9387777697885616e-08 
CS          2  C  S  1  1
 4   8.5442260249528306e+04  -1.4934232200640167e+00  -4.2664344834095118e+00   3.6693522377266585e-04  -2.3411223782798427e-08 
CS2         2  C  S  1  2
 4   1.3836517086899388e+05  -1.9640512865202027e+00  -1.8423639660880326e+01   7.5559974042274658e-04  -4.6446827675883826e-08 
C2K2N2      3  C  N  K  2  2  2
 4   3.0803711576799961e+05  -2.1043094262523709e+00  -5.5330159489715697e+01   1.2479157766930871e-03  -9.7137276798658472e-08 
C2N2NA2     3  C  N Na  2  2  2
 1  -7.51699E+01  2.81450E+01 -4.21880E-02  2.85629E-03 -6.70677E-05
FE(OH)2     3  H  O Fe  2  2  1
 4   2.0137008808926228e+05  -3.5320711673334131e+00  -3.1762265500299691e+01   1.4453866942661930e-03  -9.1579927049764698e-08 
FEO         2  O Fe  1  1
 4   4.9390895151101140e+04  -1.5438949497821852e+00  -2.0833265592390262e+00   3.9241361623559845e-04  -2.8955704968573172e-08 
FEH         2  H Fe  1  1
 3   0.00000E+00 -3.87740E+04  2.47290E+01 -4.64016E-04  6.79410E-08
HK          2  H  K  1  1
 4   2.1827075449376836e+04  -1.2149973046779152e+00  -1.4420742793037675e+00   4.1396887307375632e-04  -3.1576095617094040e-08 
KOH         3  H  O  K  1  1  1
 4   9.4380856503625211e+04  -1.8693312756848570e+00  -1.1884751139563377e+01   5.9739199137291699e-04  -4.1095194434044723e-08 
NAH         2  H Na  1  1
 4   2.3867765526468847e+04  -1.2607852696602819e+00  -1.4917457409495114e+00   3.7260130203547667e-04  -2.1887418863298147e-08 
NAOH        3  H  O Na  1  1  1
 4   9.2410799034521930e+04  -1.7873295242017093e+00  -1.2555733702745101e+01   5.0979169085413334e-04  -2.9019854557465712e-08 
HS          2  H  S  1  1
 3   3.65656E+05 -8.77172E+04  2.41557E+01  3.40917E-04 -2.09217E-08
K2O2H2      3  H  O  K  2  2  2
 4   2.1128493788419775e+05  -5.2893952263975734e+00  -3.1649952724163541e+01   2.0684557729304665e-03  -1.2991455178961361e-07 
NA2O2H2     3  H  O Na  2  2  2
 4   2.1003463207805136e+05  -5.2207292999112269e+00  -3.2984337719065479e+01   1.9356377332105379e-03  -1.0831922936712236e-07 
H2SO4       3  H  O  S  2  4  1
 4   2.9271543195974315e+05  -6.3140166343323472e+00  -4.9495126340620118e+01   2.4782494956488432e-03  -1.3489493195861991e-07 
H2S         2  H  S  2  1
 4   8.7168532747776495e+04  -4.0314996654905144e+00   3.1699185505935930e+00   1.0882665209742681e-03  -5.4671433372566286e-08 
K+          2 el  K -1  1
 4  -5.0428870606528901e+04   2.3150845131435887e+00  -1.3728565713479838e+01   1.6536722298159112e-04  -2.0732569821040420e-08 
KO          2  O  K  1  1
 4   3.1893378130821678e+04  -8.5232744976954677e-01  -4.4975193242485147e+00   2.9253442352943776e-04  -2.5539168590866257e-08 
KO-         3 el  O  K  1  1  1
 4   5.6309505906108825e+04  -3.3572739851456674e+00   8.3449897981148524e+00   2.9279316268482347e-04  -2.5642585526266669e-08 
K2          1  K  2
 4   6.5711191107222730e+03   1.6919153723917368e-01  -9.5000251740679573e+00  -4.2470060302979458e-04  -9.3275096232683442e-09 
MGS         2 Mg  S  1  1
 4   3.4134036039990191e+04   1.1224701408028182e+00  -1.9230570302264368e+01  -9.6990289320329770e-05  -1.1968386478527812e-08 
SN          2  N  S  1  1
 4   5.8119456130146609e+04  -1.3980596161800634e+00  -2.8820744577218420e+00   3.5334702340837632e-04  -2.2862162483070502e-08 
NA+         2 el Na -1  1
 4  -5.9669080626193601e+04   2.4064428067534038e+00  -1.4302114992768679e+01   7.7345550006338581e-05  -8.6895126886874272e-09 
NAO         2  O Na  1  1
 4   3.2601528944497873e+04  -8.0950251183534760e-01  -5.0405600927114165e+00   2.1594024192855832e-04  -1.4543452531746213e-08 
NAO-        3 el  O Na  1  1  1
 4   5.6514730636639404e+04  -3.3149849819007216e+00   7.8116901136644401e+00   2.1977596789989062e-04  -1.4659556023709595e-08 
NA2         1 Na  2
 4   8.8558356848981493e+03   3.6039251943337547e-01  -1.1596613270587085e+01  -5.2031244981532582e-04   3.5283056190565635e-08 
SO          2  O  S  1  1
 4   6.2298874366606593e+04  -1.5912615350975443e+00  -2.6242281936520158e+00   4.4038789388770039e-04  -2.2994040215134524e-08 
S2O         2  O  S  1  2
 4   1.0892643040830082e+05   1.4726041608150553e+01  -1.2459228489633051e+02  -4.1904321072608608e-03   2.0173970664665031e-07 
SO2         2  O  S  2  1
 4   1.2838230821092344e+05  -2.5812947725073627e+00  -1.2632012647067768e+01   7.9497993534344280e-04  -4.6082258454900829e-08 
SIS         2 Si  S  1  1
 4   7.4465587290862226e+04  -1.0511436476332392e+00  -6.7461451271290116e+00   1.8068318280485551e-04  -1.2959102507895993e-08 
N2          1  N  2
 4   1.1321008274230361e+05  -1.7994896628422907e+00  -2.0335461750910326e+00   4.3130320268294775e-04  -2.4843266069607677e-08  
O2          1  O  2
 4  5.9533604009055794e+04  -1.6151664799086234e+00  -3.6097651261292185e+00   4.0627380887831022e-04  -1.8694620741402745e-08 
S2          1  S  2
 4   5.0801926400500393e+04  -1.5188154809815444e+00  -3.1893442623204464e+00   4.6169709844089135e-04  -2.6090152588723804e-08 
FES         2 Fe  S  1  1
 4   3.8348450390698650e+04  -1.4833581947387415e+00  -2.0294951257712910e+00   3.7319394104259190e-04  -2.9027277492704889e-08 
C+          2 el  C -1  1
 4  -1.3068953171206239e+05   2.5040117237235791e+00  -1.4664691187789231e+01   7.5463363273797768e-06  -2.5447923409301662e-09 
N+          2 el  N -1  1
 4  -1.6878653418538481e+05   2.4982719557883115e+00  -1.3417571517173656e+01   1.0674037153574067e-05  -1.4802398961531331e-09 
O+          2 el  O -1  1
 4  -1.5798743615741289e+05   2.4320710423120318e+00  -1.4536939247739156e+01   2.8955199754404637e-05  -2.1381405323816154e-09 
CNO         3  C  N  O  1  1  1
 1  -5.91749E+01  3.09665E+01 -2.81824E-02  8.68850E-04 -1.18559E-05
TIO         2 Ti  O  1  1
 4   8.0246913463526973e+04  -8.4660220965548660e-01  -7.6714063450601770e+00   1.5119599969666553e-04  -2.2047299244952305e-08 
TIO2        2 Ti  O  1  2
 4   1.5331008680959255e+05  -1.7150138997147906e+00  -1.8334613322190307e+01   4.4282177413010326e-04  -4.3878547620906401e-08 
TIC         2 Ti  C  1  1
 1   0.00000E+00  0.00000E+00  0.00000E+00  0.00000E+00  0.00000E+00  
TIC2        2 Ti  C  1  2
 4   1.421156160375412e+05    2.432653856769116e+00   -4.728687243993661e+01   -1.631535357739818e-03    8.8007678479712e-08
TIS         2 Ti  S  1  1
 4   5.635505859080483e+04    1.825068586211428e+00   -2.478276475976093e+01   -1.485051598826322e-03    8.20702233375652e-08
TICL        2 Ti Cl  1  1
 1  -2.61856E+01  1.06807E+01 -1.30195E-02  4.09790E-04 -4.39789E-06
TICL2       2 Ti Cl  1  2
 4   1.1441743221592662e+05  -1.1211338752065672e+00  -2.0774350407978773e+01   3.9310658274396837e-04  -3.0426067336845907e-08 
TICL4       2 Ti Cl  1  4     
 4   2.0681468602945458e+05  -1.4891080866570405e+00  -4.9118789392003237e+01   6.1535423904868214e-04  -5.0937268557197643e-08 
TI+         2 el Ti -1  1
 4  -7.9011746166995086e+04   3.0965593354627856e+00  -1.7787025861122174e+01  -1.5537199012977121e-04  -3.9312772096812421e-09 
S+          2 el  S -1  1
 4  -1.2020445925421201e+05   2.3089150224319610e+00  -1.3534694276225309e+01   3.4930118326531590e-05   9.9941900712712623e-11 
SI+         2 el Si -1  1
 4  -9.4527889338269320e+04   2.7097315454013824e+00  -1.6095110412287568e+01  -1.0499128803841129e-04   3.5999007088051248e-09 
FE+         2 el Fe -1  1
 4  -9.1228903844689674e+04   2.7592573287436437e+00  -1.5939416841765251e+01   5.9150711440345005e-05  -1.4310802782890555e-08 
C3H         2  H  C  1  3
 4   2.212778506977742e+05    3.377812035322953e+00   -6.686864167262256e+01   -2.756729593545563e-03    1.507805125504801e-07
CA+         2 el Ca -1  1
 4  -7.1024198931164487e+04   2.2426084168072009e+00  -1.1861243662227025e+01   2.1170817987284374e-04  -2.3275060186835147e-08 
CAOH        3 Ca  O  H  1  1  1
 4   1.0031800247760808e+05  -2.2486659076276965e+00  -8.9565267634409338e+00   7.9931737140792603e-04  -5.9143015706948803e-08 
CA(OH)2     3 Ca  O  H  1  2  2
 4   2.0631227197074692e+05  -3.6724923731921422e+00  -2.6998398160056695e+01   1.3481692558076630e-03  -8.9413071246111379e-08 
CAO         2 Ca  O  1  1
 4   4.5327846656769900e+04  -2.4836804268096557e+00   4.6621269219725718e+00   1.2483998630800006e-03  -6.6734963142203722e-08 
CAS         2 Ca  S  1  1
 4   3.8949813484725702e+04  -3.0224528994733504e+00   8.7882884576122251e+00   1.7593433742896930e-03  -1.1282079353239615e-07 
CA2         1 Ca  2
 4   8.9886041350567200e+02  -2.1735432473693201e+00   8.5695941823138977e+00   2.3887048760080584e-04  -5.4470527364062771e-08 
CAH         2  H Ca  1  1
 4   2.139719345744217e+04    2.366560225675684e+00   -2.499330843330116e+01   -1.531483866753617e-03    8.2159044413312e-08
TIH         2  H Ti  1  1
 3  -3.04561E+05 -4.91489E+04 +2.32539E+01 -1.56846E-04 +4.53896E-08
LI+         2 el Li -1  1
 4  -6.2599963256694966e+04   2.4054850975908550e+00  -1.4307519586159515e+01   8.3750670375151715e-05  -1.0311648784927261e-08 
LIH         2  H Li  1  1
 4   2.8111043016459513e+04  -1.4158386711209801e+00  -7.8666594225597919e-01   4.1852758950745167e-04  -2.5552379279038449e-08 
LIO         2  O Li  1  1
 1  -2.61033E+01  8.13299E+00 -3.98791E-02  1.84529E-03 -3.13140E-05
LIOH        3  O Li  H  1  1  1
 4   1.0303418957996897e+05  -1.9428561825367296e+00  -1.1942197427929841e+01   5.7234762281557772e-04  -3.3821243509426450e-08 
LICL        2 Li Cl  1  1
 4   5.6976779057044143e+04  -1.1797326869122458e+00  -3.2599855755250928e+00   3.0299581569936951e-04  -1.9948349547557206e-08 
NACL        2 Na Cl  1  1
 4   4.9033267300290645e+04  -1.0044675218978512e+00  -4.1094862045201808e+00   2.3906435223845779e-04  -1.4635413834302321e-08 
KCL         2  K Cl  1  1
 4   5.0813600313931551e+04  -1.0575929903886561e+00  -3.4511866085649672e+00   3.1648873188103166e-04  -2.5850699628039386e-08 
CACL        2 Ca Cl  1  1
 4   4.8210913117083946e+04  -1.2158158509803911e+00  -1.4822848614409168e+00   4.1556978654137128e-04  -3.8387119518890577e-08 
CACL2       2 Ca Cl  1  2
 4   1.0695704431682908e+05  -1.1625760883736973e+00  -1.5909430060170052e+01   5.5665303682200795e-04  -5.1083512781713723e-08 
HCL         2 Cl  H  1  1
 4   5.1302808406796255e+04  -2.1317347333650645e+00   2.8770943892947116e+00   4.4560544827561277e-04  -1.9214369865586877e-08 
CL+         2 el Cl -1  1
 4  -1.5047678939545641e+05   2.6385439619295425e+00  -1.4804759978610491e+01  -6.5392853203116719e-05   5.5690096959918532e-09 
CL-         2 el Cl  1  1
 4   4.1889934909013085e+04  -2.8143533392499336e+00   1.4880118073403537e+01   8.3394353267020327e-05  -3.8321948094492151e-09 
MGCL        2 Mg Cl  1  1
 4   3.7225832800897319e+04  -1.0485288072095358e+00  -2.7916997329034530e+00   2.3526081934775733e-04  -1.4213249015952065e-08 
MGCL2       2 Mg Cl  1  2
 4   9.3813820957895252e+04  -1.0141215117416493e+00  -1.7731499363501598e+01   3.4707061328811961e-04  -2.1301413633266451e-08 
MG2CL4      2 Mg Cl  2  4
 1  -1.33668E+02  4.11775E+01  2.34875E-02 -8.98258E-04  9.90428E-06
FECL        2 Fe Cl  1  1 
 4   3.4094796997219601e+04  -1.1068935525349701e+00  -3.4562282015017445e+00   3.1558318740160241e-04  -2.7943137956042138e-08 
FECL2       2 Fe Cl  1  2 
 4   9.5681251094030828e+04  -1.7227213359449536e+00  -1.4386370236987659e+01   7.0722900844390202e-04  -4.7000271048542149e-08 
ALCL        2 Al Cl  1  1
 4   6.0172641222860926e+04  -9.8218922907517481e-01  -5.8077521648508537e+00   1.6577446947976804e-04  -6.1119306479155187e-09 
ALCL2       2 Al Cl  1  2
 4   1.0215469068682706e+05  -1.5221519091882669e+00  -1.4791157057268720e+01   3.1162649662722086e-04  -1.5587028655573287e-08 
ALCL3       2 Al Cl  1  3 
 4   1.5334275090945547e+05  -1.6376792267744236e+00  -3.1046656656287723e+01   5.1566388702978250e-04  -2.7065540651302332e-08 
AL2CL6      2 Al Cl  2  6
 4   3.2250468056519638e+05  -1.3114703058330406e+00  -9.3800209386373353e+01   1.0469648942904586e-03  -5.5093413531360965e-08 
SICL        2 Si Cl  1  1
 1  -2.70247E+01  9.30505E+00 -3.24939E-02  1.02735E-03 -1.06455E-05 
SICL2       2 Si Cl  1  2 
 1  -5.63103E+01  2.11108E+01 -4.26784E-02  1.31040E-03 -1.34788E-05
SICL3       2 Si Cl  1  3 
 1  -8.51354E+01  2.91279E+01 -2.52132E-02  6.79228E-04 -6.65207E-06
SICL4       2 Si Cl  1  4 
 4   1.9182086199032044e+05  -1.7817175376750356e+00  -4.8627859254490886e+01   6.9465285195735582e-04  -3.8548147975789565e-08 
H2-         2 el  H  1  2
 4   2.3007049931066791e+04  -3.9854924530881704e+00   1.3539464407672654e+01   4.0129670356155514e-04  -1.7425857882245507e-08
H2+         2 el  H -1  2 
 4  -1.2709041034597669e+05   6.7686324119659957e-01  -1.2774406345331045e+01   4.9780033896743014e-04  -2.0456443217128982e-08 
HE+         2 el He -1  1
 4  -2.8534066199816583e+05   2.5005123463769223e+00  -1.3531332790121269e+01  -1.6959503384983421e-07   1.0448661097987475e-11
ALO-        3 el  O Al  1  1  1
 4   1.0103612686401978e+05  -3.5628249924884585e+00   7.4929974326028059e+00   2.3130363646839402e-04  -1.2357872983177978e-08 
LI2O2H2     3  O Li  H  2  2  2
 4   2.3494840092943000e+05  -5.6969922357410496e+00  -3.1002398961841209e+01   2.1275457525277153e-03  -1.2187300651890696e-07 
LI2CL2      2 Li Cl  2  2 
 4   1.3915959367717404e+05  -1.4000985423025440e+00  -2.9446002240629696e+01   5.5567829496511179e-04  -4.1076022013930268e-08 
LI3CL3      2 Li Cl  3  3 
 4   2.2171133010923289e+05  -2.1182855861585494e+00  -5.6252950145894829e+01   1.2108755409386274e-03  -8.3108993310696775e-08 
K2CL2       2  K Cl  2  2
 4   1.2456455787831328e+05  -1.1106794090512722e+00  -2.8647096326360725e+01   5.4035933833035399e-04  -5.1608881934251917e-08 
NA2CL2      2 Na Cl  2  2
 4   1.2280280456745252e+05  -1.0328257111722223e+00  -3.0861258773428972e+01   4.0426611860147621e-04  -2.9832649395383410e-08 
TIOCL       3 Ti  O Cl  1  1  1
 4   1.3070660129172381e+05  -1.1348152738612498e+00  -2.2161325777617549e+01   4.0026275745982942e-04  -4.2074081647141946e-08 
TIOCL2      3 Ti  O Cl  1  1  2
 4   1.80831E+05 -3.45977E+00 -2.01120E+01  2.21411E-03 -2.50825E-07
NA2SO4      3 Na  O  S  2  4  1
 4   3.0289487736494199e+05  -3.0624959508683105e+00  -7.4455307351940064e+01   1.7868252264386375e-03  -1.1515484521054165e-07 
K2SO4       3  K  O  S  2  4  1
 4   3.0574813614339865e+05  -3.0627504952435629e+00  -7.3703850423555195e+01   1.8945213907195502e-03  -1.3532468833638895e-07 
ALOCL       3  O Al Cl  1  1  1
 4   1.2583201371056441e+05  -1.2229306033192415e+00  -2.1379479317034111e+01   4.3240366605640235e-04  -2.4856418744644083e-08 
LIN         2 Li  N  1  1
 1  -2.52331E+01  7.37471E+00 -2.10029E-02  6.35373E-04 -6.49792E-06
S7          1  S  7          
 4   2.1937082476409600e+05  -1.7482730441545300e+00  -8.2070886003064516e+01   1.2427917172901370e-03  -7.8126850322480617e-08 
S8          1  S  8
 4   2.5439685586275795e+05  -1.5378790819664800e+00  -1.0113324425856217e+02   1.3295892454736613e-03  -9.4061443435178082e-08 
SI(CH3)4    3 Si  C  H  1  4 12
 4   7.44905E+05 -1.44347E+01 -1.25573E+02  0.00000E+00  0.00000E+00
SICH3CL3    4 Si  C  H Cl  1  1  3  3  
 4   3.23859E+05 -9.66441E+00 -5.80646E+01  0.00000E+00  0.00000E+00
SIH3CL      3 Si  H Cl  1  3  1
 4   1.6315580827301127e+05  -5.6483733242332050e+00  -1.5335304286279097e+01   1.9709280417039565e-03  -1.0660716295579399e-07 
SIH2CL2     3 Si  H Cl  1  2  2
 4   1.7329627318274591e+05  -4.4695761005718282e+00  -2.4640777988789978e+01   1.5842746017348808e-03  -8.6085213215392377e-08 
SIHCL3      3 Si  H Cl  1  1  3
 4   1.8310259812496201e+05  -3.1755497737051428e+00  -3.5735361901678061e+01   1.1560048583547367e-03  -6.3210263686913382e-08 
FE(CO)5     3 Fe  C  O  1  5  5
 4   7.1735457470987341e+05  -5.7540356932140639e+00  -1.2544250017352897e+02   3.2070258068199742e-03  -1.9762923271698181e-07 
