924
Al-         2   Al el 1 1
  4     5135.93   -2.58172   15.0838   0.000146142   -1.02707e-08           
Al+         2   Al el 1 -1
  4     -69384.9   2.46517   -15.7629   1.61e-05   -1.16897e-09           
AlBO2         3   Al B O 1 1 2
  4     231479.0   -2.8252   -26.7313   0.00100198   -5.72097e-08           
AlBr         2   Al Br 1 1
  4     51073.5   -0.471907   -8.88958   -7.4338e-05   7.00351e-09           
AlBr3         2   Al Br 1 3
  4     129411.0   -0.073778   -40.4962   -0.000212587   1.17691e-08           
AlC         2   Al C 1 1
  4     42703.7   -0.901708   -6.11243   0.000189365   -1.16993e-08           
AlCl         2   Al Cl 1 1
  4     60172.6   -0.982189   -5.80775   0.000165775   -6.11193e-09           
AlCl+         3   Al Cl el 1 1 -1
  4     -48973.6   1.411   -18.8107   0.000188111   -2.10058e-09           
AlClF         3   Al Cl F 1 1 1
  4     122290.0   -1.60845   -14.3672   0.000372486   -1.98494e-08           
AlClF+         4   Al Cl F el 1 1 1 -1
  4     31071.3   1.31559   -34.2379   0.000407261   -2.25287e-08           
AlClF2         3   Al Cl F 1 1 2
  4     193130.0   -1.901   -30.0532   0.000668641   -3.72955e-08           
AlOCl         3   Al Cl O 1 1 1
  4     125832.0   -1.22293   -21.3795   0.000432404   -2.48564e-08           
AlCl2         2   Al Cl 1 2
  4     102155.0   -1.52215   -14.7912   0.000311627   -1.5587e-08           
AlCl2-         3   Al Cl el 1 2 1
  4     125579.0   -3.94628   -1.48134   0.000281382   -1.37037e-08           
AlCl2+         3   Al Cl el 1 2 -1
  4     11439.0   1.39405   -34.3748   0.000349853   -1.84798e-08           
AlCl2F         3   Al Cl F 1 2 1
  4     173107.0   -1.75884   -29.9858   0.000588482   -3.19785e-08           
AlCl3         2   Al Cl 1 3
  4     153343.0   -1.63768   -31.0467   0.000515664   -2.70655e-08           
AlF         2   Al F 1 1
  4     80902.7   -1.09464   -5.96191   0.000236759   -1.17831e-08           
AlF+         3   Al F el 1 1 -1
  4     -33705.4   0.843636   -15.9807   0.000639666   -3.27819e-08           
AlOF         3   Al F O 1 1 1
  4     148870.0   -1.37368   -21.1531   0.000514777   -3.02703e-08           
AlF2         2   Al F 1 2
  4     141911.0   -1.7358   -15.1383   0.000446882   -2.48292e-08           
AlF2-         3   Al F el 1 2 1
  4     166847.0   -4.16406   -1.87501   0.000424641   -2.39215e-08           
AlF2+         3   Al F el 1 2 -1
  4     48172.3   1.17093   -35.1082   0.000487284   -2.78056e-08           
AlF2O         3   Al F O 1 2 1
  4     221740.0   -1.8298   -30.7239   0.000662317   -3.43978e-08           
AlF2O-         4   Al F O el 1 2 1 1
  4     245136.0   -4.40725   -16.9695   0.000708766   -4.1211e-08           
AlF3         2   Al F 1 3
  4     213367.0   -2.05187   -30.9713   0.000751218   -4.27263e-08           
AlF4-         3   Al F el 1 4 1
  4     316357.0   -4.40893   -34.8435   0.000887754   -5.06459e-08           
LiAlF4         3   Al F Li 1 4 1
  4     319697.0   -1.9646   -61.8249   0.00114317   -7.07626e-08           
NaAlF4         3   Al F Na 1 4 1
  4     311975.0   -1.70831   -62.9805   0.00104098   -6.36455e-08           
AlH         2   Al H 1 1
  4     34288.7   -1.51855   -1.14794   0.000383819   -1.87632e-08           
AlOH         3   Al H O 1 1 1
  4     116643.0   -3.49644   -4.46506   0.00106912   -5.30554e-08           
HAlO         3   Al H O  1 1 1
  4     91273.6   -2.61419   -10.5748   0.000935627   -5.57776e-08           
AlOH-         4   Al H O el 1 1 1 1
  4     122012.0   -5.51846   9.67964   0.000733455   -3.74812e-08           
AlOH+         4   Al H O el 1 1 1 -1
  4     30424.3   -0.637578   -19.55   0.00095529   -4.98767e-08           
AlO2H         3   Al H O 1 1 2
  4     180386.0   -3.42803   -19.8423   0.00108737   -5.85448e-08           
AlI         2   Al I 1 1
  4     44191.7   -0.517909   -8.33115   1.39e-05   4.53327e-10           
AlI3         2   Al I 1 3
  4     101415.0   -0.247086   -38.6434   8.33e-05   -1.20177e-08           
AlN         2   Al N 1 1
  4     33380.5   -0.912019   -4.84637   0.000197911   -1.11046e-08           
AlO         2   Al O 1 1
  4     61107.7   -1.7902   -1.35971   0.000768615   -3.9315e-08           
AlO-         3   Al O el 1 1 1
  4     101036.0   -3.56282   7.493   0.000231304   -1.23579e-08           
AlO+         3   Al O el 1 1 -1
  4     -49255.1   1.64346   -20.1385   0.000224552   -1.28953e-08           
AlO2         2   Al O 1 2
  4     109779.0   -1.02797   -21.862   0.000381694   -2.17081e-08           
AlO2-         3   Al O el 1 2 1
  4     157443.0   -3.81188   -7.84723   0.000497451   -3.00138e-08           
AlS         2   Al S 1 1
  4     43852.1   -1.73346   -1.15384   0.000841827   -4.98671e-08           
Al2         1   Al 2
  4     20816.1   0.198352   -12.8542   -0.000149552   1.17923e-08           
Al2Br6         2   Al Br 2 6
  4     273417.0   1.88935   -112.866   -0.00043785   2.42277e-08           
Al2Cl6         2   Al Cl 2 6
  4     322505.0   -1.31147   -93.8002   0.00104696   -5.50934e-08           
(AlF3)2         2   Al F 2 6
  4     453134.0   -2.4974   -92.9287   0.00165542   -9.43913e-08           
Al2I6         2   Al I 2 6
  4     215823.0   1.59351   -109.253   0.000134166   -2.21796e-08           
Al2O         2   Al O 2 1
  4     126583.0   -0.880611   -23.1266   0.000335552   -2.01455e-08           
Al2O+         3   Al O el 2 1 -1
  4     31409.4   1.70485   -36.8881   0.00030969   -1.90676e-08           
Al2O2         2   Al O 2 2
  4     186515.0   -1.16079   -37.3783   0.00045868   -2.85415e-08           
Al2O2+         3   Al O el 2 2 -1
  4     71578.3   1.46107   -51.3076   0.000413495   -2.59657e-08           
Ar         1   Ar 1
  4     0.0   0.0   0.0   0.0   0.0           
Ar+         2   Ar el 1 -1
  4     -182807.0   2.72115   -14.3729   -8.37e-06   -1.32114e-09           
B         1   B 1
  4     0.0   0.0   0.0   0.0   0.0           
B-         2   B el 1 1
  4     3218.26   -2.50521   14.6607   3.7e-06   -3.60172e-10           
B+         2   B el 1 -1
  4     -96286.2   2.49816   -16.0004   1.4e-06   -1.42411e-10           
B10H14         2   B H 10 14
  4     1028940.0   -29.8058   -148.757   0.0132785   -7.15014e-07           
BBeO2         3   B Be O 1 1 2
  4     223577.0   -3.11716   -21.9698   0.00113659   -6.76068e-08           
BBr         2   B Br 1 1
  4     52460.3   -0.677975   -8.01098   9.62e-06   6.75047e-10           
BBrCl         3   B Br Cl 1 1 1
  4     96304.1   -1.47243   -15.087   0.000245434   -1.31418e-08           
BBrCl2         3   B Br Cl 1 1 2
  4     150110.0   -1.79343   -30.5001   0.00051534   -2.75581e-08           
BBrF         3   B Br F 1 1 1
  4     118913.0   -1.71351   -14.4611   0.00035579   -1.99794e-08           
BBrF2         3   B Br F 1 1 2
  4     198051.0   -2.4425   -27.8631   0.000786686   -4.37849e-08           
BBrO         3   B Br O 1 1 1
  4     140673.0   -1.39762   -20.0591   0.000399978   -2.23731e-08           
BBr2         2   B Br 1 2
  4     86511.9   -0.91424   -19.2022   -9.26e-06   4.29518e-10           
BBr2Cl         3   B Br Cl 1 2 1
  4     141326.0   -1.21776   -34.0158   0.000253901   -1.35941e-08           
BBr2F         3   B Br F 1 2 1
  4     165427.0   -1.52028   -32.823   0.000382049   -2.12972e-08           
BBr2H         3   B Br H 1 2 1
  4     132500.0   -2.5489   -22.9351   0.000660844   -3.43563e-08           
BBr3         2   B Br 1 3
  4     132194.0   -0.62895   -38.7067   -1.23e-05   6.36667e-10           
BC         2   B C 1 1
  4     53590.7   -1.30047   -3.97295   0.000309468   -1.81881e-08           
BCl         2   B Cl 1 1
  4     64615.4   -1.24161   -4.59424   0.000265882   -1.29885e-08           
BCl+         3   B Cl el 1 1 -1
  4     -66085.9   1.26312   -18.1374   0.00026054   -1.25969e-08           
BClF         3   B Cl F 1 1 1
  4     128698.0   -2.28663   -10.8988   0.000613281   -3.3626e-08           
BClF2         3   B Cl F 1 1 2
  4     206879.0   -3.04824   -24.1653   0.00105878   -5.83421e-08           
BClO         3   B Cl O 1 1 1
  4     149500.0   -1.99635   -16.3896   0.000667006   -3.65734e-08           
BCl2         2   B Cl 1 2
  4     105641.0   -1.81186   -13.6456   0.00040481   -1.80269e-08           
BCl2-         3   B Cl el 1 2 1
  4     112944.0   -4.3382   -0.0262554   0.000377514   -1.11226e-08           
BCl2+         3   B Cl el 1 2 -1
  4     15921.4   1.29009   -33.6455   0.000373157   -1.82598e-08           
BCl2F         3   B Cl F 1 2 1
  4     182992.0   -2.67766   -25.6715   0.000906869   -4.93271e-08           
BCl2H         3   B Cl H 1 2 1
  4     151711.0   -3.76579   -15.6025   0.00120554   -6.34544e-08           
BCl3         2   B Cl 1 3
  4     159037.0   -2.41909   -27.7153   0.000794009   -4.24629e-08           
BF         2   B F 1 1
  4     90471.4   -1.51638   -3.63817   0.000371746   -1.95179e-08           
BFO         3   B F O 1 1 1
  4     178845.0   -2.27894   -15.4288   0.000791146   -4.41574e-08           
BF2         2   B F 1 2
  4     156891.0   -2.32959   -12.0513   0.000643365   -3.47218e-08           
BF2-         3   B F el 1 2 1
  4     181661.0   -4.82937   1.4035   0.000613177   -2.95256e-08           
BF2+         3   B F el 1 2 -1
  4     47989.1   0.551329   -31.4766   0.000684692   -3.78528e-08           
BF2H         3   B F H 1 2 1
  4     199922.0   -4.5037   -12.3889   0.00150091   -8.07879e-08           
BF2HO         4   B F H O 1 2 1 1
  4     271767.0   -5.51337   -22.4391   0.00194964   -1.04321e-07           
BF2O         3   B F O 1 2 1
  4     216466.0   -3.05906   -24.5972   0.00109486   -6.08914e-08           
BF3         2   B F 1 3
  4     231889.0   -3.38097   -23.811   0.00119606   -6.65097e-08           
BF4K         3   B F K 1 4 1
  4     302351.0   -3.42216   -55.0618   0.00168197   -1.05601e-07           
BH         2   B H 1 1
  4     39860.1   -1.73349   -0.232408   0.000401777   -1.83718e-08           
BHO         3   B H O 1 1 1
  4     146644.0   -3.12703   -7.15911   0.000981196   -5.14228e-08           
BHO-         4   B H O el 1 1 1 1
  4     151443.0   -5.63239   10.0868   0.000875571   -4.42918e-08           
BHO+         4   B H O el 1 1 1 -1
  4     -19299.0   -0.663507   -19.7656   0.00106063   -5.51378e-08           
BHO2         3   B H O 1 1 2
  4     219811.0   -4.7222   -11.8166   0.0014582   -7.65798e-08           
BHS         3   B H S 1 1 1
  4     120202.0   -2.83119   -8.50275   0.000902165   -4.89242e-08           
BHS+         4   B H S el 1 1 1 -1
  4     -8809.07   -0.0894439   -23.0251   0.00084315   -4.6843e-08           
BH2         2   B H 1 2
  4     94803.2   -3.35648   -2.71841   0.00102253   -5.21474e-08           
BH2O2         3   B H O 1 2 2
  4     235876.0   -5.44358   -20.1963   0.00192526   -1.03228e-07           
BH3         2   B H 1 3
  4     131552.0   -6.27741   3.48203   0.00184205   -9.15871e-08           
BH3O3         3   B H O 1 3 3
  4     353121.0   -8.97292   -24.8278   0.00277342   -1.44986e-07           
BI         2   B I 1 1
  4     43286.4   -0.706508   -7.61815   0.000100317   -6.69655e-09           
BI2         2   B I 1 2
  4     63627.7   -1.00948   -18.2496   0.00018153   -1.50899e-08           
BI3         2   B I 1 3
  4     97235.1   -0.657451   -37.7448   0.000232481   -2.03131e-08           
BKO2         3   B K O 1 1 2
  4     218505.0   -2.56549   -24.4489   0.00100023   -6.81393e-08           
BLiO2         3   B Li O 1 1 2
  4     223695.0   -2.59316   -24.427   0.000960655   -6.00675e-08           
BN         2   B N 1 1
  4     66467.0   -1.44964   -1.93839   0.000358289   -1.81558e-08           
BNaO2         3   B Na O 1 1 2
  4     217654.0   -2.52089   -25.1593   0.000928935   -5.70323e-08           
BO         2   B O 1 1
  4     96898.0   -1.64747   -2.63267   0.000385285   -2.01805e-08           
BO2         2   B O 1 2
  4     161167.0   -1.74584   -18.5888   0.000632532   -3.61634e-08           
BO2-         3   B O el 1 2 1
  4     209540.0   -4.95257   -1.40332   0.000837261   -4.68602e-08           
BS         2   B S 1 1
  4     71102.2   -1.39847   -3.63772   0.000314341   -1.64131e-08           
B2         1   B 2
  4     34899.2   -0.352242   -10.5309   5.58e-05   -4.07094e-09           
B2BeO4         3   B Be O 2 1 4
  4     455239.0   -4.74403   -62.0932   0.00225506   -1.31319e-07           
B2Cl4         2   B Cl 2 4
  4     251224.0   -3.17752   -53.1463   0.00122329   -6.59595e-08           
B2F4         2   B F 2 4
  4     344218.0   -4.6058   -46.1662   0.00181815   -1.01513e-07           
B2F4O         3   B F O 2 4 1
  4     429874.0   -6.46197   -51.5346   0.00261579   -1.45257e-07           
B2H4O4         3   B H O 2 4 4
  4     511644.0   -10.6165   -60.4022   0.00412724   -2.17947e-07           
B2H6         2   B H 2 6
  4     284378.0   -11.8897   -15.9417   0.00445621   -2.34288e-07           
B2O         2   B O 2 1
  4     152490.0   -2.59362   -12.2264   0.000726248   -4.06435e-08           
B2O2         2   B O 2 2
  4     248935.0   -2.66765   -29.6341   0.00107157   -5.93985e-08           
B2O3         2   B O 2 3
  4     324368.0   -3.75784   -37.1622   0.00145613   -8.13152e-08           
B3Cl3O3         3   B Cl O 3 3 3
  4     531316.0   -4.47872   -99.8446   0.00247123   -1.39495e-07           
B3FH2O3         4   B F H O 3 1 2 3
  4     544495.0   -8.67768   -68.0839   0.00383985   -2.11863e-07           
B3F2HO3         4   B F H O 3 2 1 3
  4     574964.0   -7.4912   -79.4816   0.00352014   -1.97032e-07           
B3F3O3         3   B F O 3 3 3
  4     604089.0   -6.13444   -91.9569   0.00310148   -1.75656e-07           
B3H3O3         3   B H O 3 3 3
  4     515032.0   -9.82179   -57.977   0.00411722   -2.23705e-07           
B3H3O6         3   B H O 3 3 6
  4     732035.0   -9.50955   -112.155   0.00441359   -2.39818e-07           
B3H6N3         3   B H N 3 6 3
  4     587891.0   -15.4807   -60.7397   0.00620282   -3.29685e-07           
B5H9         2   B H 5 9
  4     559698.0   -19.8779   -57.9108   0.00820925   -4.38995e-07           
Ba         1   Ba 1
  4     0.0   0.0   0.0   0.0   0.0           
Ba+         2   Ba el 1 -1
  4     -60428.6   2.44662   -13.4711   0.000319014   -5.49114e-08           
BaBr         2   Ba Br 1 1
  4     48529.7   0.579499   -12.8664   -0.000624224   7.33049e-09           
BaBr2         2   Ba Br 1 2
  4     99757.5   0.573538   -25.232   -0.000671673   -7.89267e-11           
BaCl         2   Ba Cl 1 1
  4     53320.4   0.0422901   -9.60031   -0.000364652   -4.7252e-09           
BaCl2         2   Ba Cl 1 2
  4     110676.0   -0.363492   -18.752   -0.000225188   -2.37505e-08           
BaF         2   Ba F 1 1
  4     69973.9   0.119012   -10.9289   -0.000376824   -6.9012e-09           
BaF+         3   Ba F el 1 1 -1
  4     13737.8   2.14665   -22.8696   -0.000138078   -5.38437e-09           
BaF2         2   Ba F 1 2
  4     137370.0   -0.236548   -21.1593   -0.000211861   -2.61825e-08           
BaHO         3   Ba H O 1 1 1
  4     104844.0   -0.873719   -17.7793   -3.56e-05   -2.36873e-08           
BaHO+         4   Ba H O el 1 1 1 -1
  4     45752.4   1.55873   -32.2577   4.47e-05   -3.66448e-08           
BaH2O2         3   Ba H O 1 2 2
  4     208841.0   -2.1884   -35.0646   0.000497347   -5.81369e-08           
BaI         2   Ba I 1 1
  4     39683.6   0.43184   -11.655   -0.000444623   -1.14672e-08           
BaI2         2   Ba I 1 2
  4     83854.0   0.412145   -24.9216   -0.000457463   -1.68977e-08           
BaO         2   Ba O 1 1
  4     66659.4   0.48829   -14.8946   -0.000711698   3.19218e-08           
BaS         2   Ba S 1 1
  4     50457.6   0.222278   -12.2793   -0.000579698   3.0802e-08           
Be         1   Be 1
  4     0.0   0.0   0.0   0.0   0.0           
Be+         2   Be el 1 -1
  4     -106955.0   2.42599   -13.0475   5.99e-05   -6.46523e-09           
BeBr         2   Be Br 1 1
  4     37785.9   -0.760122   -4.99356   7.08e-05   -5.26228e-09           
BeBr2         2   Be Br 1 2
  4     93372.4   -0.478232   -22.5384   4.25e-05   -5.40523e-09           
BeC2         2   Be C 1 2
  4     142874.0   -2.37486   -12.9426   0.00084309   -5.27911e-08           
BeCl         2   Be Cl 1 1
  4     45920.8   -1.31014   -1.55942   0.000319897   -1.8968e-08           
BeCl+         3   Be Cl el 1 1 -1
  4     -63827.0   1.18242   -16.2018   0.00029506   1.19507e-09           
BeClF         3   Be Cl F 1 1 1
  4     131686.0   -1.62061   -15.3929   0.000584229   -3.50023e-08           
BeCl2         2   Be Cl 1 2
  4     111110.0   -1.51867   -16.0385   0.000524162   -3.09842e-08           
BeF         2   Be F 1 1
  4     68582.2   -1.49505   -1.08923   0.00040423   -2.44507e-08           
BeF2         2   Be F 1 2
  4     153422.0   -1.81543   -15.7349   0.000673358   -4.05214e-08           
BeF3Li         3   Be F Li 1 3 1
  4     192765.0   -3.7579   -34.8455   0.00162157   -9.99057e-08           
BeH         2   Be H 1 1
  4     26096.5   -1.71778   2.28503   0.000454551   -2.50446e-08           
BeH+         3   Be H el 1 1 -1
  4     -73630.2   0.770721   -12.5777   0.000424937   -2.15065e-08           
BeHO         3   Be H O 1 1 1
  4     108288.0   -2.69714   -6.98595   0.000821718   -4.50878e-08           
BeHO+         4   Be H O el 1 1 1 -1
  4     3842.21   -0.187775   -21.9482   0.000819867   -4.50985e-08           
BeH2         2   Be H 1 2
  4     75406.1   -3.79175   1.14266   0.00128855   -7.21107e-08           
BeH2O2         3   Be H O 1 2 2
  4     231756.0   -4.21978   -27.7048   0.00155016   -8.20171e-08           
BeI         2   Be I 1 1
  4     31167.5   -0.775526   -4.56329   0.000156738   -1.2205e-08           
BeI2         2   Be I 1 2
  4     72263.9   -0.510632   -21.6598   0.00021183   -1.97587e-08           
BeN         2   Be N 1 1
  4     44174.9   -1.30087   -1.30757   0.000362952   -2.37704e-08           
BeO         2   Be O 1 1
  4     51809.3   -2.51092   4.42269   0.00101136   -3.8164e-08           
BeS         2   Be S 1 1
  4     39767.0   -2.89419   7.48042   0.0014545   -7.57064e-08           
Be2         1   Be 2
  4     542.564   -2.37331   8.10341   1.34e-05   -6.85969e-09           
Be2Cl4         2   Be Cl 2 4
  4     226071.0   -1.49424   -57.0521   0.000863027   -5.19095e-08           
Be2F2O         3   Be F O 2 2 1
  4     271373.0   -2.71363   -37.4924   0.00122264   -7.54475e-08           
Be2O         2   Be O 2 1
  4     114992.0   -2.14459   -12.0209   0.000830821   -5.3259e-08           
Be2O2         2   Be O 2 2
  4     186566.0   -3.07677   -22.3887   0.00118765   -7.44867e-08           
Be3O3         2   Be O 3 3
  4     332471.0   -5.82197   -37.9652   0.00252903   -1.52169e-07           
Be4O4         2   Be O 4 4
  4     465970.0   -6.06404   -69.4351   0.00308179   -1.89147e-07           
Be5O5         2   Be O 5 5
  4     597665.0   -7.32726   -95.2175   0.00394358   -2.41629e-07           
Be6O6         2   Be O 6 6
  4     732376.0   -8.69185   -120.514   0.00485096   -2.96958e-07           
Br         1   Br 1
  4     0.0   0.0   0.0   0.0   0.0           
Br-         2   Br el 1 1
  4     39083.6   -2.36824   12.0137   -0.000131313   7.51009e-09           
Br+         2   Br el 1 -1
  4     -136999.0   2.47758   -13.8927   5.59e-05   -2.38594e-09           
BrC         2   Br C 1 1
  4     38154.8   -0.375387   -9.47033   -9.31e-05   4.38401e-09           
BrCF3         3   Br C F 1 1 3
  4     205835.0   -2.92528   -43.3915   0.00116018   -6.70909e-08           
BrCN         3   Br C N 1 1 1
  4     133762.0   -1.5209   -18.9165   0.000498449   -2.6002e-08           
BrCa         2   Br Ca 1 1
  4     40570.3   -0.725786   -4.47716   0.000184974   -2.56621e-08           
BrCl         2   Br Cl 1 1
  4     26052.5   -0.822464   -6.59895   3.02e-05   6.25573e-10           
BrF         2   Br F 1 1
  4     29832.2   -0.845075   -7.12151   7.48e-05   -2.32523e-09           
BrF3         2   Br F 1 3
  4     72598.8   -1.39653   -34.4826   0.000430502   -2.43748e-08           
BrF5         2   Br F 1 5
  4     112598.0   -1.63885   -67.8954   0.000889335   -5.04796e-08           
BrF5S         3   Br F S 1 5 1
  4     211190.0   -2.8114   -79.7885   0.00150517   -8.76499e-08           
BrH         2   Br H 1 1
  4     43594.3   -1.64825   -0.0721925   0.000248655   -9.50827e-09           
BrH3Si         3   Br H Si 1 3 1
  4     154526.0   -5.06115   -18.8974   0.00170514   -9.23913e-08           
BrHg         2   Br Hg 1 1
  4     8191.37   -0.396467   -6.77547   -5.19e-05   6.81721e-09           
BrI         2   Br I 1 1
  4     21305.9   -0.23593   -9.97915   -0.000268984   3.40317e-08           
BrK         2   Br K 1 1
  4     45646.8   -0.589206   -6.29782   9.52e-05   -1.40177e-08           
BrLi         2   Br Li 1 1
  4     50957.4   -0.679354   -6.31276   7.23e-05   -7.48171e-09           
BrMg         2   Br Mg 1 1
  4     35247.1   -0.539798   -5.8819   -6.97e-06   -8.26447e-10           
BrMo         2   Br Mo 1 1
  4     37538.8   -0.580403   -6.6438   2.65e-05   -5.21958e-09           
BrN         2   Br N 1 1
  4     33952.6   -0.720152   -6.4638   4.52e-05   -2.73324e-09           
BrNO         3   Br N O 1 1 1
  4     89960.7   -1.77917   -14.4455   0.000370657   -2.22611e-08           
BrNa         2   Br Na 1 1
  4     43520.5   -0.529698   -6.99971   1.88e-05   -2.67728e-09           
BrO         2   Br O 1 1
  4     28254.9   -0.299826   -10.5356   -2.37e-05   -3.14566e-09           
BrO2_broo         2   Br O  1 2
  4     60048.6   -1.46718   -15.5606   0.000264974   -1.68e-08           
BrO2_obro         2   Br O  1 2
  4     54812.0   -1.41074   -18.1789   0.000268445   -1.58639e-08           
BrO3         2   Br O 1 3
  4     76522.7   -1.63676   -34.7961   0.000546724   -3.35024e-08           
BrP         2   Br P 1 1
  4     31810.1   -0.533144   -7.18982   5.63e-06   -6.90157e-09           
BrPb         2   Br Pb 1 1
  4     28397.7   -0.0927066   -8.74169   -0.000240209   9.12416e-10           
BrSi         2   Br Si 1 1
  4     39225.9   -0.165611   -10.3244   -0.000200161   1.16612e-08           
BrSr         2   Br Sr 1 1
  4     43682.2   -0.741569   -4.24515   0.000221311   -3.20643e-08           
BrTi         2   Br Ti 1 1
  4     44968.2   0.0715213   -12.1978   2.49e-05   -1.90806e-08           
BrW         2   Br W 1 1
  4     44417.8   -2.17128   6.14719   -0.000149392   2.42956e-08           
BrZr         2   Br Zr 1 1
  4     50299.2   -1.22353   -2.99054   0.00017026   -1.95279e-08           
Br2         1   Br 2
  4     23064.3   -0.410172   -9.782   -0.000146427   1.19917e-08           
Br2Ca         2   Br Ca 2 1
  4     94531.7   -0.211957   -21.4932   0.000105168   -2.71295e-08           
Br2Fe         2   Br Fe 2 1
  4     81713.7   -0.663736   -19.0064   0.000224574   -2.16233e-08           
Br2H2Si         3   Br H Si 2 2 1
  4     155677.0   -3.32209   -31.6042   0.00106314   -5.82581e-08           
Br2Hg         2   Br Hg 2 1
  4     44619.4   0.157557   -25.6255   -0.000221624   1.26104e-08           
Br2K2         2   Br K 2 2
  4     113284.0   -0.172082   -34.2907   9.32e-05   -2.78957e-08           
Br2Li2         2   Br Li 2 2
  4     125413.0   -0.348867   -35.4937   6.62e-05   -1.49342e-08           
Br2Mg         2   Br Mg 2 1
  4     81044.5   -0.0199114   -23.645   -0.000120377   3.55567e-09           
Br2Mg+         3   Br Mg el 2 1 -1
  4     -42605.1   2.52156   -35.6341   -0.000138249   4.78526e-09           
Br2Mo         2   Br Mo 2 1
  4     86360.4   1.21256   -33.2705   -0.000342461   -5.64934e-09           
Br2Na2         2   Br Na 2 2
  4     111204.0   -0.0716245   -36.6252   -5.15e-05   -5.62596e-09           
Br2O_brbro         2   Br O  2 1
  4     36493.9   -0.766283   -18.8683   -5.88e-05   1.9527e-09           
Br2O_brobr         2   Br O  2 1
  4     43755.5   -0.788204   -21.3852   -4.84e-05   2.6203e-09           
Br2Pb         2   Br Pb 2 1
  4     62981.4   0.0518578   -22.6584   -0.000405467   3.85975e-09           
Br2Si         2   Br Si 2 1
  4     87235.2   -0.42345   -22.799   -0.000232621   1.24335e-08           
Br2Sr         2   Br Sr 2 1
  4     95531.5   -0.233275   -21.4912   0.00014988   -3.50478e-08           
Br2Ti         2   Br Ti 2 1
  4     105426.0   -0.0921241   -26.1337   -8.82e-05   -4.74782e-09           
Br2Zr         2   Br Zr 2 1
  4     121142.0   -0.517017   -22.3749   -0.000193116   8.46039e-09           
Br3HSi         3   Br H Si 3 1 1
  4     156891.0   -1.48818   -46.0371   0.000384784   -2.20077e-08           
Br3Mo         2   Br Mo 3 1
  4     120540.0   -0.360745   -37.6462   0.000239375   -3.3804e-08           
Br3OP         3   Br O P 3 1 1
  4     155167.0   -0.537674   -55.7535   0.000182437   -1.89669e-08           
Br3P         2   Br P 3 1
  4     96012.1   -0.0300079   -40.7612   -0.000185508   2.38871e-09           
Br3PS         3   Br P S 3 1 1
  4     143500.0   -0.173504   -57.3331   5.4625e-05   -1.35596e-08           
Br3Si         2   Br Si 3 1
  4     118793.0   -0.0544288   -40.794   -0.000247852   1.16178e-08           
Br3Ti         2   Br Ti 3 1
  4     142675.0   0.587465   -45.7251   -0.000321914   -2.1934e-09           
Br3Zr         2   Br Zr 3 1
  4     165532.0   -0.290285   -38.3456   -0.00039477   1.03485e-08           
Br4C         2   Br C 4 1
  4     134085.0   -0.0102049   -60.3831   -0.000127331   5.11807e-09           
Br4Fe2         2   Br Fe 4 2
  4     184289.0   -0.0119689   -65.7972   0.000208836   -3.08253e-08           
Br4Mg2         2   Br Mg 4 2
  4     181898.0   1.16601   -72.1868   -0.000317976   1.15397e-08           
Br4Mo         2   Br Mo 4 1
  4     153834.0   0.517837   -59.1697   -0.000186756   -8.78552e-09           
Br4Pb         2   Br Pb 4 1
  4     132573.0   1.20793   -62.0027   -0.000626981   1.65001e-08           
Br4Si         2   Br Si 4 1
  4     158119.0   0.434578   -61.8189   -0.000325358   1.60358e-08           
Br4Ti         2   Br Ti 4 1
  4     177215.0   0.599873   -62.0801   -0.000357888   9.95137e-10           
Br4Zr         2   Br Zr 4 1
  4     204870.0   0.250329   -57.8476   -0.000491288   1.58442e-08           
Br5Nb         2   Br Nb 5 1
  4     208921.0   0.156682   -74.8575   -0.000184409   -1.06731e-09           
Br5W         2   Br W 5 1
  4     193216.0   -0.42511   -66.9161   -0.00056949   4.48954e-08           
Br6W         2   Br W 6 1
  4     212167.0   0.270591   -90.0278   -0.000738623   4.88371e-08           
C         1   C 1
  4     0.0   0.0   0.0   0.0   0.0           
C-         2   C el 1 1
  4     14680.1   -2.53563   13.6692   -2.18e-06   6.43116e-09           
C+         2   C el 1 -1
  4     -130690.0   2.50401   -14.6647   7.55e-06   -2.54479e-09           
CCl         2   C Cl 1 1
  4     40086.1   -1.21265   -3.98297   0.000256087   -1.37754e-08           
CH2ClF         4   C Cl F H 1 1 1 2
  4     192725.0   -6.60928   -11.475   0.00223384   -1.18076e-07           
CFClO         4   C Cl F O 1 1 1 1
  4     190938.0   -3.22705   -23.5717   0.00111849   -6.39039e-08           
CHClF2         4   C Cl F H 1 1 2 1
  4     202940.0   -4.98328   -25.4851   0.00180645   -9.85202e-08           
CClF3         3   C Cl F 1 1 3
  4     213906.0   -3.54875   -39.6988   0.0014394   -8.20705e-08           
CHCl         3   C Cl H 1 1 1
  4     85964.7   -3.36069   -2.98598   0.00130814   -7.93219e-08           
CH3Cl         3   C Cl H 1 1 3
  4     187616.0   -7.71117   -2.44843   0.00248088   -1.27804e-07           
CClN         3   C Cl N 1 1 1
  4     140543.0   -2.11454   -15.3492   0.000762648   -4.01053e-08           
CClO         3   C Cl O 1 1 1
  4     137740.0   -2.24974   -11.6913   0.000579713   -3.348e-08           
CCl2         2   C Cl 1 2
  4     86087.3   -2.48374   -10.9431   0.00106378   -6.44276e-08           
CHCl2F         4   C Cl F H 1 2 1 1
  4     184147.0   -4.76213   -26.0846   0.00170179   -9.1949e-08           
CCl2F2         3   C Cl F 1 2 2
  4     192998.0   -3.11752   -41.2502   0.00126253   -7.15634e-08           
CH2Cl2         3   C Cl H 1 2 2
  4     177820.0   -6.22408   -13.9323   0.00207847   -1.08928e-07           
COCl2         3   C Cl O 1 2 1
  4     171174.0   -2.84335   -25.8668   0.000957251   -5.42207e-08           
CCl3         2   C Cl 1 3
  4     119890.0   -2.26317   -28.4785   0.000747794   -4.19364e-08           
CCl3F         3   C Cl F 1 3 1
  4     173694.0   -2.70048   -43.5096   0.00108834   -6.11304e-08           
CHCl3         3   C Cl H 1 3 1
  4     167582.0   -4.40936   -28.7324   0.00155281   -8.3002e-08           
CCl4         2   C Cl 1 4
  4     155609.0   -2.32138   -46.5765   0.000926363   -5.13389e-08           
CF         2   C F 1 1
  4     64702.2   -1.4335   -3.23877   0.000354146   -2.03239e-08           
CF+         3   C F el 1 1 -1
  4     -42121.5   1.00408   -18.4405   0.000373618   -2.1479e-08           
CHF         3   C F H 1 1 1
  4     105972.0   -3.52442   -2.18932   0.000908193   -3.81824e-08           
CHFO         4   C F H O 1 1 1 1
  4     196095.0   -4.86167   -10.529   0.00158514   -8.66741e-08           
CH3F         3   C F H 1 1 3
  4     200605.0   -8.14272   -0.351338   0.00265388   -1.37902e-07           
CFN         3   C F N 1 1 1
  4     147744.0   -2.28893   -14.821   0.000778781   -4.54674e-08           
CFO         3   C F O 1 1 1
  4     145732.0   -2.64677   -10.6264   0.000752624   -4.40212e-08           
CF2         2   C F 1 2
  4     126653.0   -2.42892   -12.7598   0.000663277   -3.52162e-08           
CF2+         3   C F el 1 2 -1
  4     -7813.47   -0.0699461   -25.3392   0.000727936   -4.09139e-08           
CH2F2         3   C F H 1 2 2
  4     210297.0   -7.06755   -9.97156   0.00241754   -1.28823e-07           
CF2O         3   C F O 1 2 1
  4     211342.0   -3.64773   -22.3878   0.00128865   -7.4e-08           
CF3         2   C F 1 3
  4     170744.0   -3.29984   -23.6643   0.00118949   -6.85856e-08           
CF3+         3   C F el 1 3 -1
  4     64250.9   -0.909083   -38.4243   0.00121916   -7.39551e-08           
CHF3         3   C F H 1 3 1
  4     223689.0   -5.62269   -23.2635   0.00204873   -1.124e-07           
CF3I         3   C F I 1 3 1
  4     198033.0   -2.88923   -43.158   0.00122598   -7.32066e-08           
CF4         2   C F 1 4
  4     235878.0   -4.02787   -38.8452   0.00163109   -9.33349e-08           
CF4O         3   C F O 1 4 1
  4     245540.0   -4.3254   -49.0057   0.0017483   -1.00809e-07           
CF8S         3   C F S 1 8 1
  4     401621.0   -5.62795   -112.184   0.00296591   -1.71636e-07           
CH         2   C H 1 1
  4     40379.6   -2.06523   2.73563   0.000603534   -2.96038e-08           
CH-         3   C H el 1 1 1
  4     58144.7   -3.51716   11.0912   -0.000553936   5.09032e-08           
CH+         3   C H el 1 1 -1
  4     -83002.3   0.696425   -14.5227   0.000380894   -1.77873e-08           
HCN         3   C H N 1 1 1
  4     152208.0   -3.2044   -6.26703   0.000984333   -5.17826e-08           
CHNO         4   C H N O 1 1 1 1
  4     210425.0   -4.30285   -14.293   0.00133044   -7.24817e-08           
HCO         3   C H O 1 1 1
  4     136277.0   -3.47855   -2.64678   0.000951657   -5.11327e-08           
HCO+         4   C H O el 1 1 1 -1
  4     42143.4   -0.685893   -21.3756   0.000956708   -5.08929e-08           
PCH         3   C H P 1 1 1
  4     131799.0   -2.71934   -9.15248   0.00090996   -5.27936e-08           
CH2         2   C H 1 2
  4     91169.7   -3.73503   1.06433   0.000979096   -4.94662e-08           
H2CO         3   C H O 1 2 1
  4     181076.0   -5.95395   -1.27437   0.00186009   -9.86705e-08           
CH3         2   C H 1 3
  4     145821.0   -5.79871   0.620786   0.00163241   -8.09944e-08           
CH4         2   C H 1 4
  4     197846.0   -8.83168   5.27931   0.00275677   -1.39667e-07           
CIN         3   C I N 1 1 1
  4     128368.0   -1.48679   -18.7273   0.000496117   -3.2214e-08           
KCN         3   C K N 1 1 1
  4     143802.0   -1.56464   -16.2289   0.00062855   -4.88291e-08           
CN         2   C N 1 1
  4     90232.4   -1.75861   -1.56088   0.000420862   -1.59741e-08           
CN-         3   C N el 1 1 1
  4     134538.0   -4.23936   11.7219   0.000410824   -2.4361e-08           
CN+         3   C N el 1 1 -1
  4     -73412.5   1.01025   -16.3642   0.000425271   -2.35543e-08           
NaCN         3   C N Na 1 1 1
  4     144245.0   -1.51417   -16.9281   0.000554291   -3.7533e-08           
CNO         3   C N O 1 1 1
  4     153330.0   -2.32714   -14.0991   0.00082489   -4.94008e-08           
CN2_cnn         2   C N  1 2
  4     129031.0   -2.32368   -13.066   0.000756603   -4.46197e-08           
CN2_ncn         2   C N  1 2
  4     142633.0   -1.89963   -16.6755   0.000712812   -4.50701e-08           
CO         2   C O 1 1
  4     128998.0   -1.75498   -3.16258   0.000413362   -2.358e-08           
COS         3   C O S 1 1 1
  4     165625.0   -2.33683   -15.9211   0.000852197   -4.93878e-08           
CO2         2   C O 1 2
  4     192841.0   -2.77259   -14.3745   0.000955278   -5.32731e-08           
CO2-         3   C O el 1 2 1
  4     197821.0   -5.35293   3.6866   0.000835497   -4.94751e-08           
CP         2   C P 1 1
  4     69831.4   -1.27244   -4.4283   0.000342881   -2.8641e-08           
CS         2   C S 1 1
  4     85442.3   -1.49342   -4.26643   0.000366935   -2.34112e-08           
CS2         2   C S 1 2
  4     138365.0   -1.96405   -18.4236   0.0007556   -4.64468e-08           
SiC         2   C Si 1 1
  4     53878.1   0.41629   -16.2625   -0.000285599   1.44412e-08           
Si2C        2   C Si 1 2
  4     129802.0   -1.23194   -22.5394   0.000298881   -8.01112e-09           
C2         1   C 2
  4     71348.6   -0.753302   -8.82633   8.41e-05   -8.34907e-10           
C2-         2   C el 2 1
  4     117887.0   -4.09781   10.2566   0.000378388   -1.57139e-08           
C2HCl         3   C Cl H 2 1 1
  4     186705.0   -3.30242   -21.4329   0.00114527   -6.18882e-08           
C2Cl2         2   C Cl 2 2
  4     175870.0   -2.18122   -31.1831   0.000866319   -4.94706e-08           
C2Cl4         2   C Cl 2 4
  4     231604.0   -3.17447   -56.2904   0.00139975   -7.9292e-08           
C2Cl6         2   C Cl 2 6
  4     275656.0   -2.67884   -93.1   0.00162848   -9.62481e-08           
CrC2         2   C Cr 2 1
  4     127595.0   3.64957   -54.8448   -0.00214973   1.13743e-07           
C2HF         3   C F H 2 1 1
  4     192266.0   -3.45036   -21.0247   0.00121002   -6.58528e-08           
C2F2         2   C F 2 2
  4     188465.0   -2.61936   -30.4836   0.00110048   -6.47411e-08           
C2F3N         3   C F N 2 3 1
  4     316642.0   -4.37972   -50.5423   0.00190213   -1.10625e-07           
C2F4         2   C F 2 4
  4     288983.0   -4.34112   -51.2957   0.00189071   -1.08751e-07           
C2F6         2   C F 2 6
  4     390525.0   -5.02635   -81.8596   0.00239658   -1.39507e-07           
C2H         2   C H 2 1
  4     140483.0   -3.02583   -7.31209   0.000907164   -4.24041e-08           
C2H2         2   C H 2 2
  4     196460.0   -4.51429   -12.4279   0.00151777   -7.45421e-08           
C2H4         2   C H 2 4
  4     268664.0   -9.529   -5.66852   0.00319357   -1.66353e-07           
C2H4O         3   C H O 2 4 1
  4     311083.0   -10.7569   -14.7028   0.00383108   -2.03086e-07           
(KCN)2        3   C K N 2 2 2
  4     308037.0   -2.10431   -55.3302   0.00124792   -9.71373e-08           
C2N         2   C N 2 1
  4     162054.0   -1.3596   -20.1803   0.000527257   -3.56032e-08           
C2N2         2   C N 2 2
  4     248283.0   -2.84562   -27.7626   0.00112826   -6.72781e-08           
(NaCN)2      3   C N Na 2 2 2
  4     312517.0   -2.06576   -57.1243   0.00112359   -7.59581e-08           
C2O         2   C O 2 1
  4     167387.0   -2.23683   -15.1504   0.000899197   -5.29613e-08           
SiC2         2   C Si 2 1
  4     152254.0   -1.44598   -20.6243   0.000396365   -1.47426e-08           
Si2C2       2   C Si 2 2
  4     201062.0   1.42585   -57.3237   -0.000610383   3.03589e-08           
TiC2         2   C Ti 2 1
  4     142116.0   2.43265   -47.2869   -0.00163154   8.80077e-08           
VC2         2   C V 2 1
  4     141928.0   1.38059   -40.9084   -0.0011665   6.46411e-08           
C3         1   C 3
  4     159040.0   -3.39362   -6.27788   0.000726049   -3.93526e-08           
C3H         2   C H 3 1
  4     221278.0   3.37781   -66.8686   -0.00275673   1.50781e-07           
C3O2         2   C O 3 2
  4     329014.0   -3.76315   -38.9142   0.00161372   -9.42755e-08           
C4         1   C 4
  4     227422.0   -3.01949   -29.6111   0.00122636   -7.50022e-08           
C4N2         2   C N 4 2
  4     393522.0   -3.91501   -53.4656   0.00183064   -1.09136e-07           
Ni(CO)4      3   C Ni O 4 1 4
  4     587870.0   -4.40774   -97.9396   0.00223682   -1.2813e-07           
TiC4         2   C Ti 4 1
  4     292656.0   2.79141   -85.1696   -0.00143539   7.41507e-08           
VC4         2   C V 4 1
  4     290307.0   2.24789   -82.5056   -0.00115151   5.9334e-08           
C5         1   C 5
  4     312497.0   -3.75947   -42.4806   0.00165606   -1.00477e-07           
Fe(CO)5    3   C Fe O 5 1 5
  4     717355.0   -5.75404   -125.443   0.00320703   -1.97629e-07           
Ca         1   Ca 1
  4     0.0   0.0   0.0   0.0   0.0           
Ca+         2   Ca el 1 -1
  4     -71024.2   2.24261   -11.8612   0.000211708   -2.32751e-08           
CaCl         2   Ca Cl 1 1
  4     48210.9   -1.21582   -1.48228   0.00041557   -3.83871e-08           
CaCl2         2   Ca Cl 1 2
  4     106957.0   -1.16258   -15.9094   0.000556653   -5.10835e-08           
CaF         2   Ca F 1 1
  4     63328.1   -1.22894   -2.16525   0.000451849   -4.22645e-08           
CaF2         2   Ca F 1 2
  4     134440.0   -1.63884   -13.3684   0.000608477   -5.57178e-08           
CaH         2   Ca H 1 1
  4     21397.2   2.36656   -24.9933   -0.00153148   8.2159e-08           
CaOH         3   Ca H O 1 1 1
  4     100318.0   -2.24867   -8.95653   0.000799317   -5.9143e-08           
CaOH+         4   Ca H O el 1 1 1 -1
  4     33334.7   0.20271   -23.531   0.000847453   -6.5162e-08           
Ca(OH)2       3   Ca H O 1 2 2
  4     206312.0   -3.67249   -26.9984   0.00134817   -8.94131e-08           
CaI         2   Ca I 1 1
  4     34606.4   -0.797473   -3.72184   0.0002727   -3.33087e-08           
CaI2         2   Ca I 1 2
  4     78022.5   -0.383216   -20.3105   0.000323261   -4.41765e-08           
CaO         2   Ca O 1 1
  4     45327.8   -2.48368   4.66213   0.0012484   -6.6735e-08           
CaS         2   Ca S 1 1
  4     38949.8   -3.02245   8.78829   0.00175934   -1.12821e-07           
Ca2         1   Ca 2
  4     898.86   -2.17354   8.56959   0.000238871   -5.44705e-08           
Cl         1   Cl 1
  4     0.0   0.0   0.0   0.0   0.0           
Cl-         2   Cl el 1 1
  4     41889.9   -2.81435   14.8801   8.34e-05   -3.83219e-09           
Cl+         2   Cl el 1 -1
  4     -150477.0   2.63854   -14.8048   -6.54e-05   5.56901e-09           
W2Cl10         2   Cl W 10 2
  4     453680.0   -3.55157   -130.172   0.0010706   -3.86873e-08           
ClCo         2   Cl Co 1 1
  4     42288.3   -1.37254   -2.66969   -2.39e-05   1.16797e-08           
ClCs         2   Cl Cs 1 1
  4     52370.5   -1.08185   -3.108   0.000379122   -3.85777e-08           
ClCu         2   Cl Cu 1 1
  4     43970.6   -0.996955   -4.83462   0.000247475   -2.39479e-08           
ClF         2   Cl F 1 1
  4     30006.4   -0.83654   -7.31349   -0.000131237   3.44015e-08           
Li2ClF        3   Cl F Li 1 1 2
  4     152729.0   -1.98975   -27.5831   0.000799301   -5.56238e-08           
MgClF         3   Cl F Mg 1 1 1
  4     109901.0   -1.58792   -14.5875   0.000404224   -2.53822e-08           
ClFO2S         4   Cl F O S 1 1 2 1
  4     183698.0   -3.26458   -41.0926   0.00134145   -7.82252e-08           
ClFO3         3   Cl F O 1 1 3
  4     115937.0   -3.60277   -41.0467   0.00147203   -8.41633e-08           
PClF2O        4   Cl F O P 1 2 1 1
  4     217848.0   -3.27293   -40.3948   0.00139034   -8.63368e-08           
ClF3         2   Cl F 1 3
  4     61936.2   -2.04133   -30.4553   0.000718189   -3.9853e-08           
ClF3Si         3   Cl F Si 1 3 1
  4     255495.0   -2.28475   -46.1308   0.000963001   -5.60723e-08           
ClF5         2   Cl F 1 5
  4     90673.3   -2.37569   -63.56   0.00121159   -6.79411e-08           
ClF5S         3   Cl F S 1 5 1
  4     220114.0   -3.43455   -76.2559   0.00178547   -1.02728e-07           
FeCl         2   Cl Fe 1 1
  4     34094.8   -1.10689   -3.45623   0.000315583   -2.79431e-08           
HCl         2   Cl H 1 1
  4     51302.8   -2.13173   2.87709   0.000445605   -1.92144e-08           
OHCl         3   Cl H O 1 1 1
  4     78894.5   -3.23264   -3.54939   0.000760371   -3.65966e-08           
SiH3Cl       3   Cl H Si 1 3 1
  4     163156.0   -5.64837   -15.3353   0.00197093   -1.06607e-07           
ClHg         2   Cl Hg 1 1
  4     12287.6   -0.879391   -3.84031   0.000157583   -5.33638e-09           
ClI         2   Cl I 1 1
  4     25083.1   -0.8801   -6.04307   0.000130369   -7.29149e-09           
KCL         2   Cl K 1 1
  4     50813.6   -1.05759   -3.45119   0.000316489   -2.58507e-08           
LiCL         2   Cl Li 1 1
  4     56976.8   -1.17973   -3.25999   0.000302996   -1.99483e-08           
LiOCl         3   Cl Li O 1 1 1
  4     64926.1   -2.13332   -11.402   0.000620542   -4.05228e-08           
MgCl         2   Cl Mg 1 1
  4     37225.8   -1.04853   -2.7917   0.000235261   -1.42132e-08           
MgCl+         3   Cl Mg el 1 1 -1
  4     -45887.1   1.162   -15.6106   0.000372185   -1.28915e-09           
NOCl         3   Cl N O 1 1 1
  4     94616.5   -2.30608   -11.3062   0.00065832   -3.32492e-08           
NO2Cl         3   Cl N O 1 1 2
  4     129237.0   -3.13502   -24.4274   0.00110857   -6.39755e-08           
NaCl         2   Cl Na 1 1
  4     49033.3   -1.00447   -4.10949   0.000239064   -1.46354e-08           
NiCl         2   Cl Ni 1 1
  4     44037.3   -1.38673   -2.34885   0.000289903   -1.61249e-09           
ClO         2   Cl O 1 1
  4     32048.6   -1.33025   -3.3507   0.000307999   -1.57804e-08           
TiOCl       3   Cl O Ti 1 1 1
  4     130707.0   -1.13482   -22.1613   0.000400263   -4.20741e-08           
ClO2         2   Cl O 1 2
  4     61426.3   -2.26719   -13.1718   0.000667536   -3.57808e-08           
ClO3         2   Cl O 1 3
  4     80567.5   -2.76998   -28.0064   0.00100255   -5.81589e-08           
PCl         2   Cl P 1 1
  4     36853.0   -1.02053   -4.20951   0.000232075   -1.91252e-08           
ClPb         2   Cl Pb 1 1
  4     36118.3   -0.577882   -5.96049   -1.22e-05   -1.14299e-08           
ClPb+         3   Cl Pb el 1 1 -1
  4     -50979.9   1.98707   -21.1566   -3.65e-05   -1.41663e-08           
SCl         2   Cl S 1 1
  4     28815.1   -0.992038   -4.99727   0.00017228   -9.79941e-09           
SCl+         3   Cl S el 1 1 -1
  4     -79440.8   1.1537   -17.0532   0.000312184   -1.38612e-08           
ClS2         2   Cl S 1 2
  4     71361.6   -1.73435   -14.0073   0.000423268   -2.72832e-08           
SiCl         2   Cl Si 1 1
  4     44625.7   -0.890237   -5.6282   0.000106806   -5.93045e-09           
ClSr         2   Cl Sr 1 1
  4     48862.6   -1.22127   -1.33313   0.000449598   -4.44699e-08           
TiCl         2   Cl Ti 1 1
  4     52965.0   -0.415122   -9.1879   0.000251303   -3.13051e-08           
WCl         2   Cl W 1 1
  4     49339.9   -2.68828   9.38071   9.06e-05   1.14292e-08           
ZrCl        2   Cl Zr 1 1
  4     62822.0   -1.73142   0.123608   0.000406003   -3.21988e-08           
Cl2         1   Cl 2
  4     28796.6   -1.37354   -3.87637   0.000285709   -1.0767e-08           
CoCl2         2   Cl Co 2 1
  4     91364.1   -1.40762   -16.1279   0.000317911   -1.65019e-08           
Cl2Cs2         2   Cl Cs 2 2
  4     126619.0   -1.17034   -28.2963   0.000667571   -7.73154e-08           
Cl2FOP         4   Cl F O P 2 1 1 1
  4     198353.0   -2.51772   -43.5669   0.00108963   -6.86642e-08           
FeCl2         2   Cl Fe 2 1
  4     95681.3   -1.72272   -14.3864   0.000707229   -4.70003e-08           
SiH2Cl2       3   Cl H Si 2 2 1
  4     173296.0   -4.46958   -24.6408   0.00158427   -8.60852e-08           
Cl2Hg         2   Cl Hg 2 1
  4     53934.7   -0.856806   -19.7625   0.000254056   -1.27398e-08           
(KCl)2        2   Cl K 2 2
  4     124565.0   -1.11068   -28.6471   0.000540359   -5.16089e-08           
(LiCl)2       2   Cl Li 2 2
  4     139160.0   -1.4001   -29.446   0.000555678   -4.1076e-08           
MgCl2         2   Cl Mg 2 1
  4     93813.8   -1.01412   -17.7315   0.000347071   -2.13014e-08           
Cl2MoO2         3   Cl Mo O 2 1 2
  4     244065.0   -2.22041   -45.861   0.00116208   -9.24784e-08           
(NaCl)2         2   Cl Na 2 2
  4     122803.0   -1.03283   -30.8613   0.000404266   -2.98326e-08           
NiCl2           2   Cl Ni 2 1
  4     89477.6   -1.27282   -18.04   0.000469046   -2.30791e-08           
Cl2O_clocl         2   Cl O  2 1
  4     48948.8   -1.83971   -14.5206   0.00044004   -2.40923e-08           
Cl2O_clclo         2   Cl O  2 1
  4     47851.0   -1.8673   -13.4628   0.000445691   -2.42698e-08           
TiOCl2            3   Cl O Ti 2 1 1
  4     181444.0   -1.45251   -33.0403   0.00048588   -4.60617e-08           
Cl2O2_clo2cl         2   Cl O  2 2
  4     72711.8   -1.92875   -30.0779   0.000667082   -3.52097e-08           
Cl2O2_cloclo      2   Cl O  2 2
  4     67507.0   -1.81937   -29.7451   0.000622684   -3.78596e-08           
SO2Cl2         3   Cl O S 2 2 1
  4     164512.0   -2.96202   -42.6691   0.00120365   -6.96762e-08           
WO2Cl2         3   Cl O W 2 2 1
  4     271163.0   -3.43169   -33.8804   0.000698017   -3.26717e-08           
Cl2Pb         2   Cl Pb 2 1
  4     73372.6   -0.904608   -16.7728   3.67e-05   -1.84718e-08           
Cl2Pb+         3   Cl Pb el 2 1 -1
  4     -45007.0   1.57064   -30.6724   5.22e-05   -1.99042e-08           
SCl2         2   Cl S 2 1
  4     64154.2   -1.79874   -14.3855   0.000416335   -2.40025e-08           
SCl2+         3   Cl S el 2 1 -1
  4     -45636.5   0.723668   -28.0672   0.000396735   -2.17906e-08           
SiCl2         2   Cl Si 2 1
  4     103214.0   -1.47585   -16.51   0.000262899   -1.47153e-08           
SrCl2         2   Cl Sr 2 1
  4     105343.0   -1.67666   -10.5088   0.000598794   -5.88595e-08           
TiCl2         2   Cl Ti 2 1
  4     114417.0   -1.12113   -20.7744   0.000393107   -3.04261e-08           
WCl2         2   Cl W 2 1
  4     131908.0   -3.06447   -2.3974   0.000536637   -1.39898e-08           
ZrCl2         2   Cl Zr 2 1
  4     124542.0   -1.57847   -16.0777   0.000300256   -1.79057e-08           
Cl3Co         2   Cl Co 3 1
  4     114322.0   -1.57131   -30.642   0.00029569   -1.34175e-08           
Cl3Cu3         2   Cl Cu 3 3
  4     196612.0   -0.549414   -64.7795   0.000680788   -7.31753e-08           
SiFCl3         3   Cl F Si 3 1 1
  4     208254.0   -1.72278   -47.6916   0.000699317   -3.95355e-08           
FeCl3         2   Cl Fe 3 1
  4     123755.0   -1.74468   -28.6633   0.000551617   -3.99323e-08           
SiHCl3         3   Cl H Si 3 1 1
  4     183103.0   -3.17555   -35.7354   0.001156   -6.32103e-08           
(LiCl)3        2   Cl Li 3 3
  4     221711.0   -2.11829   -56.253   0.00121088   -8.3109e-08           
PCl3O         3   Cl O P 3 1 1
  4     178669.0   -2.19581   -45.6496   0.000944866   -5.97254e-08           
PCl3         2   Cl P 3 1
  4     116154.0   -1.63661   -31.2472   0.000559237   -3.74063e-08           
PCl3S         3   Cl P S 3 1 1
  4     160564.0   -1.82382   -47.4176   0.000815721   -5.42914e-08           
SiCl3         2   Cl Si 3 1
  4     144470.0   -1.63614   -31.0721   0.000487187   -2.76095e-08           
TiCl3         2   Cl Ti 3 1
  4     165407.0   -1.17152   -35.9417   0.000479809   -4.52503e-08           
ZrCl3         2   Cl Zr 3 1
  4     179835.0   -1.70228   -29.7911   0.000509972   -4.08965e-08           
Cl4Co2         2   Cl Co 4 2
  4     202654.0   -1.73773   -56.9929   0.000488814   -2.47055e-08           
Fe2Cl4         2   Cl Fe 4 2
  4     209744.0   -1.98373   -54.5277   0.00111142   -7.94145e-08           
Mg2Cl4         2   Cl Mg 4 2
  4     208330.0   -0.920013   -59.0953   0.000654798   -4.03856e-08           
MoCl4         2   Cl Mo 4 1
  4     183503.0   -1.65456   -46.047   0.000865972   -6.87225e-08           
WOCl4         3   Cl O W 4 1 1
  4     258497.0   -3.83453   -48.9577   0.000960739   -4.50604e-08           
PbCl4         2   Cl Pb 4 1
  4     148125.0   -0.797657   -49.6633   0.000315843   -3.37172e-08           
SiCl4         2   Cl Si 4 1
  4     191821.0   -1.78172   -48.6279   0.000694653   -3.85481e-08           
TiCl4         2   Cl Ti 4 1
  4     206815.0   -1.48911   -49.1188   0.000615354   -5.09373e-08           
WCl4         2   Cl W 4 1
  4     200071.0   -2.93945   -34.6697   0.000429448   -1.04938e-08           
ZrCl4        2   Cl Zr 4 1
  4     235955.0   -1.78407   -45.5961   0.000461974   -3.49582e-08           
MoCl5         2   Cl Mo 5 1
  4     205635.0   -1.75609   -62.2724   0.00108654   -7.84589e-08           
NbCl5         2   Cl Nb 5 1
  4     245143.0   -2.46166   -57.4757   0.00103554   -6.6202e-08           
PCl5         2   Cl P 5 1
  4     153959.0   -1.79649   -63.9289   0.000927158   -5.66602e-08           
TaCl5         2   Cl Ta 5 1
  4     258727.0   -0.988348   -65.4191   7.86e-05   -8.98859e-09           
WCl5         2   Cl W 5 1
  4     223864.0   -3.04356   -50.8091   0.000651001   -2.02868e-08           
(FeCl3)2     2   Cl Fe 6 2
  4     265935.0   -1.39877   -89.4974   0.00106886   -7.78799e-08           
MoCl6         2   Cl Mo 6 1
  4     219312.0   -1.46904   -81.4618   0.00111818   -8.50628e-08           
WCl6         2   Cl W 6 1
  4     248302.0   -2.80633   -70.7046   0.000701542   -2.79814e-08           
Co         1   Co 1
  4     0.0   0.0   0.0   0.0   0.0           
Co-         2   Co el 1 1
  4     7684.08   -2.41998   13.6663   -0.000199229   8.64483e-09           
Co+         2   Co el 1 -1
  4     -92604.4   -1.47108   11.8974   0.00252303   -1.13674e-07           
CoF2         2   Co F 1 2
  4     112747.0   -2.03603   -13.0065   0.000383335   -2.00613e-08           
Cr         1   Cr 1
  4     0.0   0.0   0.0   0.0   0.0           
Cr-         2   Cr el 1 1
  4     7795.48   -2.33233   12.9129   -4.98e-05   -1.72854e-08           
Cr+         2   Cr el 1 -1
  4     -78391.5   2.88638   -16.9127   -0.000264365   1.2805e-08           
CrH         2   Cr H 1 1
  4     34539.6   2.11223   -24.1162   -0.0016475   9.05746e-08           
CrN         2   Cr N 1 1
  4     43689.8   -1.03724   -5.05499   0.000270519   -3.48241e-08           
CrO         2   Cr O 1 1
  4     54908.7   -1.03554   -4.97677   0.000290615   -3.71885e-08           
CrO2         2   Cr O 1 2
  4     116423.0   -1.83061   -15.7443   0.000574372   -5.63915e-08           
CrO3         2   Cr O 1 3
  4     172567.0   -2.17354   -33.6233   0.000896893   -7.56414e-08           
Cs         1   Cs 1
  4     0.0   0.0   0.0   0.0   0.0           
Cs-         2   Cs el 1 1
  4     5409.75   -2.73436   15.0049   0.000236394   -3.40158e-08           
Cs+         2   Cs el 1 -1
  4     -45252.5   2.26662   -13.4434   0.000236067   -3.39958e-08           
CsF         2   Cs F 1 1
  4     61364.7   -1.00917   -4.43747   0.000369829   -3.96086e-08           
CsOH         3   Cs H O 1 1 1
  4     96100.6   -1.84956   -11.6413   0.000642312   -5.28735e-08           
CsOH+         4   Cs H O el 1 1 1 -1
  4     12563.0   0.69341   -24.4539   0.000626647   -5.19679e-08           
CsO         2   Cs O 1 1
  4     31391.5   -0.870274   -4.12028   0.000339309   -3.81444e-08           
Cs2         1   Cs 2
  4     5497.18   0.168498   -8.83795   -0.000521316   -1.03759e-08           
Cs2F2         2   Cs F 2 2
  4     144334.0   -0.995589   -31.8057   0.000663176   -7.87386e-08           
Cs2H2O2         3   Cs H O 2 2 2
  4     212247.0   -5.31671   -31.2357   0.00218338   -1.5491e-07           
Cs2O         2   Cs O 2 1
  4     59133.3   -1.1884   -15.7034   0.000563038   -7.40095e-08           
Cs2O4S         3   Cs O S 2 4 1
  4     306154.0   -3.10151   -72.3038   0.00201317   -1.60517e-07           
Cu         1   Cu 1
  4     0.0   0.0   0.0   0.0   0.0           
Cu-         2   Cu el 1 1
  4     14241.8   -2.55743   13.8621   8.82e-05   -1.7355e-08           
Cu+         2   Cu el 1 -1
  4     -89675.0   2.44229   -7.15874   8.85e-05   -1.73711e-08           
CuF         2   Cu F 1 1
  4     51449.2   -0.925319   -5.92164   0.000217473   -1.94974e-08           
CuF2         2   Cu F 1 2
  4     91437.6   -1.63251   -15.6407   0.000461349   -2.9664e-08           
CuH         2   Cu H 1 1
  4     34169.2   0.785524   -16.0525   -0.000887327   5.04937e-08           
CuO         2   Cu O 1 1
  4     33570.4   -0.682531   -6.74699   0.000142346   -1.60073e-08           
CuS         2   Cu S 1 1
  4     36866.2   1.78857   -23.7772   -0.00129047   7.02849e-08           
Cu2         1   Cu 2
  4     22670.5   -0.647544   -6.77017   0.000223781   -3.40688e-08           
F         1   F 1
  4     0.0   0.0   0.0   0.0   0.0           
F-         2   F el 1 1
  4     39445.3   -2.68322   13.7944   6.44e-05   -3.56675e-09           
F+         2   F el 1 -1
  4     -202211.0   2.54557   -14.1415   -2.07e-05   1.47836e-09           
F10Mo2         2   F Mo 10 2
  4     578350.0   -2.96237   -154.134   0.00297883   -2.2246e-07           
F10S2         2   F S 10 2
  4     410025.0   -4.93413   -154.896   0.00328125   -1.95093e-07           
F5Mo3         2   F Mo 15 3
  4     870085.0   -3.46814   -248.633   0.00447773   -3.34242e-07           
FeF         2   F Fe 1 1
  4     53443.9   -1.46949   -2.47226   0.000378138   -3.1517e-08           
HF         2   F H 1 1
  4     67975.7   -2.00046   1.23668   0.000335407   -1.20171e-08           
FHO         3   F H O 1 1 1
  4     76718.6   -3.33236   -3.38274   0.000832959   -4.24195e-08           
FHO3S         4   F H O S 1 1 3 1
  4     248576.0   -4.94186   -44.4159   0.00197377   -1.10427e-07           
SiH3F         3   F H Si 1 3 1
  4     186320.0   -5.90469   -14.5216   0.00208998   -1.14032e-07           
FHg         2   F Hg 1 1
  4     16367.4   -0.854462   -4.73068   0.000173616   -7.3691e-09           
FI         2   F I 1 1
  4     33576.7   -0.893836   -6.66279   0.000189132   -1.01069e-08           
KF         2   F K 1 1
  4     59297.8   -0.999383   -4.65004   0.000320903   -2.71809e-08           
LiF         2   F Li 1 1
  4     69394.6   -1.2553   -3.61962   0.000357085   -2.37547e-08           
LiOF         3   F Li O 1 1 1
  4     69323.4   -1.92822   -13.2924   0.000579346   -3.91546e-08           
MgF         2   F Mg 1 1
  4     55458.1   -1.08881   -3.35361   0.000276432   -1.72051e-08           
MgF+         3   F Mg el 1 1 -1
  4     -33485.1   2.14451   -23.8707   0.000621491   -5.33979e-08           
FMo         2   F Mo 1 1
  4     54501.7   -1.14331   -3.94508   0.000310492   -2.1534e-08           
FN         2   F N 1 1
  4     36133.1   -1.34903   -2.94868   0.000347267   -1.96761e-08           
FNO         3   F N O 1 1 1
  4     103702.0   -2.4103   -11.5898   0.000679601   -3.96747e-08           
FNO2         3   F N O 1 1 2
  4     138729.0   -3.30791   -24.0842   0.00119276   -6.9314e-08           
FNO3         3   F N O 1 1 3
  4     154375.0   -3.54603   -38.2963   0.00147776   -8.64485e-08           
NaF         2   F Na 1 1
  4     57144.5   -0.975105   -5.09405   0.000257599   -1.65555e-08           
FO         2   F O 1 1
  4     26119.6   -1.34033   -3.79573   0.000345232   -1.79903e-08           
TiOF       3   F O Ti 1 1 1
  4     148405.0   -1.23406   -22.4387   0.000466241   -4.66377e-08           
FO2_foo         2   F O  1 2
  4     65946.5   -2.08776   -13.2391   0.000572512   -2.92066e-08           
FO2_ofo         2   F O  1 2
  4     23608.5   -1.78598   -16.4167   0.000537092   -3.34602e-08           
PF         2   F P 1 1
  4     53592.9   -1.21444   -3.84164   0.000333851   -2.21134e-08           
PF-         3   F P el 1 1 1
  4     66358.7   -3.42333   8.56651   0.000217638   -1.91092e-08           
PF+         3   F P el 1 1 -1
  4     -60362.4   1.38396   -18.7783   0.00028021   -2.29725e-08           
PSF         3   F P S 1 1 1
  4     101214.0   -1.95266   -13.0959   0.000581119   -4.33474e-08           
PbF         2   F Pb 1 1
  4     42579.1   -0.560105   -6.56859   7.56e-06   -1.37015e-08           
SF         2   F S 1 1
  4     41044.2   -1.07784   -5.22937   0.00023056   -1.39484e-08           
SF-         3   F S el 1 1 1
  4     64304.1   -3.62837   8.51478   0.000233648   -1.01396e-08           
SF+         3   F S el 1 1 -1
  4     -76024.2   1.1062   -17.4336   0.000345244   -1.70293e-08           
SiF         2   F Si 1 1
  4     65854.4   -1.03152   -5.51281   0.000184248   -1.13498e-08           
SrF         2   F Sr 1 1
  4     64389.3   -1.20374   -2.26514   0.000472843   -4.75228e-08           
SrF+         3   F Sr el 1 1 -1
  4     5916.16   1.06765   -15.7732   0.000534727   -3.3168e-08           
TiF         2   F Ti 1 1
  4     74576.9   -0.413878   -9.95679   0.000270397   -3.38157e-08           
WF         2   F W 1 1
  4     64719.9   -1.95052   3.72939   -5.996e-06   4.09473e-09           
ZrF         2   F Zr 1 1
  4     72561.4   -1.72651   -0.533044   0.000469202   -3.4607e-08           
F2         1   F 2
  4     18741.8   -1.49389   -4.22069   0.000484494   -3.34918e-08           
FeF2         2   F Fe 2 1
  4     115879.0   -0.655994   -24.2023   0.000390038   -3.46358e-08           
H2F2         2   F H 2 2
  4     139214.0   -4.78857   -6.09204   0.00132945   -6.443e-08           
SiH2F2        3   F H Si 2 2 1
  4     219730.0   -4.96388   -23.1174   0.0018139   -1.00416e-07           
F2Hg         2   F Hg 2 1
  4     61639.2   -0.870998   -21.121   0.000319168   -1.81062e-08           
F2K-         3   F K el 2 1 1
  4     112418.0   -3.34383   -6.46042   0.000405156   -3.42732e-08           
K2F2         2   F K 2 2
  4     144056.0   -0.96881   -32.1695   0.000548486   -5.37565e-08           
LiF2-         3   F Li el 2 1 1
  4     122731.0   -4.11219   -2.89615   0.000626469   -4.06383e-08           
Li2F2         2   F Li 2 2
  4     170485.0   -1.74505   -29.6041   0.000743988   -5.34789e-08           
MgF2         2   F Mg 2 1
  4     123834.0   -1.61314   -14.8912   0.00044117   -2.82419e-08           
MgF2+         3   F Mg el 2 1 -1
  4     -33874.2   1.43809   -32.5976   0.000417191   -2.62826e-08           
F2Mo         2   F Mo 2 1
  4     117714.0   -0.991582   -21.1344   0.00057083   -5.90178e-08           
F2N         2   F N 2 1
  4     70376.3   -2.22233   -12.4082   0.000640864   -3.77976e-08           
F2N2(trans)         2   F N  2 2
  4     122423.0   -2.95398   -24.8398   0.00108171   -6.36611e-08           
F2N2(cis)   2   F N  2 2
  4     123923.0   -3.09351   -24.366   0.00114398   -6.7522e-08           
NaF2-         3   F Na el 2 1 1
  4     111599.0   -3.39934   -6.67205   0.000371611   -2.53346e-08           
Na2F2         2   F Na 2 2
  4     146476.0   -1.2248   -32.9465   0.00053824   -3.92171e-08           
F2O         2   F O 2 1
  4     45683.4   -1.99946   -15.0778   0.000553675   -3.20511e-08           
F2OS         3   F O S 2 1 1
  4     147290.0   -2.64335   -27.6184   0.000966159   -5.74202e-08           
SiOF2        3   F O Si 2 1 1
  4     218924.0   -2.71013   -28.1813   0.000957418   -5.69004e-08           
TiOF2         3   F O Ti 2 1 1
  4     216993.0   -1.78398   -34.0307   0.000669346   -5.81947e-08           
F2O2         2   F O 2 2
  4     76344.1   -2.01719   -30.9877   0.000748004   -4.37641e-08           
F2O2S         3   F O S 2 2 1
  4     202919.0   -3.62466   -40.4633   0.00149805   -8.77673e-08           
PF2         2   F P 2 1
  4     115475.0   -1.84418   -14.4554   0.000533554   -3.79932e-08           
PF2-         3   F P el 2 1 1
  4     132882.0   -4.34104   -0.925749   0.000536337   -3.84804e-08           
PF2+         3   F P el 2 1 -1
  4     688.147   0.649873   -29.312   0.000533114   -3.7741e-08           
PbF2         2   F Pb 2 1
  4     94750.5   -0.93369   -18.2116   0.000120039   -2.60076e-08           
SF2         2   F S 2 1
  4     87649.3   -2.03958   -14.405   0.000563785   -3.4136e-08           
SF2-         3   F S el 2 1 1
  4     99236.6   -4.08806   -1.84924   0.000400129   -2.49314e-08           
SF2+         3   F S el 2 1 -1
  4     -31765.6   0.469986   -27.987   0.000556605   -3.34074e-08           
F2S2(1)         2   F S  2 2
  4     125835.0   -1.93593   -31.1273   0.00071616   -4.52054e-08           
F2S2(2)         2   F S  2 2
  4     133613.0   -2.14372   -29.984   0.000792571   -4.95271e-08           
SiF2         2   F Si 2 1
  4     143548.0   -1.80429   -16.0725   0.00044543   -2.71863e-08           
SrF2         2   F Sr 2 1
  4     130573.0   -1.57718   -12.7684   0.000622342   -6.18751e-08           
TiF2         2   F Ti 2 1
  4     158647.0   -1.14963   -22.0021   0.000464208   -3.61556e-08           
ZrF2         2   F Zr 2 1
  4     159103.0   -2.13985   -12.1185   0.00038297   -2.42775e-08           
FeF3         2   F Fe 3 1
  4     176929.0   -2.21826   -28.5224   0.000814849   -5.7347e-08           
SiHF3         3   F H Si 3 1 1
  4     252662.0   -3.88364   -33.6147   0.0014893   -8.41141e-08           
F3H3         2   F H 3 3
  4     211700.0   -5.74775   -27.2569   0.00201458   -1.0172e-07           
Li3F3         2   F Li 3 3
  4     268403.0   -1.68551   -59.0717   0.00113947   -8.15027e-08           
MoF3         2   F Mo 3 1
  4     180485.0   -2.12437   -30.2855   0.00113336   -8.46259e-08           
NF3         2   F N 3 1
  4     100865.0   -2.71701   -27.3662   0.00100793   -5.86664e-08           
NOF3         3   F N O 3 1 1
  4     134498.0   -3.24725   -41.4236   0.00136642   -7.89717e-08           
POF3         3   F O P 3 1 1
  4     246952.0   -3.19634   -42.138   0.00138688   -8.68175e-08           
PF3         2   F P 3 1
  4     181552.0   -2.27768   -29.8605   0.000879252   -5.78887e-08           
PSF3         3   F P S 3 1 1
  4     220930.0   -2.69474   -44.6472   0.00121655   -7.92411e-08           
SF3         2   F S 3 1
  4     122079.0   -2.07877   -30.0909   0.000762186   -4.52878e-08           
SF3-         3   F S el 3 1 1
  4     154213.0   -4.58367   -16.5571   0.000765935   -4.56783e-08           
SF3+         3   F S el 3 1 -1
  4     14852.6   -0.19535   -42.493   0.000981089   -5.73199e-08           
SiF3         2   F Si 3 1
  4     212906.0   -2.21091   -29.7382   0.000779319   -4.6399e-08           
TiF3         2   F Ti 3 1
  4     228447.0   -1.33046   -35.9961   0.000624937   -5.58901e-08           
ZrF3         2   F Zr 3 1
  4     234682.0   -1.85702   -30.8813   0.000657192   -5.17709e-08           
F4H4         2   F H 4 4
  4     283870.0   -7.00233   -45.0322   0.00268824   -1.35754e-07           
Mg2F4         2   F Mg 4 2
  4     280117.0   -1.37158   -63.5237   0.000945593   -6.03845e-08           
MoF4         2   F Mo 4 1
  4     231107.0   -1.96645   -46.6346   0.00104972   -7.89323e-08           
MoOF4         3   F Mo O 4 1 1
  4     298009.0   -2.5468   -62.4255   0.00151894   -1.13629e-07           
N2F4         2   F N 4 2
  4     152312.0   -3.66985   -54.5367   0.00174012   -1.01843e-07           
WOF4         3   F O W 4 1 1
  4     330236.0   -3.94943   -50.706   0.00112586   -5.78699e-08           
PbF4         2   F Pb 4 1
  4     197967.0   -0.878115   -52.3021   0.000466662   -4.5663e-08           
SF4         2   F S 4 1
  4     162897.0   -2.47609   -45.3144   0.00109253   -6.41588e-08           
SF4-         3   F S el 4 1 1
  4     177287.0   -4.03754   -35.3696   0.000736157   -4.24009e-08           
SF4+         3   F S el 4 1 -1
  4     21853.6   0.251161   -59.5136   0.00100847   -5.92881e-08           
SiF4         2   F Si 4 1
  4     286101.0   -2.74301   -45.66   0.00115125   -6.72655e-08           
TiF4         2   F Ti 4 1
  4     281532.0   -1.76448   -49.5271   0.00083325   -6.65409e-08           
ZrF4         2   F Zr 4 1
  4     312537.0   -2.00525   -47.3596   0.000663103   -4.97117e-08           
F5H5         2   F H 5 5
  4     356182.0   -8.2555   -63.0002   0.00336125   -1.69746e-07           
F5I         2   F I 5 1
  4     161481.0   -1.66814   -67.0927   0.000976212   -5.76994e-08           
F5Mo         2   F Mo 5 1
  4     276131.0   -1.77388   -65.1272   0.0012937   -9.92844e-08           
PF5         2   F P 5 1
  4     277057.0   -3.30871   -58.7283   0.00162038   -9.97622e-08           
SF5         2   F S 5 1
  4     189917.0   -2.87408   -61.5867   0.00140686   -7.77492e-08           
SF5-         3   F S el 5 1 1
  4     232662.0   -4.52601   -51.3589   0.00111553   -6.56215e-08           
SF5+         3   F S el 5 1 -1
  4     60628.9   -0.368076   -76.6343   0.00140799   -7.73041e-08           
F6H6         2   F H 6 6
  4     429942.0   -9.50936   -81.1142   0.00403458   -2.03758e-07           
MoF6         2   F Mo 6 1
  4     323615.0   -2.32511   -80.4437   0.00161375   -1.18223e-07           
SF6         2   F S 6 1
  4     236854.0   -3.89097   -76.1409   0.00198028   -1.1452e-07           
SF6-         3   F S el 6 1 1
  4     250763.0   -6.13458   -62.1687   0.00188761   -1.09317e-07           
WF6         2   F W 6 1
  4     365791.0   -3.70552   -70.5225   0.00121404   -6.21365e-08           
F7H7         2   F H 7 7
  4     500930.0   -10.763   -99.3459   0.00470781   -2.37764e-07           
F7I         2   F I 7 1
  4     195143.0   -2.12026   -101.397   0.00151322   -8.82718e-08           
Fe         1   Fe 1
  4     0.0   0.0   0.0   0.0   0.0           
Fe-         2   Fe el 1 1
  4     1994.43   -2.30441   12.8276   -3.38e-05   -1.03653e-08           
Fe+         2   Fe el 1 -1
  4     -91228.9   2.75926   -15.9394   5.92e-05   -1.43108e-08           
Fe(OH)2     3   Fe H O 1 2 2
  4     201370.0   -3.53207   -31.7623   0.00144539   -9.15799e-08           
FeI2         2   Fe I 1 2
  4     64904.3   -0.839955   -17.8742   0.000457394   -4.01074e-08           
FeO         2   Fe O 1 1
  4     49390.9   -1.54389   -2.08333   0.000392414   -2.89557e-08           
FeS         2   Fe S 1 1
  4     38348.5   -1.48336   -2.0295   0.000373194   -2.90273e-08           
Fe2I4         2   Fe I 2 4
  4     150317.0   -0.353892   -63.2279   0.000658318   -6.63121e-08           
Ga         1   Ga 1
  4     0.0   0.0   0.0   0.0   0.0           
Ga-         2   Ga el 1 1
  4     3090.74   -3.06059   18.7754   0.000229698   -1.16071e-08           
Ga+         2   Ga el 1 -1
  4     -69814.3   1.59805   -9.25259   0.000305719   -1.65455e-08           
Ge         1   Ge 1
  4     0.0   0.0   0.0   0.0   0.0           
H         1   H 1
  4     0.0   0.0   0.0   0.0   0.0           
H-         2   H el 1 1
  4     8752.38   -2.50077   13.5336   3.39e-07   -2.30826e-11           
H+         2   H el 1 -1
  4     -157813.0   2.49924   -14.9094   4.27e-07   -2.77318e-11           
HHg         2   H Hg 1 1
  4     4606.76   -1.28786   -0.139524   0.000392925   -1.51362e-08           
HI         2   H I 1 1
  4     35439.2   -1.67311   0.253949   0.000367662   -1.92384e-08           
HI3Si         3   H I Si 1 3 1
  4     127570.0   -1.50913   -44.8133   0.000629178   -4.29915e-08           
KH         2   H K 1 1
  4     21827.1   -1.215   -1.44207   0.000413969   -3.15761e-08           
KOH         3   H K O 1 1 1
  4     94380.9   -1.86933   -11.8848   0.000597392   -4.10952e-08           
KOH+         4   H K O el 1 1 1 -1
  4     7268.17   0.685217   -24.7635   0.000577414   -3.99424e-08           
LiH         2   H Li 1 1
  4     28111.0   -1.41584   -0.786666   0.000418528   -2.55524e-08           
LiOH         3   H Li O 1 1 1
  4     103034.0   -1.94286   -11.9422   0.000572348   -3.38212e-08           
LiOH+         4   H Li O el 1 1 1 -1
  4     -17995.6   0.613541   -25.1902   0.000556216   -3.2974e-08           
MgH         2   H Mg 1 1
  4     23220.6   -1.42911   0.811874   0.000389732   -2.05585e-08           
MgOH         3   H Mg O 1 1 1
  4     93167.7   -2.13709   -10.0212   0.000629804   -3.46633e-08           
MgOH+         4   H Mg O el 1 1 1 -1
  4     3804.25   0.372841   -24.9807   0.00062886   -3.48352e-08           
MnH         2   H Mn 1 1
  4     29443.3   2.34182   -25.8252   -0.00150635   8.07186e-08           
NH         2   H N 1 1
  4     37248.3   -1.85316   1.80469   0.000361042   -1.42478e-08           
HNO         3   H N O 1 1 1
  4     100185.0   -3.46381   -2.62213   0.000945251   -5.14088e-08           
HNO2(trans)         3   H N O  1 1 2
  4     151533.0   -4.06412   -14.9544   0.00128552   -6.98861e-08           
HNO2(cis)         3   H N O  1 1 2
  4     151266.0   -4.14728   -14.4178   0.00132602   -7.23681e-08           
HNO3         3   H N O 1 1 3
  4     188003.0   -5.14751   -25.6506   0.00185951   -1.0273e-07           
NaH         2   H Na 1 1
  4     23867.8   -1.26079   -1.49175   0.000372601   -2.18874e-08           
NaOH         3   H Na O 1 1 1
  4     92410.8   -1.78733   -12.5557   0.000509792   -2.90199e-08           
NaOH+        4   H Na O el 1 1 1 -1
  4     -12146.9   0.763522   -25.387   0.000494294   -2.81809e-08           
NiH         2   H Ni 1 1
  4     30633.6   -0.941841   -4.97035   -0.000201497   1.69396e-08           
OH         2   H O 1 1
  4     50958.6   -1.86657   1.28296   0.000327612   -1.27895e-08           
OH-         3   H O el 1 1 1
  4     72167.4   -4.4077   14.4059   0.000338619   -1.35099e-08           
OH+         3   H O el 1 1 -1
  4     -102017.0   0.607635   -12.956   0.000389881   -1.60349e-08           
HOSr         3   H O Sr 1 1 1
  4     100065.0   -2.19656   -9.12524   0.000809187   -6.38626e-08           
HOSr+         4   H O Sr el 1 1 1 -1
  4     37487.5   0.248392   -23.6486   0.000867423   -7.16728e-08           
HO2         2   H O 1 2
  4     85003.1   -3.52346   -2.13021   0.000946132   -4.56754e-08           
PH         2   H P 1 1
  4     35678.1   -1.82266   2.11085   0.000478561   -2.73384e-08           
HPb         2   H Pb 1 1
  4     21038.0   -1.13348   -1.07259   0.000216539   -2.40349e-08           
HS         2   H S 1 1
  4     42297.5   -1.06889   -3.46116   -6.66e-05   9.32263e-09           
HS-         3   H S el 1 1 1
  4     68560.5   -2.96911   6.26464   -0.000739364   5.99805e-08           
SiH         2   H Si 1 1
  4     34640.0   -1.54955   -0.0892506   0.000323215   -1.63317e-08           
SiH+         3   H Si el 1 1 -1
  4     -57376.2   0.85688   -15.0535   0.000349121   -1.81758e-08           
ZrH         2   H Zr 1 1
  4     37053.8   -1.82215   2.20061   0.00024999   -2.36279e-08           
H2         1   H 2
  4     51909.6   -1.80117   0.0872246   0.000256139   -5.35403e-09           
H2-         2   H el 2 1
  4     23007.0   -3.98549   13.5395   0.000401297   -1.74259e-08           
H2+         2   H el 2 -1
  4     -127090.0   0.676863   -12.7744   0.0004978   -2.04564e-08           
H2I2Si         3   H I Si 2 2 1
  4     136133.0   -3.31837   -31.0458   0.00121763   -7.17193e-08           
(KOH)2         3   H K O 2 2 2
  4     211285.0   -5.2894   -31.65   0.00206846   -1.29915e-07           
(LiOH)2        3   H Li O 2 2 2
  4     234948.0   -5.69699   -31.0024   0.00212755   -1.21873e-07           
Mg(OH)2         3   H Mg O 2 1 2
  4     198022.0   -3.71156   -28.2449   0.001205   -6.33156e-08           
H2MoO4         3   H Mo O 2 1 4
  4     353088.0   -4.20977   -57.8915   0.00208399   -1.41386e-07           
NH2          2   H N 2 1
  4     85274.4   -4.06091   4.01425   0.000946257   -3.8448e-08           
N2H2         2   H N 2 2
  4     139105.0   -5.69139   -1.43727   0.00174602   -9.21166e-08           
(NaOH)2      3   Na O H  2 2 2
  4     210035.0   -5.22073   -32.9843   0.00193564   -1.08319e-07           
H2O         2   H O 2 1
  4     110336.0   -4.17836   3.17447   0.000940647   -4.04825e-08           
H2O2Sr         3   H O Sr 2 2 1
  4     202871.0   -3.54503   -26.622   0.00133751   -9.41703e-08           
H2SO4         3   H O S 2 4 1
  4     292715.0   -6.31402   -49.4951   0.00247825   -1.34895e-07           
H2WO4         3   H O W 2 4 1
  4     382151.0   -5.56441   -47.5068   0.00175282   -9.08715e-08           
PH2         2   H P 2 1
  4     76531.6   -3.535   1.29254   0.000984163   -5.88508e-08           
H2S         2   H S 2 1
  4     87168.5   -4.0315   3.16992   0.00108827   -5.46714e-08           
SiH2         2   H Si 2 1
  4     75044.1   -1.11618   -19.3312   9.98e-05   -7.15829e-10           
H3ISi         3   H I Si 3 1 1
  4     144761.0   -5.02585   -18.8095   0.00177164   -9.85578e-08           
NH3         2   H N 3 1
  4     139343.0   -6.39532   4.95981   0.0018153   -8.85794e-08           
H3O+         3   H O el 3 1 -1
  4     37769.1   -3.91099   -10.0755   0.00165917   -7.69891e-08           
PH3         2   H P 3 1
  4     115463.0   -2.99986   -14.5882   0.00178987   -1.01634e-07           
SiH3         2   H Si 3 1
  4     116152.0   -2.16682   -24.1859   0.000365595   -1.18831e-08           
N2H4         2   H N 4 2
  4     205065.0   -8.41764   -9.25261   0.00276895   -1.41252e-07           
SiH4         2   H Si 4 1
  4     153342.0   -6.67419   -8.19009   0.00230166   -1.23954e-07           
He         1   He 1
  4     0.0   0.0   0.0   0.0   0.0           
He+         2   He el 1 -1
  4     -285341.0   2.50051   -13.5313   -1.7e-07   1.04487e-11           
Hf         1   Hf 1
  4     0.0   0.0   0.0   0.0   0.0           
Hf-         2   Hf el 1 1
  4     16.6524   -2.23787   12.5814   -0.000485701   2.09002e-08           
Hf+         2   Hf el 1 -1
  4     -78609.4   3.05114   -17.6875   -0.000770146   6.0456e-08           
Hg         1   Hg 1
  4     0.0   0.0   0.0   0.0   0.0           
Hg+         2   Hg el 1 -1
  4     -121127.0   2.49958   -13.5245   2.15e-07   -7.56152e-12           
HgI         2   Hg I 1 1
  4     4046.87   -0.473733   -5.94728   0.000137218   -1.51584e-09           
HgI2         2   Hg I 1 2
  4     35024.9   0.0171644   -24.2507   -1.53e-05   -3.75194e-09           
HgO         2   Hg O 1 1
  4     32107.3   -0.877933   -5.97749   0.000175305   -9.31092e-09           
I         1   I 1
  4     0.0   0.0   0.0   0.0   0.0           
I-         2   I el 1 1
  4     35515.4   -2.46042   12.5682   -1.98e-05   -1.15897e-09           
I+         2   I el 1 -1
  4     -121302.0   2.4623   -13.7442   1.83e-05   1.79647e-09           
IK         2   I K 1 1
  4     38454.5   -0.671859   -5.56396   0.000205089   -2.24762e-08           
ILi         2   I Li 1 1
  4     42760.7   -0.728163   -5.77276   0.000171921   -1.5231e-08           
IMg         2   I Mg 1 1
  4     27408.6   -0.604528   -5.26556   9.95e-05   -9e-09           
IMo         2   I Mo 1 1
  4     31932.2   -0.635086   -5.88307   0.000134669   -1.30585e-08           
INO         3   I N O 1 1 1
  4     85739.4   -1.77501   -14.0518   0.000447678   -2.89945e-08           
IO         2   I O 1 1
  4     27514.6   -0.789647   -7.41068   0.000357435   -3.03765e-08           
IO2(a)         2   I O  1 2
  4     53315.4   -1.39702   -17.7365   0.000341608   -2.33088e-08           
IO2(b)         2   I O  1 2
  4     58389.1   -1.57309   -14.707   0.000380753   -2.47475e-08           
IO3         2   I O 1 3
  4     73380.2   -1.61366   -34.6379   0.000615762   -3.97552e-08           
IPb         2   I Pb 1 1
  4     23342.9   -0.161878   -8.10606   -0.000145827   -6.52055e-09           
ISi         2   I Si 1 1
  4     29254.3   0.00360102   -11.4111   -0.000187471   9.40252e-09           
ISr         2   I Sr 1 1
  4     36001.9   -0.820513   -3.45043   0.00033274   -3.99949e-08           
ITi         2   I Ti 1 1
  4     36942.7   0.000203626   -11.4373   0.000136495   -2.72962e-08           
ZrI         2   I Zr 1 1
  4     14860.5   -0.998814   -3.84304   -2.19e-05   -1.00958e-08           
I2         1   I 2
  4     17867.7   -1.0307   -5.3708   0.000428318   -2.98435e-08           
I2K2         2   I K 2 2
  4     97783.2   -0.332848   -32.3628   0.000307243   -4.47082e-08           
I2Li2         2   I Li 2 2
  4     107451.0   -0.479061   -34.1691   0.000268586   -3.1072e-08           
I2Mg         2   I Mg 2 1
  4     62630.6   -0.148511   -22.2896   8.16e-05   -1.25639e-08           
I2Mo         2   I Mo 2 1
  4     74238.6   1.10297   -31.8015   -0.000147806   -2.13473e-08           
I2O(a)         2   I O  2 1
  4     41089.5   -0.856487   -20.3048   0.000131762   -1.29407e-08           
I2O(b)         2   I O  2 1
  4     42623.7   -0.879058   -17.436   0.000137982   -1.32262e-08           
I2Pb         2   I Pb 2 1
  4     49550.3   -0.0974105   -20.7258   -0.000195831   -1.26954e-08           
I2Si         2   I Si 2 1
  4     68569.6   -0.549912   -21.5404   -3.15e-05   -3.63374e-09           
I2Sr         2   I Sr 2 1
  4     78370.0   -0.391597   -19.9877   0.000362975   -5.18033e-08           
I2Ti         2   I Ti 2 1
  4     84994.0   -0.2478   -24.7849   0.000124018   -2.14582e-08           
ZrI2         2   I Zr 2 1
  4     106835.0   -0.96804   -17.472   -9.32e-05   -1.14436e-08           
I3Mo         2   I Mo 3 1
  4     95657.4   -0.573416   -35.0216   0.000549557   -5.83898e-08           
I3Si         2   I Si 3 1
  4     88417.6   -0.174646   -38.9851   2.78e-05   -1.09956e-08           
I3Ti         2   I Ti 3 1
  4     113770.0   0.395133   -43.8826   -1.9008e-05   -2.63749e-08           
ZrI3         2   I Zr 3 1
  4     138486.0   -0.495183   -36.0516   -8.75e-05   -1.40715e-08           
I4Mo         2   I Mo 4 1
  4     115745.0   0.253931   -56.2886   0.000219424   -4.11419e-08           
I4Pb         2   I Pb 4 1
  4     102168.0   0.924558   -58.2621   -0.000213442   -1.62805e-08           
I4Si         2   I Si 4 1
  4     118942.0   0.279699   -59.2344   4.04e-05   -1.40152e-08           
I4Ti         2   I Ti 4 1
  4     141894.0   0.4276   -59.6974   1.37e-05   -2.93711e-08           
ZrI4         2   I Zr 4 1
  4     168391.0   -0.0157659   -55.1757   -8.42e-05   -1.65658e-08           
K         1   K 1
  4     0.0   0.0   0.0   0.0   0.0           
K-         2   K el 1 1
  4     5765.06   -2.68458   14.7106   0.000165063   -2.07118e-08           
K+         2   K el 1 -1
  4     -50428.9   2.31508   -13.7286   0.000165367   -2.07326e-08           
KO         2   K O 1 1
  4     31893.4   -0.852327   -4.49752   0.000292534   -2.55392e-08           
KO-         3   K O el 1 1 1
  4     56309.5   -3.35727   8.34499   0.000292793   -2.56426e-08           
K2         1   K 2
  4     6571.12   0.169192   -9.50003   -0.000424701   -9.32751e-09           
K2SO4       3   K O S 2 4 1
  4     305748.0   -3.06275   -73.7039   0.00189452   -1.35325e-07           
Kr         1   Kr 1
  4     0.0   0.0   0.0   0.0   0.0           
Kr+         2   Kr el 1 -1
  4     -162503.0   2.38917   -12.1134   8.09e-05   -2.936e-09           
Li         1   Li 1
  4     0.0   0.0   0.0   0.0   0.0           
Li-         2   Li el 1 1
  4     7143.42   -2.5956   14.1416   8.42e-05   -1.03403e-08           
Li+         2   Li el 1 -1
  4     -62600.0   2.40549   -14.3075   8.38e-05   -1.03116e-08           
LiN         2   Li N 1 1
  4     35514.9   -0.947061   -3.9629   0.000282276   -2.05672e-08           
LiNO         3   Li N O 1 1 1
  4     83905.9   -1.86393   -13.0494   0.000562377   -3.96022e-08           
LiNaO         3   Li Na O 1 1 1
  4     74183.1   -1.89448   -11.6082   0.000609671   -4.51642e-08           
LiO         2   Li O 1 1
  4     38765.3   -1.01973   -4.11707   0.000283666   -2.05044e-08           
LiO-         3   Li O el 1 1 1
  4     56186.0   -3.52398   8.72195   0.000283444   -2.05889e-08           
Li2         1   Li 2
  4     12386.6   0.0156495   -9.78117   -0.000329003   2.77588e-08           
Li2O         2   Li O 2 1
  4     88126.0   -1.1928   -17.7261   0.00054298   -4.26854e-08           
Li2O2         2   Li O 2 2
  4     127278.0   -0.905931   -33.608   0.000452673   -3.86062e-08           
Li2SO4        3   Li O S 2 4 1
  4     316340.0   -3.3405   -72.0382   0.00190021   -1.24077e-07           
Mg         1   Mg 1
  4     0.0   0.0   0.0   0.0   0.0           
Mg+         2   Mg el 1 -1
  4     -88761.2   2.41951   -13.005   6.48e-05   -6.96143e-09           
MgN         2   Mg N 1 1
  4     39583.4   -0.935351   -3.21109   0.000244788   -1.73353e-08           
MgO         2   Mg O 1 1
  4     41091.5   0.48094   -15.7611   0.000275858   -3.48644e-08           
MgS         2   Mg S 1 1
  4     34134.0   1.12247   -19.2306   -9.7e-05   -1.19684e-08           
Mg2         1   Mg 2
  4     295.153   -1.54214   3.81836   -0.000793259   9.60535e-08           
Mn         1   Mn 1
  4     0.0   0.0   0.0   0.0   0.0           
Mn+         2   Mn el 1 -1
  4     -86347.5   2.37306   -13.2278   8.55e-05   -5.76691e-09           
MnO         2   Mn O 1 1
  4     50159.5   2.70776   -31.9464   -0.00163279   8.6681e-08           
MnS         2   Mn S 1 1
  4     36597.7   2.8432   -32.4266   -0.00172506   9.16702e-08           
Mo         1   Mo 1
  4     0.0   0.0   0.0   0.0   0.0           
Mo-         2   Mo el 1 1
  4     8552.91   -2.86562   16.3941   0.000344666   -4.62916e-08           
Mo+         2   Mo el 1 -1
  4     -82376.0   2.54349   -14.6547   -3.68e-05   3.92888e-09           
MoO         2   Mo O 1 1
  4     71531.9   -1.08165   -5.14609   0.000439974   -5.16035e-08           
MoO2         2   Mo O 1 2
  4     139739.0   -2.00476   -14.5354   0.000740604   -6.5354e-08           
MoO3         2   Mo O 1 3
  4     210371.0   -2.32641   -31.3053   0.00108607   -9.06664e-08           
N         1   N 1
  4     0.0   0.0   0.0   0.0   0.0           
N-         2   N el 1 1
  4     -859.054   -2.528   15.2033   2.7936e-05   -3.33707e-09           
N+         2   N el 1 -1
  4     -168787.0   2.49827   -13.4176   1.0674e-05   -1.48024e-09           
NO         2   N O 1 1
  4     75524.3   -1.66485   -1.61409   0.000413077   -2.37492e-08           
NO+         3   N O el 1 1 -1
  4     -32030.0   0.658515   -16.1406   0.000435895   -2.41454e-08           
NO2         2   N O 1 2
  4     112149.0   -2.82494   -10.204   0.000836977   -4.92832e-08           
NO2-         3   N O el 1 2 1
  4     139863.0   -5.01361   1.53965   0.0007355   -4.31197e-08           
NO3         2   N O 1 3
  4     137605.0   -3.09452   -26.7985   0.00116486   -6.98024e-08           
PN         2   N P 1 1
  4     81965.2   -1.36497   -3.85284   0.00037996   -3.03462e-08           
SN         2   N S 1 1
  4     58119.5   -1.39806   -2.88207   0.000353347   -2.28622e-08           
SiN         2   N Si 1 1
  4     65798.7   -1.53565   -2.64502   0.000501934   -2.62641e-08           
Si2N         2   N Si 1 2
  4     117165.0   -0.868671   -22.6653   0.000285125   -2.25874e-08           
TiN         2   N Ti 1 1
  4     58971.2   4.33175   -44.6443   -0.00234649   1.23102e-07           
VN         2   N V 1 1
  4     55560.4   -1.50384   -2.51248   0.00031218   -2.07231e-08           
ZrN         2   N Zr 1 1
  4     44076.1   -1.46014   -2.69658   0.000133845   -2.04661e-08           
N2         1   N 2
  4     113210.0   -1.79949   -2.03355   0.000431303   -2.48433e-08           
N2-         2   N el 2 1
  4     94645.0   -4.15804   12.7568   0.000420205   -2.52129e-08           
N2+         2   N el 2 -1
  4     -67623.7   0.657659   -15.2323   0.000451807   -1.70741e-08           
N2O         2   N O 2 1
  4     133220.0   -2.55801   -13.4773   0.000895715   -5.25572e-08           
N2O+         3   N O el 2 1 -1
  4     -16413.7   0.433632   -29.2328   0.00075845   -4.59623e-08           
N2O3         2   N O 2 3
  4     192788.0   -3.95041   -32.8349   0.00142328   -8.40108e-08           
N2O4         2   N O 2 4
  4     231628.0   -4.45135   -49.9813   0.00197018   -1.15438e-07           
N2O5         2   N O 2 5
  4     261545.0   -3.82145   -68.494   0.00168295   -1.03478e-07           
N3         1   N 3
  4     120247.0   -2.18705   -14.1755   0.000806863   -4.95109e-08           
Na         1   Na 1
  4     0.0   0.0   0.0   0.0   0.0           
Na-         2   Na el 1 1
  4     6329.6   -2.59364   14.1399   7.73e-05   -8.68339e-09           
Na+         2   Na el 1 -1
  4     -59669.1   2.40644   -14.3021   7.73e-05   -8.68951e-09           
NaO         2   Na O 1 1
  4     32601.5   -0.809503   -5.04056   0.00021594   -1.45435e-08           
NaO-         3   Na O el 1 1 1
  4     56514.7   -3.31498   7.81169   0.000219776   -1.46596e-08           
Na2         1   Na 2
  4     8855.84   0.360393   -11.5966   -0.000520312   3.52831e-08           
Na2SO4        3   Na O S 2 4 1
  4     302895.0   -3.0625   -74.4553   0.00178683   -1.15155e-07           
Nb         1   Nb 1
  4     0.0   0.0   0.0   0.0   0.0           
Nb-         2   Nb el 1 1
  4     10168.7   -2.99622   17.5309   9.73e-05   -1.72156e-08           
Nb+         2   Nb el 1 -1
  4     -79865.4   2.29543   -13.3519   0.000216463   -1.51263e-08           
NbO         2   Nb O 1 1
  4     93704.1   -2.18763   1.08473   0.00052029   -3.76567e-08           
NbO2         2   Nb O 1 2
  4     171500.0   -2.86949   -9.9404   0.000798236   -5.84648e-08           
Ne         1   Ne 1
  4     0.0   0.0   0.0   0.0   0.0           
Ne+         2   Ne el 1 -1
  4     -250185.0   2.80897   -14.8082   -8.92e-05   4.36981e-09           
Ni         1   Ni 1
  4     0.0   0.0   0.0   0.0   0.0           
Ni-         2   Ni el 1 1
  4     13402.8   -2.82102   15.4025   8.09e-05   -5.05427e-09           
Ni+         2   Ni el 1 -1
  4     -89759.6   3.84622   -18.2408   -0.000784448   5.18262e-08           
NiO         2   Ni O 1 1
  4     49345.0   -0.293104   -10.9658   -0.000397523   2.57839e-08           
NiS         2   Ni S 1 1
  4     41806.6   -1.12121   -4.58805   0.000280362   -1.84292e-08           
O         1   O 1
  4     0.0   0.0   0.0   0.0   0.0           
O-         2   O el 1 1
  4     16969.9   -2.52288   13.9705   1.55e-05   -1.66096e-09           
O+         2   O el 1 -1
  4     -157987.0   2.43207   -14.5369   2.9e-05   -2.13814e-09           
P4O10         2   O P 10 4
  4     800437.0   -6.82807   -183.224   0.0045562   -2.97341e-07           
(WO3)4        2   O W 12 4
  4     1104180.0   -6.26893   -201.056   0.00183351   -8.75107e-08           
PO         2   O P 1 1
  4     70550.7   -1.23215   -4.24066   0.000324391   -2.61888e-08           
PbO         2   O Pb 1 1
  4     44933.0   -0.47024   -8.66453   -5.68e-05   -1.23312e-08           
SO         2   O S 1 1
  4     62298.9   -1.59126   -2.62423   0.000440388   -2.2994e-08           
S2O         2   O S 1 2
  4     108926.0   14.726   -124.592   -0.00419043   2.0174e-07           
SiO         2   O Si 1 1
  4     95880.7   -1.26716   -5.98429   0.00026172   -1.67404e-08           
SrO         2   O Sr 1 1
  4     50589.9   -2.37513   4.0389   0.00119287   -6.63324e-08           
TaO         2   O Ta 1 1
  4     100556.0   -1.06878   -5.42866   -0.000176524   1.42055e-08           
TiO         2   O Ti 1 1
  4     80246.9   -0.846602   -7.67141   0.000151196   -2.20473e-08           
VO         2   O V 1 1
  4     76173.0   -1.71137   -2.36139   0.000325571   -2.10832e-08           
WO         2   O W 1 1
  4     80184.6   -2.78886   8.75836   0.0001125   6.15805e-09           
ZrO         2   O Zr 1 1
  4     95747.5   -2.46971   1.81056   0.00116686   -8.51671e-08           
O2         1   O 2
  4     59533.6   -1.61517   -3.60977   0.000406274   -1.86946e-08           
O2-         2   O el 2 1
  4     64741.8   -3.76154   8.79338   0.000318913   -1.78266e-08           
O2+         2   O el 2 -1
  4     -80591.4   0.770714   -16.9329   0.000425784   -2.32586e-08           
PO2         2   O P 2 1
  4     135389.0   -1.99595   -15.1727   0.000607336   -4.40557e-08           
SO2         2   O S 2 1
  4     128382.0   -2.58129   -12.632   0.00079498   -4.60823e-08           
SIO2         2   O Si 2 1
  4     150469.0   -1.70934   -20.6909   0.000598301   -3.73582e-08           
O2Ta         2   O Ta 2 1
  4     177788.0   -1.4106   -17.9784   -0.00018061   4.12183e-09           
TiO2         2   O Ti 2 1
  4     153310.0   -1.71501   -18.3346   0.000442822   -4.38785e-08           
VO2         2   O V 2 1
  4     149343.0   -2.38363   -13.4037   0.000609469   -4.47612e-08           
WO2         2   O W 2 1
  4     151955.0   -3.4274   -2.15336   0.000383   -1.59022e-08           
ZrO2         2   O Zr 2 1
  4     167287.0   -2.03009   -14.6115   0.000322191   -3.20231e-08           
O3         1   O 3
  4     72255.6   -2.27501   -14.9294   0.000696886   -3.9806e-08           
SO3         2   O S 3 1
  4     170155.0   -3.28748   -26.7274   0.00119646   -7.14017e-08           
WO3         2   O W 3 1
  4     226399.0   -3.53484   -20.9826   0.000620707   -3.07817e-08           
P4O6         2   O P 6 4
  4     598101.0   -3.54488   -132.696   0.00265818   -1.88796e-07           
(WO3)2         2   O W 6 2
  4     523287.0   -3.49705   -84.249   0.000686188   -3.08013e-08           
W3O8         2   O W 8 3
  4     750627.0   -5.45709   -121.401   0.00127496   -5.9066e-08           
(WO3)3       2   O W 9 3
  4     818357.0   -5.48006   -139.63   0.00148009   -7.1669e-08           
P         1   P 1
  4     0.0   0.0   0.0   0.0   0.0           
P-         2   P el 1 1
  4     8575.93   -2.53937   15.2023   7.8e-05   -1.00298e-08           
P+         2   P el 1 -1
  4     -121903.0   2.72917   -15.1664   -4.3246e-05   -3.13707e-09           
PS         2   P S 1 1
  4     54468.6   -0.94031   -5.56638   0.000221811   -2.13486e-08           
P2         1   P 2
  4     58595.6   -0.974048   -6.75364   0.0002832   -3.16725e-08           
P4         1   P 4
  4     144951.0   -1.09878   -38.1131   0.000602469   -6.71559e-08           
P4S3         2   P S 4 3
  4     270471.0   0.144929   -102.107   0.000551609   -7.07566e-08           
Pb         1   Pb 1
  4     0.0   0.0   0.0   0.0   0.0           
Pb-         2   Pb el 1 1
  4     4355.2   -2.14939   13.237   -0.000166641   -9.78662e-09           
Pb+         2   Pb el 1 -1
  4     -85926.6   2.90121   -16.2187   -0.000215033   -3.23559e-09           
PbS         2   Pb S 1 1
  4     40908.6   -0.353602   -8.83934   -0.000163454   -8.55703e-10           
Pb2         1   Pb 2
  4     7062.86   0.152018   -9.49834   -0.000216869   -2.06564e-08           
Rb         1   Rb 1
  4     0.0   0.0   0.0   0.0   0.0           
Rb-         2   Rb el 1 1
  4     5575.54   -2.71644   14.9134   0.000194796   -2.46076e-08           
Rb+         2   Rb el 1 -1
  4     -48540.0   2.28353   -13.5277   0.000194938   -2.4617e-08           
Rb2         1   Rb 2
  4     5803.16   0.0345171   -8.28002   -0.000437971   -1.03545e-08           
S         1   S 1
  4     0.0   0.0   0.0   0.0   0.0           
S-         2   S el 1 1
  4     24127.7   -2.53558   14.0721   2.04e-05   -3.58973e-09           
S+         2   S el 1 -1
  4     -120204.0   2.30892   -13.5347   3.49e-05   9.99419e-11           
SiS         2   S Si 1 1
  4     74465.6   -1.05114   -6.74615   0.000180683   -1.29591e-08           
SSr         2   S Sr 1 1
  4     39115.5   -3.02233   8.97307   0.00170757   -1.07497e-07           
TiS         2   S Ti 1 1
  4     56355.1   1.82507   -24.7828   -0.00148505   8.20702e-08           
S2         1   S 2
  4     50801.9   -1.51882   -3.18934   0.000461697   -2.60902e-08           
S3         1   S 3
  4     82440.8   -2.16198   -14.3603   0.000687235   -3.11038e-08           
S4         1   S 4
  4     115330.0   -2.06965   -30.4642   0.000829662   -4.52606e-08           
S5         1   S 5
  4     153154.0   -1.79067   -52.9222   0.000875798   -5.78149e-08           
S6         1   S 6
  4     187448.0   -1.66239   -68.6786   0.000993907   -6.87473e-08           
S7         1   S 7
  4     219371.0   -1.74827   -82.0709   0.00124279   -7.81269e-08           
S8         1   S 8
  4     254397.0   -1.53788   -101.133   0.00132959   -9.40614e-08           
Si         1   Si 1
  4     0.0   0.0   0.0   0.0   0.0           
Si-         2   Si el 1 1
  4     16166.6   -2.72353   14.9715   8.91e-05   5.32288e-09           
Si+         2   Si el 1 -1
  4     -94527.9   2.70973   -16.0951   -0.000104991   3.5999e-09           
Si2         1   Si 2
  4     37351.8   -0.245866   -11.5745   0.000150992   -1.59304e-08           
Si3         1   Si 3
  4     85868.9   -0.361657   -26.2701   3.22e-05   -1.58542e-09           
Sr         1   Sr 1
  4     0.0   0.0   0.0   0.0   0.0           
Sr+         2   Sr el 1 -1
  4     -66177.4   2.20146   -11.6158   0.000267874   -3.32521e-08           
Ta         1   Ta 1
  4     0.0   0.0   0.0   0.0   0.0           
Ta-         2   Ta el 1 1
  4     4326.1   -0.347162   -1.06761   -0.00107709   4.56993e-08           
Ta+         2   Ta el 1 -1
  4     -91292.3   3.27303   -19.5703   -0.000209219   1.73534e-09           
Ti         1   Ti 1
  4     0.0   0.0   0.0   0.0   0.0           
Ti-         2   Ti el 1 1
  4     961.744   -2.43366   14.1116   -2.07e-05   -1.81706e-08           
Ti+         2   Ti el 1 -1
  4     -79011.7   3.09656   -17.787   -0.000155372   -3.93128e-09           
V         1   V 1
  4     0.0   0.0   0.0   0.0   0.0           
V-         2   V el 1 1
  4     5918.8   -3.0308   17.9389   9.81e-05   -1.41977e-08           
V+         2   V el 1 -1
  4     -78361.3   1.93698   -10.4833   0.000308091   -2.17895e-08           
W         1   W 1
  4     0.0   0.0   0.0   0.0   0.0           
W-         2   W el 1 1
  4     8705.8   -4.19457   28.1349   -7.53e-05   1.0996e-08           
W+         2   W el 1 -1
  4     -93200.2   1.13666   -4.13254   0.000422006   -1.64143e-08           
Xe         1   Xe 1
  4     0.0   0.0   0.0   0.0   0.0           
Xe+         2   Xe el 1 -1
  4     -140769.0   2.50464   -12.8589   -1.01e-05   2.35454e-09           
Zn         1   Zn 1
  4     0.0   0.0   0.0   0.0   0.0           
Zn-         2   Zn el 1 1
  4     1723.22   -2.50928   14.2817   6.802e-06   -6.65344e-10           
Zn+         2   Zn el 1 -1
  4     -108340.0   2.4914   -13.4714   6.6e-06   -6.51716e-10           
Zr         1   Zr 1
  4     0.0   0.0   0.0   0.0   0.0           
Zr-         2   Zr el 1 1
  4     4727.35   -2.23076   13.1427   -0.000345945   7.18428e-09           
Zr+         2   Zr el 1 -1
  4     -79481.8   2.74809   -15.6783   -2.27e-05   -1.10085e-08           
