335
AlCl         2   Al Cl 1 1
  2     11.9756   -5.26278   -0.0102635   0.00393437   -0.00026236           
AlOCl        3   Al Cl O 1 1 1
  2     25.2736   -11.3695   0.181015   -0.0269337   0.00141296           
AlCl2         2   Al Cl 1 2
  2     24.1558   -9.76179   0.16044   -0.0214136   0.00106392           
AlF         2   Al F 1 1
  2     12.7557   -7.5247   0.175072   -0.0248482   0.00127383           
AlOF         3   Al F O 1 1 1
  2     25.8299   -13.5898   0.257756   -0.0394409   0.00210301           
AlF2         2   Al F 1 2
  2     24.7741   -12.7799   0.15283   -0.0204891   0.0010194           
AlH         2   Al H 1 1
  2     12.1913   -3.91661   0.255568   -0.0372612   0.00194061           
AlOH         3   Al H O 1 1 1
  2     25.7071   -10.6236   0.0979013   -0.0118352   0.00058121           
AlO         2   Al O 1 1
  2     12.7393   -5.92436   0.182177   -0.0257927   0.0013185           
AlO2         2   Al O 1 2
  2     25.3565   -8.72854   0.092307   -0.013744   0.000726892           
AlS         2   Al S 1 1
  2     12.5198   -4.55689   0.195015   -0.0270327   0.00135949           
Al2O         2   Al O 2 1
  2     26.1585   -12.0101   0.427838   -0.0630199   0.00328471           
BCl         2   B Cl 1 1
  2     12.6338   -6.02981   0.125365   -0.0162255   0.000788462           
BF         2   B F 1 1
  2     13.08   -8.36958   0.125752   -0.0163135   0.000796446           
BH         2   B H 1 1
  2     12.3991   -4.01795   0.131745   -0.0167235   0.000810028           
BHO         3   B H O 1 1 1
  2     25.3772   -11.8244   0.0501805   -0.0053856   0.000254855           
BHO2         3   B H O 1 1 2
  2     38.934   -19.6241   0.0984029   -0.0108936   0.000517835           
BH2         2   B H 1 2
  2     24.3681   -8.58306   0.0450531   -0.00399339   0.000173763           
BH2O2         3   B H O 1 2 2
  2     50.2898   -20.6749   -0.00754323   0.00326736   -0.000167937           
BNO         3   B N O 1 1 1
  2     14.1864   -9.6872   0.780002   -0.159796   0.0120681           
BO         2   B O 1 1
  2     13.1112   -8.857   0.127136   -0.0163126   0.000794082           
BS         2   B S 1 1
  2     12.822   -6.70466   0.170345   -0.0230205   0.00114541           
B2O         2   B O 2 1
  2     26.4072   -13.795   0.165079   -0.0215281   0.0010598           
BaCl         2   Ba Cl 1 1
  2     12.9324   -6.90019   0.776258   -0.110132   0.00554797           
BaCl2         2   Ba Cl 1 2
  2     24.32   -12.2626   0.680969   -0.0976155   0.00494488           
BaF         2   Ba F 1 1
  2     12.6703   -7.93627   0.612723   -0.0858945   0.00429113           
BaF2         2   Ba F 1 2
  2     24.7125   -14.2318   0.778023   -0.110592   0.00557877           
BaH         2   Ba H 1 1
  2     12.3202   -4.31381   0.772582   -0.109613   0.00552246           
BaHO         3   Ba H O 1 1 1
  2     49.8434   -20.4061   0.66675   -0.0932974   0.00470231           
BaHO+         4   Ba H O el 1 1 1 -1
  2     25.3167   -12.033   0.819545   -0.114567   0.00574607           
BaO         2   Ba O 1 1
  2     13.0115   -8.18515   0.791633   -0.112686   0.00568567           
BaS         2   Ba S 1 1
  2     13.0896   -6.80573   0.81446   -0.115878   0.00584443           
Ba2O         2   Ba O 2 1
  2     26.9696   -12.8342   1.367   -0.197186   0.0100094           
BeCl         2   Be Cl 1 1
  2     11.749   -5.32248   0.237932   -0.0335529   0.00170877           
BeCl2         2   Be Cl 1 2
  2     24.8641   -10.1323   0.141911   -0.020619   0.0010798           
BeF         2   Be F 1 1
  2     12.0932   -6.64793   0.228631   -0.0320402   0.00162482           
BeHO         3   Be H O 1 1 1
  2     24.5212   -10.424   0.284154   -0.0382035   0.00191778           
BeH2         2   Be H 1 2
  2     24.1602   -7.26932   0.147405   -0.020183   0.00104534           
BeH2O2         3   Be H O 1 2 2
  2     49.7203   -20.5144   0.118638   -0.0153883   0.000804117           
BeO         2   Be O 1 1
  2     12.6951   -5.48234   0.252059   -0.0356181   0.00181521           
C-         2   C el 1 1
  2     10.9594   -3.13271   0.478683   -0.0610419   0.00291025           
C106H56        2   C H 106 56
  2     1872.0   -662.3   -1.406   0.3596   -0.02111           
C10H16         2   C H 10 16
  2     286.1   -69.63   -15.12   2.134   -0.1048           
C10H7         2   C H 10 7
  2     197.8   -74.52   -4.26   0.6031   -0.0296           
C10H8         2   C H 10 8
  2     222.7   -92.05   -0.7081   0.1113   -0.005849           
HC11N         3   C H N 11 1 1
  2     150.8   -71.32   -1.677   0.2317   -0.0112           
C14H10(a)     2   C H 14 10
  2     302.4   -125.7   -1.007   0.1539   -0.007978           
C14H10(p)     2   C H 14 10
  2     302.1   -125.7   -1.028   0.1575   -0.008187           
C18H12(b)     2   C H 18 12
  2     353.9   -130.6   -0.6374   0.1174   -0.006454           
C18H12(t)     2   C H 18 12
  2     380.5   -159.5   -1.293   0.1961   -0.01015           
CCl         2   C Cl 1 1
  2     12.3361   -3.97283   0.172307   -0.0237921   0.00120035           
CClO         3   C Cl O 1 1 1
  2     25.1179   -12.5523   0.162836   -0.0209498   0.00102008           
CCl2         2   C Cl 1 2
  2     25.2008   -7.28757   0.150292   -0.0193432   0.000943236           
CCl3         2   C Cl 1 3
  2     37.6452   -10.6507   0.0484984   -0.00559958   0.000267319           
CCl4         2   C Cl 1 4
  2     52.0452   -14.2931   0.254071   -0.0397836   0.00216224           
CH         2   C H 1 1
  2     12.1355   -4.07599   0.127676   -0.0154727   0.000726615           
CH-         3   C H el 1 1 1
  2     22.9553   -7.68549   0.652843   -0.0838504   0.00403306           
HCN         3   C H N 1 1 1
  2     25.6348   -13.8332   0.138267   -0.018122   0.000916454           
CHNO         4   C H N O 1 1 1 1
  2     38.7737   -19.1259   0.146437   -0.0180932   0.00088591           
HCO         3   C H O 1 1 1
  2     25.3629   -13.2129   0.184508   -0.0229726   0.00111141           
CH2         2   C H 1 2
  2     25.0524   -8.4195   0.0822002   -0.00842615   0.000384606           
H2CO         3   C H O 1 2 1
  2     38.3834   -16.3975   0.0837728   -0.00744101   0.000313369           
CH3         2   C H 1 3
  2     37.1978   -13.4623   0.0872143   -0.00712298   0.000276705           
CH4         2   C H 1 4
  2     50.7774   -17.9109   0.0141353   0.0044553   -0.000301764           
CN         2   C N 1 1
  2     12.8051   -8.14934   0.0641622   -0.00736267   0.000346663           
CN-         3   C N el 1 1 1
  2     24.1233   -14.4219   0.704171   -0.0921367   0.00447712           
CN2_cnn         2   C N  1 2
  2     25.7026   -11.7813   0.171301   -0.0238743   0.0012213           
CN2_ncn         2   C N  1 2
  2     25.5405   -13.273   0.160753   -0.0235531   0.00122818           
CO         2   C O 1 1
  2     13.82   -11.7953   0.172167   -0.0228885   0.00113491           
CO2         2   C O 1 2
  2     27.4785   -17.098   0.0950125   -0.0125786   0.000640576           
CO2-         3   C O el 1 2 1
  2     37.1801   -19.8165   0.677552   -0.0875252   0.00422691           
CP         2   C P 1 1
  2     12.4988   -5.76155   0.123609   -0.0174113   0.000897797           
CS         2   C S 1 1
  2     13.4357   -8.05736   0.187544   -0.0255069   0.00127346           
CS2         2   C S 1 2
  2     26.6533   -12.4592   0.132286   -0.0186162   0.000953801           
SiC         2   C Si 1 1
  2     12.3274   -5.1219   0.13941   -0.019363   0.000962017           
Si2C        2   C Si 1 2
  2     25.5494   -11.7227   0.171031   -0.0245358   0.00124853           
C2         1   C 2
  2     12.8038   -6.6078   0.0977186   -0.0127393   0.000626035           
C2-         2   C el 2 1
  2     23.8449   -11.8251   0.678666   -0.0884022   0.00427702           
C22H14         2   C H 22 14
  2     459.8   -193.2   -1.62   0.2437   -0.01258           
C24H12         2   C H 24 12
  2     429.4   -161.7   -14.34   2.012   -0.09843           
C2Ce         2   C Ce 2 1
  2     26.6353   -14.0518   0.208487   -0.0260956   0.00122165           
C2H         2   C H 2 1
  2     25.063   -12.2909   -0.0190365   0.00444981   -0.000230727           
C2H2         2   C H 2 2
  2     38.1837   -17.3648   0.0215125   -8.9e-05   -2.87e-05           
C2H3         2   C H 2 3
  2     50.03   -19.3332   0.0750687   -0.0127952   0.00116544           
C2H3N         3   C H N 2 3 1
  2     62.9148   -25.2225   -0.359036   0.0762797   -0.00538137           
C2H4         2   C H 2 4
  2     63.3504   -23.8541   -0.0290326   0.00922192   -0.000495735           
C2H6         2   C H 2 6
  2     88.1628   -30.2309   0.0780244   -0.00145779   -0.000400717           
C2La         2   C La 2 1
  2     26.6009   -13.7801   0.201855   -0.0245775   0.00112268           
C2N         2   C N 2 1
  2     25.4659   -14.4502   0.159415   -0.0238296   0.00125855           
C2N2         2   C N 2 2
  2     41.3568   -22.172   0.167003   -0.0234989   0.00125859           
C2Nd         2   C Nd 2 1
  2     26.6823   -13.1053   0.126087   -0.0171019   0.000853464           
C2O         2   C O 2 1
  2     25.7245   -14.6509   0.046094   -0.00711218   0.000405287           
C2S         2   C S 2 1
  2     13.6087   -3.49198   0.824013   -0.121341   0.00626879           
SiC2         2   C Si 2 1
  2     25.6232   -13.0848   -0.055227   0.00933626   -0.000498756           
Si2C2       2   C Si 2 2
  2     38.7405   -17.5476   0.115866   -0.018126   0.000967168           
TiC2         2   C Ti 2 1
  2     27.0183   -13.5336   0.45875   -0.0661584   0.00338337           
VC2         2   C V 2 1
  2     27.2791   -13.3367   0.369988   -0.0526615   0.00268939           
YC2         2   C Y 2 1
  2     26.6854   -14.2487   0.449075   -0.0658154   0.00340468           
ZrC2         2   C Zr 2 1
  2     27.7249   -14.5345   0.392034   -0.0538324   0.00268096           
C3         1   C 3
  2     25.2297   -14.4448   0.125475   -0.0173901   0.000885943           
C3H         2   C H 3 1
  2     40.7912   -21.7625   0.933772   -0.13863   0.00745491           
C3HN         3   C H N 3 1 1
  2     50.3142   -24.9662   -0.292923   0.0589262   -0.00417683           
C3H2         2   C H 3 2
  2     53.1743   -26.3793   2.15102   -0.479247   0.0378753           
C3H3         2   C H 3 3
  2     63.3477   -26.8077   0.412414   -0.0992055   0.008579           
C3H4         2   C H 3 4
  2     75.383   -29.3318   -0.259196   0.0538528   -0.00361693           
C3N         2   C N 3 1
  2     40.797   -24.9643   1.69769   -0.355145   0.0267983           
C4         1   C 4
  2     37.4163   -13.9473   -3.44221   0.7157   -0.0462669           
C4H         2   C H 4 1
  2     53.2097   -28.3938   1.48513   -0.309402   0.0233092           
C4H2         2   C H 4 2
  2     63.0326   -28.5328   -0.488889   0.0998189   -0.00720409           
C4H3         2   C H 4 3
  2     75.3904   -32.4423   -0.223846   0.0824096   -0.00833807           
C4H4         2   C H 4 4
  2     87.2855   -35.3844   -0.324513   0.0637727   -0.00426337           
C4H4O         3   C H O 4 4 1
  2     110.3   -34.03   -2.807   0.3973   -0.01952           
C4H4S         3   C H S 4 4 1
  2     94.71   -31.91   -3.117   0.4411   -0.02167           
C4H6         2   C H 4 6
  2     107.8   -37.3   -1.939   0.2805   -0.0139           
C4N         2   C N 4 1
  2     53.8109   -29.1747   0.82621   -0.158124   0.0107915           
C4N2         2   C N 4 2
  2     65.1015   -33.9717   -0.0025628   -0.00213767   0.000223775           
C4Y         2   C Y 4 1
  2     52.6239   -26.6961   0.359956   -0.0561891   0.00302228           
C5         1   C 5
  2     53.99   -27.03   -0.0303   0.003401   -0.0001084           
C5H         2   C H 5 1
  2     71.804   -39.4029   3.75319   -0.752366   0.0544019           
C5HN         3   C H N 5 1 1
  2     75.23   -36.04   -0.8089   0.1142   -0.005573           
C5H5N         3   C H N 5 5 1
  2     115.3   -38.21   -4.863   0.6823   -0.03338           
C6H         2   C H 6 1
  2     71.97   -32.68   -1.255   0.1708   -0.008225           
C6H2         2   C H 6 2
  2     87.81   -40.07   -0.8792   0.1253   -0.006152           
C6H4(a)         2   C H  6 4
  2     110.4   -42.69   -1.758   0.2533   -0.01252           
C6H4(b)         2   C H  6 4
  2     112.8   -42.39   -2.104   0.3041   -0.01506           
C6H5O         3   C H O 6 5 1
  2     128.0   -44.34   -4.826   0.6763   -0.03307           
C6H6         2   C H 6 6
  2     80.1578   -30.4829   -0.56188   0.100312   -0.00652777           
C6H6O         3   C H O 6 6 1
  2     143.5   -49.59   -4.449   0.6308   0.031           
C7HN         3   C H N 7 1 1
  2     100.4   -47.77   -1.108   0.1546   -0.007507           
C9HN         3   C H N 9 1 1
  2     125.6   -59.55   -1.393   0.1931   0.009355           
CaCl         2   Ca Cl 1 1
  2     12.3142   -5.76138   0.565319   -0.0828685   0.0042822           
CaCl2         2   Ca Cl 1 2
  2     24.6113   -10.6172   0.473966   -0.0709817   0.00371402           
CaF         2   Ca F 1 1
  2     12.3566   -7.14716   0.560243   -0.0822658   0.00425272           
CaF2         2   Ca F 1 2
  2     24.4848   -13.2378   0.55677   -0.0814202   0.00419976           
CaH         2   Ca H 1 1
  2     11.3401   -3.01442   0.423487   -0.0614674   0.00316392           
CaOH         3   Ca H O 1 1 1
  2     24.6112   -10.9104   0.60803   -0.0871975   0.0044736           
Ca(OH)2      3   Ca H O 1 2 2
  2     49.5488   -19.3541   0.455356   -0.065841   0.00342522           
CaO         2   Ca O 1 1
  2     12.2598   -6.47349   0.582844   -0.085805   0.00444251           
CaS         2   Ca S 1 1
  2     12.3094   -5.22181   0.605463   -0.0889671   0.00459935           
CeF         2   Ce F 1 1
  2     13.076   -6.96769   0.21608   -0.0257263   0.00115112           
CeO         2   Ce O 1 1
  2     13.3605   -9.11694   0.238431   -0.0291627   0.00133433           
CeO2         2   Ce O 1 2
  2     26.5071   -16.7753   0.163098   -0.0198458   0.000904016           
CeS         2   Ce S 1 1
  2     12.8878   -6.88265   0.263539   -0.0328229   0.00152135           
Cl-         2   Cl el 1 1
  2     11.4196   -5.57909   0.501653   -0.0643142   0.0030822           
CrCl         2   Cl Cr 1 1
  2     13.5463   -5.45493   0.568918   -0.0817186   0.00416338           
CuCl         2   Cl Cu 1 1
  2     13.3222   -4.75372   0.23224   -0.0318488   0.0015877           
FeCl         2   Cl Fe 1 1
  2     12.1477   -4.01579   0.344484   -0.0492487   0.00250981           
GeCl         2   Cl Ge 1 1
  2     11.9202   -4.99487   0.156097   -0.0258979   0.00174832           
HCl         2   Cl H 1 1
  2     12.5277   -5.1927   0.181172   -0.0240142   0.00119942           
OHCl        3   Cl H O 1 1 1
  2     24.9605   -7.79148   0.154108   -0.0182326   0.000857995           
KCl         2   Cl K 1 1
  2     12.1734   -5.64605   0.432603   -0.0629154   0.00324007           
LiCl         2   Cl Li 1 1
  2     12.0145   -5.66908   0.255583   -0.0369367   0.00190539           
MgCl         2   Cl Mg 1 1
  2     11.3182   -3.99836   0.211366   -0.0301742   0.00154799           
MnCl         2   Cl Mn 1 1
  2     12.097   -4.93384   0.399484   -0.058089   0.00299444           
NaCl         2   Cl Na 1 1
  2     11.7682   -5.00838   0.239753   -0.0348374   0.00180345           
NiCl         2   Cl Ni 1 1
  2     12.7126   -4.59434   0.194955   -0.0255737   0.00125485           
ClO         2   Cl O 1 1
  2     12.3224   -3.31053   0.137635   -0.0188264   0.000950141           
ClO2         2   Cl O 1 2
  2     25.9251   -6.30906   0.301334   -0.0439689   0.00229387           
PCl         2   Cl P 1 1
  2     12.024   -3.89148   0.244322   -0.0339665   0.00170627           
ClRb         2   Cl Rb 1 1
  2     11.3656   -4.77047   0.101159   -0.0126292   0.000597431           
SCl         2   Cl S 1 1
  2     11.8391   -3.10696   0.0833656   -0.0105587   0.000512083           
SiCl         2   Cl Si 1 1
  2     12.0092   -4.73734   0.130021   -0.0169503   0.000822418           
SrCl         2   Cl Sr 1 1
  2     12.2312   -6.11258   0.673159   -0.0990344   0.00512413           
TiCl         2   Cl Ti 1 1
  2     12.3047   -5.65636   0.386648   -0.0567597   0.00292045           
YCl          2   Cl Y 1 1
  2     13.3007   -4.98346   0.46819   -0.0671767   0.00343           
ZrCl         2   Cl Zr 1 1
  2     13.0733   -6.37894   0.424106   -0.0574623   0.00283769           
Cl2         1   Cl 2
  2     12.6195   -2.8856   0.0818554   -0.00999715   0.000476782           
CrCl2         2   Cl Cr 2 1
  2     24.1564   -9.34496   0.472265   -0.068913   0.00354222           
FeCl2         2   Cl Fe 2 1
  2     24.4853   -9.03309   0.239527   -0.0358253   0.00187086           
MgCl2         2   Cl Mg 2 1
  2     24.6665   -8.95575   0.262645   -0.0395934   0.00209222           
MnCl2         2   Cl Mn 2 1
  2     23.5236   -9.02256   0.323944   -0.0485866   0.00255079           
ClOCl         2   Cl O 2 1
  2     25.6516   -5.15529   0.288211   -0.0408833   0.00209767           
SCl2         2   Cl S 2 1
  2     24.9568   -6.39973   0.216059   -0.0295231   0.00148204           
SiCl2        2   Cl Si 2 1
  2     24.9571   -9.6199   0.237779   -0.0326086   0.00163365           
SrCl2        2   Cl Sr 2 1
  2     23.8755   -11.3477   0.578654   -0.0866213   0.00452572           
TiCl2         2   Cl Ti 2 1
  2     25.1572   -10.9356   0.187656   -0.026875   0.00137541           
VCl2          2   Cl V 2 1
  2     24.5925   -10.8863   0.290086   -0.0409513   0.00208056           
ZrCl2         2   Cl Zr 2 1
  2     25.2298   -12.746   0.41753   -0.0558026   0.00273287           
CrF         2   Cr F 1 1
  2     13.8202   -6.30902   0.567869   -0.0818114   0.00417411           
CrF2         2   Cr F 1 2
  2     24.7276   -11.341   0.473131   -0.0696311   0.00359522           
CrH         2   Cr H 1 1
  2     12.2974   -4.45051   0.500792   -0.071306   0.00362238           
CrN         2   Cr N 1 1
  2     13.9279   -5.754   0.630073   -0.0913532   0.00467965           
CrO         2   Cr O 1 1
  2     13.5131   -6.18823   0.587687   -0.0848086   0.00433216           
CrO2         2   Cr O 1 2
  2     28.5405   -12.1959   0.710285   -0.100941   0.00512223           
CuF         2   Cu F 1 1
  2     12.6471   -5.49502   0.335965   -0.0479931   0.0024441           
CuH         2   Cu H 1 1
  2     12.1518   -3.785   0.309765   -0.0433886   0.00219329           
CuO         2   Cu O 1 1
  2     12.1756   -3.5147   0.204849   -0.0282166   0.00140747           
CuS         2   Cu S 1 1
  2     12.5115   -3.98365   0.377499   -0.0540676   0.00275454           
F-         2   F el 1 1
  2     11.4168   -5.38725   0.497076   -0.063843   0.00306004           
FeF         2   F Fe 1 1
  2     13.0568   -5.82538   0.374474   -0.05303   0.00269032           
GeF         2   F Ge 1 1
  2     12.1304   -5.46883   0.0935744   -0.0131153   0.000790895           
HF         2   F H 1 1
  2     12.444   -6.02993   -0.0550589   0.0133628   -0.000818799           
KF         2   F K 1 1
  2     12.448   -6.37719   0.42974   -0.0627196   0.00323395           
FLa         2   F La 1 1
  2     13.3667   -7.02136   0.2153   -0.025229   0.00111309           
LiF         2   F Li 1 1
  2     12.4491   -6.82101   0.285775   -0.0416715   0.00215772           
MgF         2   F Mg 1 1
  2     11.727   -5.56789   0.246722   -0.0357525   0.00184648           
MnF         2   F Mn 1 1
  2     12.382   -5.57499   0.397334   -0.0579227   0.00298775           
NaF         2   F Na 1 1
  2     12.1873   -6.19585   0.278477   -0.0408644   0.00212234           
FNd         2   F Nd 1 1
  2     12.9166   -6.45105   0.138735   -0.0176065   0.00083413           
NiF         2   F Ni 1 1
  2     13.0268   -4.58713   0.190903   -0.0251026   0.00123248           
FO         2   F O 1 1
  2     12.5291   -2.75374   0.11489   -0.014791   0.000716915           
PF         2   F P 1 1
  2     12.4263   -5.53137   0.247703   -0.0347656   0.00175754           
FRb         2   F Rb 1 1
  2     11.6542   -5.42392   0.100785   -0.0128756   0.000617091           
FSc         2   F Sc 1 1
  2     13.6649   -7.59351   0.460135   -0.0665441   0.00340948           
SiF         2   F Si 1 1
  2     12.4272   -6.20026   0.166854   -0.0227883   0.00113711           
SrF         2   F Sr 1 1
  2     12.3181   -7.22137   0.560102   -0.0819943   0.00422812           
TiF         2   F Ti 1 1
  2     12.5753   -7.01955   0.384245   -0.056623   0.00291786           
FY         2   F Y 1 1
  2     13.6035   -7.6595   0.464241   -0.0667616   0.00341154           
ZrF         2   F Zr 1 1
  2     13.3407   -7.86936   0.412764   -0.0557605   0.00274396           
F2         1   F 2
  2     12.9994   -2.02215   0.100213   -0.0136564   0.00069231           
FeF2         2   F Fe 2 1
  2     24.9698   -10.6093   0.230776   -0.0352354   0.0018581           
LaF2         2   F La 2 1
  2     25.6309   -13.717   0.128572   -0.0144744   0.000618317           
MgF2         2   F Mg 2 1
  2     25.5875   -11.7332   0.32973   -0.0501521   0.00265592           
MnF2         2   F Mn 2 1
  2     24.1105   -10.4973   0.324402   -0.0492499   0.00260134           
NdF2         2   F Nd 2 1
  2     25.5469   -12.0942   0.0422357   -0.00510597   0.000236412           
PF2         2   F P 2 1
  2     25.2106   -10.5016   0.241606   -0.0333863   0.00167674           
SiF2         2   F Si 2 1
  2     26.1191   -13.847   0.334239   -0.0477837   0.00244846           
SrF2         2   F Sr 2 1
  2     24.4003   -13.3449   0.667679   -0.0982451   0.00508389           
TiF2         2   F Ti 2 1
  2     25.6822   -14.6004   0.19921   -0.0294509   0.00153526           
VF2         2   F V 2 1
  2     25.1448   -13.8119   0.279138   -0.0395711   0.00201049           
YF2         2   F Y 2 1
  2     25.8734   -13.7665   0.361694   -0.0531677   0.00274947           
ZrF2         2   F Zr 2 1
  2     27.3671   -15.6078   0.42389   -0.0574018   0.00283753           
Fe(OH)2      3   Fe H O 1 2 2
  2     49.4081   -18.1359   0.206823   -0.0309433   0.00164995           
FeO         2   Fe O 1 1
  2     12.9845   -5.27982   0.317452   -0.0445649   0.0022524           
FeS         2   Fe S 1 1
  2     13.8551   -4.63279   0.415559   -0.0590259   0.00299605           
GeH         2   Ge H 1 1
  2     11.445   -3.72239   0.0265352   0.00249476   -0.000438888           
GeO         2   Ge O 1 1
  2     13.0225   -7.12752   -0.0256028   0.018369   -0.00199339           
GeS         2   Ge S 1 1
  2     13.0627   -6.56295   0.283567   -0.0530424   0.00384065           
H-         2   H el 1 1
  2     10.9409   -2.6836   0.497853   -0.0640899   0.0030753           
HI         2   H I 1 1
  2     12.1295   -3.59268   0.107641   -0.0130232   0.000613434           
KH         2   H K 1 1
  2     11.4166   -2.79688   0.287066   -0.0409643   0.00208967           
KOH         3   H K O 1 1 1
  2     24.7978   -9.74583   0.478033   -0.0676123   0.0034511           
LiH         2   H Li 1 1
  2     11.7824   -3.44331   0.327412   -0.0484559   0.00253356           
LiOH         3   H Li O 1 1 1
  2     25.1219   -10.6248   0.503575   -0.0721409   0.0037183           
MgH         2   H Mg 1 1
  2     11.2853   -2.05637   0.196585   -0.0273103   0.00138164           
MgOH         3   H Mg O 1 1 1
  2     24.5514   -9.38177   0.196657   -0.0271777   0.00138871           
MnH         2   H Mn 1 1
  2     11.7358   -3.79739   0.416093   -0.0605281   0.00312467           
NH         2   H N 1 1
  2     12.0327   -4.09349   0.136286   -0.0166427   0.000786913           
HNO         3   H N O 1 1 1
  2     25.2581   -9.55417   0.194622   -0.024812   0.00121294           
HNO2(trans)   3   H N O 1 1 2
  2     38.1722   -13.8136   0.138854   -0.0178827   0.000902095           
HNO3         3   H N O 1 1 3
  2     51.7869   -16.7438   0.0555429   -0.00665675   0.000359552           
HN3         2   H N 1 3
  2     37.9766   -14.707   0.314935   -0.0815814   0.00753253           
NaH         2   H Na 1 1
  2     11.4155   -2.59179   0.19646   -0.0273828   0.00138445           
NaOH        3   H Na O 1 1 1
  2     24.6038   -9.41042   0.364077   -0.0507323   0.00257989           
NiH         2   H Ni 1 1
  2     12.5203   -3.90007   0.196303   -0.0253774   0.00124117           
OH         2   H O 1 1
  2     12.371   -5.06783   0.138217   -0.0165474   0.000772245           
OH-         3   H O el 1 1 1
  2     23.6207   -8.82118   0.637986   -0.0808879   0.00385915           
HOSr         3   H O Sr 1 1 1
  2     24.8631   -11.1527   0.714206   -0.103064   0.00529834           
PH         2   H P 1 1
  2     12.0802   -4.14988   0.341137   -0.0487959   0.00250567           
HRb         2   H Rb 1 1
  2     10.6025   -1.75156   -0.0444764   0.00926409   -0.000547395           
HS         2   H S 1 1
  2     12.0194   -4.24225   0.149131   -0.0186662   0.000894376           
SiH         2   H Si 1 1
  2     11.8522   -3.72185   0.159988   -0.0206292   0.000998967           
HSr         2   H Sr 1 1
  2     11.8272   -3.63042   0.671893   -0.0989271   0.00512258           
ZrH         2   H Zr 1 1
  2     12.7508   -4.78898   0.419499   -0.0566536   0.00279418           
H2         1   H 2
  2     12.7388   -5.12717   0.12572   -0.0141494   0.000630214           
Mg(OH)2    3   H Mg O 2 1 2
  2     48.4091   -17.8102   0.146719   -0.0198329   0.00103121           
NH2         2   H N 2 1
  2     24.6027   -8.62996   0.200481   -0.0241237   0.00114842           
NH2-         3   H N el 2 1 1
  2     35.5383   -11.9959   0.693448   -0.0873492   0.00417317           
N2H2         2   H N 2 2
  2     37.8025   -12.9883   0.165072   -0.0200265   0.000984841           
H2O         2   H O 2 1
  2     25.4204   -10.5223   0.169394   -0.0183684   0.000817296           
H2O2Sr         3   H O Sr 2 2 1
  2     49.5631   -19.5352   0.562407   -0.0819921   0.00426841           
PH2         2   H P 2 1
  2     23.9575   -7.70024   0.256886   -0.0337999   0.00167158           
H2S         2   H S 2 1
  2     24.6324   -8.4616   0.170141   -0.0202365   0.000957819           
SiH2        2   H Si 2 1
  2     24.6639   -6.88731   0.0837099   -0.0100585   0.000492906           
NH3         2   H N 3 1
  2     37.5542   -13.0593   0.129104   -0.0123385   0.000534294           
PH3         2   H P 3 1
  2     38.3915   -13.2288   1.04219   -0.156464   0.00826584           
SiH3         2   H Si 3 1
  2     36.3292   -10.5562   0.0809447   -0.0086212   0.000398643           
N2H4         2   H N 4 2
  2     61.754   -18.426   0.00803459   0.0034436   -0.000200098           
SiH4         2   H Si 4 1
  2     49.1571   -13.7905   0.00114928   -0.00344694   0.00019563           
KO         2   K O 1 1
  2     11.9399   -4.07432   0.449009   -0.0657415   0.00339402           
LaN         2   La N 1 1
  2     13.5158   -6.8399   0.280962   -0.035399   0.00165512           
LaO         2   La O 1 1
  2     13.205   -8.82958   0.10891   -0.00924302   0.000278816           
LaO2         2   La O 1 2
  2     26.5495   -16.7553   0.151835   -0.0175905   0.000765416           
LaS         2   La S 1 1
  2     13.3274   -6.91479   0.259718   -0.0317835   0.00145125           
La2O         2   La O 2 1
  2     27.0224   -13.018   0.357959   -0.0420945   0.00185596           
La2O2         2   La O 2 2
  2     40.1074   -21.5514   0.289446   -0.0340778   0.00150347           
LiO         2   Li O 1 1
  2     12.3622   -4.54966   0.340687   -0.0500589   0.00260132           
MgO         2   Mg O 1 1
  2     11.7018   -4.48461   0.296408   -0.0428111   0.00220232           
MgS         2   Mg S 1 1
  2     12.1744   -3.40766   0.317728   -0.0457925   0.00234911           
MnO         2   Mn O 1 1
  2     13.2463   -5.01189   0.431254   -0.0630932   0.00326065           
MnO2         2   Mn O 1 2
  2     25.9561   -10.528   0.353445   -0.0533936   0.00281004           
MnS         2   Mn S 1 1
  2     13.1506   -4.23811   0.457369   -0.066849   0.00345206           
MnS2         2   Mn S 1 2
  2     25.9237   -7.4966   0.400387   -0.0599806   0.00313852           
NO         2   N O 1 1
  2     12.831   -7.18344   0.173495   -0.0230652   0.00113799           
NO-         3   N O el 1 1 1
  2     23.6256   -10.0651   0.684604   -0.0893711   0.00433949           
NO2         2   N O 1 2
  2     26.3273   -10.5124   0.202429   -0.0271888   0.00135933           
NO2-         3   N O el 1 2 1
  2     37.0221   -16.4391   0.71095   -0.0934645   0.00456408           
NO3         2   N O 1 3
  2     39.8172   -12.4186   0.12222   -0.0172477   0.000897527           
PN         2   N P 1 1
  2     13.2885   -7.16001   0.427279   -0.062564   0.00324122           
SN         2   N S 1 1
  2     12.5433   -5.54626   0.209011   -0.0289865   0.00146211           
NSc         2   N Sc 1 1
  2     13.7717   -6.45311   0.527539   -0.0770004   0.0039684           
SiN         2   N Si 1 1
  2     12.3989   -5.48756   0.0953008   -0.0133693   0.000693956           
VN         2   N V 1 1
  2     14.2087   -6.38241   0.44403   -0.0626312   0.00317247           
ZrN         2   N Zr 1 1
  2     13.8147   -7.4335   0.478696   -0.0659346   0.00328551           
N2         1   N 2
  2     13.5903   -10.5855   0.220671   -0.0299975   0.00149927           
N2O         2   N O 2 1
  2     26.491   -12.1085   0.15738   -0.0225474   0.00117848           
N2O4         2   N O 2 4
  2     65.4325   -20.2024   0.0184718   -0.00482021   0.000356065           
NaO         2   Na O 1 1
  2     11.7987   -3.60424   0.332658   -0.0484233   0.002497           
NdO         2   Nd O 1 1
  2     13.4426   -7.96395   0.162517   -0.0213285   0.00103488           
NdO2         2   Nd O 1 2
  2     26.5354   -16.013   0.0870576   -0.0120053   0.000604196           
NiO         2   Ni O 1 1
  2     13.0129   -4.67806   0.210761   -0.0282512   0.00140004           
O-         2   O el 1 1
  2     10.8606   -3.44834   0.517816   -0.0671254   0.00323531           
PO         2   O P 1 1
  2     12.8523   -7.23085   0.342006   -0.0494632   0.00254448           
SO         2   O S 1 1
  2     12.9292   -5.98897   0.162527   -0.0216652   0.00106757           
S2O         2   O S 1 2
  2     25.7983   -9.71473   0.202815   -0.0271519   0.00134122           
OSc         2   O Sc 1 1
  2     13.7467   -8.44296   0.480722   -0.0696697   0.00357468           
OSc2         2   O Sc 1 2
  2     27.6353   -13.1485   0.843225   -0.123867   0.00639695           
SiO         2   O Si 1 1
  2     13.4132   -8.89098   0.150424   -0.0195811   0.000948283           
OSr         2   O Sr 1 1
  2     12.4581   -6.88081   0.691678   -0.10216   0.00529547           
OSr2         2   O Sr 1 2
  2     25.771   -11.5958   1.15953   -0.174808   0.00915186           
TiO         2   O Ti 1 1
  2     13.3981   -8.17562   0.408726   -0.0579369   0.00292873           
VO         2   O V 1 1
  2     13.8111   -7.70197   0.370559   -0.0514671   0.00258608           
OY         2   O Y 1 1
  2     13.5143   -8.60752   0.406998   -0.0580535   0.00295346           
OY2         2   O Y 1 2
  2     27.4674   -13.7718   0.847133   -0.123553   0.00635729           
ZrO         2   O Zr 1 1
  2     13.2965   -8.49294   0.195621   -0.0298922   0.00160101           
O2         1   O 2
  2     13.2282   -5.51407   0.0699354   -0.00815109   0.000379699           
O2-         2   O el 2 1
  2     23.7239   -8.03454   0.63127   -0.0816737   0.00393795           
PO2         2   O P 2 1
  2     25.9389   -12.6555   0.273151   -0.0379077   0.00190466           
SO2         2   O S 2 1
  2     26.5472   -11.8819   0.191779   -0.0257362   0.0012839           
ScO2         2   O Sc 2 1
  2     26.909   -15.8243   0.39999   -0.0593631   0.00308752           
SiO2         2   O Si 2 1
  2     26.8034   -13.4312   0.116423   -0.0165331   0.000853869           
TiO2         2   O Ti 2 1
  2     27.901   -14.0306   0.421564   -0.061271   0.00314765           
VO2         2   O V 2 1
  2     27.7537   -14.0396   0.336132   -0.0482149   0.00247797           
YO2         2   O Y 2 1
  2     26.7645   -16.447   0.399913   -0.0589164   0.00305056           
ZrO2         2   O Zr 2 1
  2     26.7934   -16.1507   0.469884   -0.0646361   0.00322772           
SO3         2   O S 3 1
  2     41.4657   -16.4982   0.600366   -0.0907221   0.00479924           
PS         2   P S 1 1
  2     12.3656   -5.43672   0.274423   -0.0388096   0.00196464           
ScS         2   S Sc 1 1
  2     13.4996   -6.48099   0.504577   -0.0731175   0.0037488           
SiS         2   S Si 1 1
  2     13.1818   -7.15469   0.193002   -0.0258256   0.00126482           
SrS         2   S Sr 1 1
  2     12.52   -5.54835   0.714051   -0.105266   0.00544913           
TiS         2   S Ti 1 1
  2     13.3157   -6.24161   0.458293   -0.0649035   0.0032788           
YS         2   S Y 1 1
  2     13.5121   -7.02514   0.511736   -0.0738574   0.00378113           
ZrS         2   S Zr 1 1
  2     13.6944   -7.40244   0.461329   -0.0630044   0.00312238           
S2         1   S 2
  2     12.9599   -5.03819   0.18027   -0.0243241   0.00120489           
Si-         2   Si el 1 1
  2     10.6289   -2.98356   0.37818   -0.0472909   0.00224051           
