#     z[km]           P[bar]         T[K]
1000
   1 0.000000000e+00 1.041201226e+00 2.8815e+02 
   2 2.002002002e-01 1.011008269e+00 2.869697278e+02 
   3 4.004004004e-01 9.816952891e-01 2.858435627e+02 
   4 6.006006006e-01 9.532365031e-01 2.846836571e+02 
   5 8.008008008e-01 9.256068885e-01 2.834920153e+02 
   6 1.001001001e+00 8.987821597e-01 2.822706418e+02 
   7 1.201201201e+00 8.727387459e-01 2.810215409e+02 
   8 1.401401401e+00 8.474537708e-01 2.797467168e+02 
   9 1.601601602e+00 8.229050311e-01 2.784481740e+02 
  10 1.801801802e+00 7.990709774e-01 2.771279167e+02 
  11 2.002002002e+00 7.759306942e-01 2.757879493e+02 
  12 2.202202202e+00 7.534638816e-01 2.744302762e+02 
  13 2.402402402e+00 7.316508368e-01 2.730569016e+02 
  14 2.602602603e+00 7.104724366e-01 2.716698300e+02 
  15 2.802802803e+00 6.899101202e-01 2.702710656e+02 
  16 3.003003003e+00 6.699458724e-01 2.688626127e+02 
  17 3.203203203e+00 6.505622078e-01 2.674464758e+02 
  18 3.403403403e+00 6.317421550e-01 2.660246592e+02 
  19 3.603603604e+00 6.134692412e-01 2.645991671e+02 
  20 3.803803804e+00 5.957274777e-01 2.631720039e+02 
  21 4.004004004e+00 5.785013456e-01 2.617451740e+02 
  22 4.204204204e+00 5.617757819e-01 2.603206970e+02 
  23 4.404404404e+00 5.455361657e-01 2.589006501e+02 
  24 4.604604605e+00 5.297683059e-01 2.574871241e+02 
  25 4.804804805e+00 5.144584275e-01 2.560822096e+02 
  26 5.005005005e+00 4.995931604e-01 2.546879976e+02 
  27 5.205205205e+00 4.851595265e-01 2.533065787e+02 
  28 5.405405405e+00 4.711449287e-01 2.519400437e+02 
  29 5.605605606e+00 4.575371395e-01 2.505904833e+02 
  30 5.805805806e+00 4.443242901e-01 2.492599884e+02 
  31 6.006006006e+00 4.314948597e-01 2.479506497e+02 
  32 6.206206206e+00 4.190376656e-01 2.466645580e+02 
  33 6.406406406e+00 4.069418527e-01 2.454038040e+02 
  34 6.606606607e+00 3.951968843e-01 2.441704785e+02 
  35 6.806806807e+00 3.837925324e-01 2.429666723e+02 
  36 7.007007007e+00 3.727188689e-01 2.417944761e+02 
  37 7.207207207e+00 3.619662565e-01 2.406555072e+02 
  38 7.407407407e+00 3.515253403e-01 2.395496781e+02 
  39 7.607607608e+00 3.413870393e-01 2.384765175e+02 
  40 7.807807808e+00 3.315425386e-01 2.374355541e+02 
  41 8.008008008e+00 3.219832814e-01 2.364263164e+02 
  42 8.208208208e+00 3.127009612e-01 2.354483333e+02 
  43 8.408408408e+00 3.036875150e-01 2.345011334e+02 
  44 8.608608609e+00 2.949351154e-01 2.335842453e+02 
  45 8.808808809e+00 2.864361644e-01 2.326971977e+02 
  46 9.009009009e+00 2.781832861e-01 2.318395193e+02 
  47 9.209209209e+00 2.701693204e-01 2.310107389e+02 
  48 9.409409409e+00 2.623873167e-01 2.302103849e+02 
  49 9.609609610e+00 2.548305275e-01 2.294379863e+02 
  50 9.809809810e+00 2.474924028e-01 2.286930715e+02 
  51 1.001001001e+01 2.403665839e-01 2.279751694e+02 
  52 1.021021021e+01 2.334468980e-01 2.272838085e+02 
  53 1.041041041e+01 2.267273529e-01 2.266185176e+02 
  54 1.061061061e+01 2.202021311e-01 2.259788253e+02 
  55 1.081081081e+01 2.138655855e-01 2.253642603e+02 
  56 1.101101101e+01 2.077122336e-01 2.247743513e+02 
  57 1.121121121e+01 2.017367531e-01 2.242086269e+02 
  58 1.141141141e+01 1.959339774e-01 2.236666159e+02 
  59 1.161161161e+01 1.902988903e-01 2.231478469e+02 
  60 1.181181181e+01 1.848266225e-01 2.226518486e+02 
  61 1.201201201e+01 1.795124463e-01 2.221781497e+02 
  62 1.221221221e+01 1.743517725e-01 2.217262788e+02 
  63 1.241241241e+01 1.693401454e-01 2.212957647e+02 
  64 1.261261261e+01 1.644732395e-01 2.208861359e+02 
  65 1.281281281e+01 1.597468553e-01 2.204969213e+02 
  66 1.301301301e+01 1.551569161e-01 2.201276494e+02 
  67 1.321321321e+01 1.506994636e-01 2.197778489e+02 
  68 1.341341341e+01 1.463706554e-01 2.194470485e+02 
  69 1.361361361e+01 1.421667607e-01 2.191347770e+02 
  70 1.381381381e+01 1.380841577e-01 2.188405629e+02 
  71 1.401401401e+01 1.341193300e-01 2.185639349e+02 
  72 1.421421421e+01 1.302688637e-01 2.183044218e+02 
  73 1.441441441e+01 1.265294444e-01 2.180615521e+02 
  74 1.461461461e+01 1.228978542e-01 2.178348547e+02 
  75 1.481481481e+01 1.193709688e-01 2.176238581e+02 
  76 1.501501502e+01 1.159457552e-01 2.174280910e+02 
  77 1.521521522e+01 1.126192682e-01 2.172470822e+02 
  78 1.541541542e+01 1.093886489e-01 2.170803602e+02 
  79 1.561561562e+01 1.062511211e-01 2.169274538e+02 
  80 1.581581582e+01 1.032039898e-01 2.167878916e+02 
  81 1.601601602e+01 1.002446381e-01 2.166612024e+02 
  82 1.621621622e+01 9.737052541e-02 2.165469147e+02 
  83 1.641641642e+01 9.457918498e-02 2.164445574e+02 
  84 1.661661662e+01 9.186822181e-02 2.163536590e+02 
  85 1.681681682e+01 8.923531051e-02 2.162737482e+02 
  86 1.701701702e+01 8.667819334e-02 2.162043537e+02 
  87 1.721721722e+01 8.419467816e-02 2.161450042e+02 
  88 1.741741742e+01 8.178263656e-02 2.160952284e+02 
  89 1.761761762e+01 7.944000196e-02 2.160545549e+02 
  90 1.781781782e+01 7.716476785e-02 2.160225124e+02 
  91 1.801801802e+01 7.495498600e-02 2.159986296e+02 
  92 1.821821822e+01 7.280876476e-02 2.159824352e+02 
  93 1.841841842e+01 7.072426743e-02 2.159734579e+02 
  94 1.861861862e+01 6.869971065e-02 2.159712262e+02 
  95 1.881881882e+01 6.673336281e-02 2.159752690e+02 
  96 1.901901902e+01 6.482354259e-02 2.159851148e+02 
  97 1.921921922e+01 6.296861746e-02 2.160002925e+02 
  98 1.941941942e+01 6.116700228e-02 2.160203305e+02 
  99 1.961961962e+01 5.941715787e-02 2.160447577e+02 
 100 1.981981982e+01 5.771758975e-02 2.160731026e+02 
 101 2.002002002e+01 5.606684675e-02 2.161048942e+02 
 102 2.022022022e+01 5.446351981e-02 2.161397986e+02 
 103 2.042042042e+01 5.290624071e-02 2.161778911e+02 
 104 2.062062062e+01 5.139368094e-02 2.162193224e+02 
 105 2.082082082e+01 4.992455045e-02 2.162642430e+02 
 106 2.102102102e+01 4.849759663e-02 2.163128039e+02 
 107 2.122122122e+01 4.711160313e-02 2.163651555e+02 
 108 2.142142142e+01 4.576538888e-02 2.164214487e+02 
 109 2.162162162e+01 4.445780701e-02 2.164818342e+02 
 110 2.182182182e+01 4.318774387e-02 2.165464626e+02 
 111 2.202202202e+01 4.195411809e-02 2.166154846e+02 
 112 2.222222222e+01 4.075587958e-02 2.166890509e+02 
 113 2.242242242e+01 3.959200868e-02 2.167673123e+02 
 114 2.262262262e+01 3.846151524e-02 2.168504194e+02 
 115 2.282282282e+01 3.736343777e-02 2.169385230e+02 
 116 2.302302302e+01 3.629684262e-02 2.170317736e+02 
 117 2.322322322e+01 3.526082315e-02 2.171303221e+02 
 118 2.342342342e+01 3.425449895e-02 2.172343191e+02 
 119 2.362362362e+01 3.327701508e-02 2.173439153e+02 
 120 2.382382382e+01 3.232754133e-02 2.174592615e+02 
 121 2.402402402e+01 3.140527151e-02 2.175805083e+02 
 122 2.422422422e+01 3.050942272e-02 2.177078063e+02 
 123 2.442442442e+01 2.963923472e-02 2.178413064e+02 
 124 2.462462462e+01 2.879396924e-02 2.179811592e+02 
 125 2.482482482e+01 2.797290934e-02 2.181275155e+02 
 126 2.502502503e+01 2.717535880e-02 2.182805258e+02 
 127 2.522522523e+01 2.640064154e-02 2.184403409e+02 
 128 2.542542543e+01 2.564810098e-02 2.186071116e+02 
 129 2.562562563e+01 2.491709954e-02 2.187809884e+02 
 130 2.582582583e+01 2.420701802e-02 2.189621222e+02 
 131 2.602602603e+01 2.351725514e-02 2.191506635e+02 
 132 2.622622623e+01 2.284722696e-02 2.193467632e+02 
 133 2.642642643e+01 2.219636638e-02 2.195505718e+02 
 134 2.662662663e+01 2.156412272e-02 2.197622402e+02 
 135 2.682682683e+01 2.094996115e-02 2.199819189e+02 
 136 2.702702703e+01 2.035336230e-02 2.202097588e+02 
 137 2.722722723e+01 1.977382177e-02 2.204459104e+02 
 138 2.742742743e+01 1.921084973e-02 2.206905245e+02 
 139 2.762762763e+01 1.866397045e-02 2.209437518e+02 
 140 2.782782783e+01 1.813272195e-02 2.212057430e+02 
 141 2.802802803e+01 1.761665556e-02 2.214766488e+02 
 142 2.822822823e+01 1.711533556e-02 2.217566198e+02 
 143 2.842842843e+01 1.662833876e-02 2.220458069e+02 
 144 2.862862863e+01 1.615525421e-02 2.223443606e+02 
 145 2.882882883e+01 1.569568277e-02 2.226524317e+02 
 146 2.902902903e+01 1.524923682e-02 2.229701709e+02 
 147 2.922922923e+01 1.481553991e-02 2.232977289e+02 
 148 2.942942943e+01 1.439422643e-02 2.236352563e+02 
 149 2.962962963e+01 1.398494130e-02 2.239829039e+02 
 150 2.982982983e+01 1.358733966e-02 2.243408224e+02 
 151 3.003003003e+01 1.320108660e-02 2.247091624e+02 
 152 3.023023023e+01 1.282585685e-02 2.250880747e+02 
 153 3.043043043e+01 1.246133448e-02 2.254777100e+02 
 154 3.063063063e+01 1.210721268e-02 2.258782189e+02 
 155 3.083083083e+01 1.176319347e-02 2.262897522e+02 
 156 3.103103103e+01 1.142898743e-02 2.267124606e+02 
 157 3.123123123e+01 1.110431348e-02 2.271464947e+02 
 158 3.143143143e+01 1.078889861e-02 2.275920053e+02 
 159 3.163163163e+01 1.048247769e-02 2.280491430e+02 
 160 3.183183183e+01 1.018479320e-02 2.285180586e+02 
 161 3.203203203e+01 9.895595011e-03 2.289989024e+02 
 162 3.223223223e+01 9.614640216e-03 2.294916794e+02 
 163 3.243243243e+01 9.341692875e-03 2.299960320e+02 
 164 3.263263263e+01 9.076523831e-03 2.305115470e+02 
 165 3.283283283e+01 8.818910515e-03 2.310378107e+02 
 166 3.303303303e+01 8.568636757e-03 2.315744100e+02 
 167 3.323323323e+01 8.325492594e-03 2.321209314e+02 
 168 3.343343343e+01 8.089274097e-03 2.326769616e+02 
 169 3.363363363e+01 7.859783198e-03 2.332420872e+02 
 170 3.383383383e+01 7.636827513e-03 2.338158947e+02 
 171 3.403403403e+01 7.420220188e-03 2.343979709e+02 
 172 3.423423423e+01 7.209779731e-03 2.349879023e+02 
 173 3.443443443e+01 7.005329862e-03 2.355852757e+02 
 174 3.463463463e+01 6.806699363e-03 2.361896775e+02 
 175 3.483483483e+01 6.613721928e-03 2.368006944e+02 
 176 3.503503504e+01 6.426236025e-03 2.374179132e+02 
 177 3.523523524e+01 6.244084759e-03 2.380409203e+02 
 178 3.543543544e+01 6.067115734e-03 2.386693024e+02 
 179 3.563563564e+01 5.895180928e-03 2.393026461e+02 
 180 3.583583584e+01 5.728136563e-03 2.399405381e+02 
 181 3.603603604e+01 5.565842986e-03 2.405825650e+02 
 182 3.623623624e+01 5.408164548e-03 2.412283135e+02 
 183 3.643643644e+01 5.254969492e-03 2.418773700e+02 
 184 3.663663664e+01 5.106129835e-03 2.425293213e+02 
 185 3.683683684e+01 4.961521263e-03 2.431837540e+02 
 186 3.703703704e+01 4.821023029e-03 2.438402547e+02 
 187 3.723723724e+01 4.684517841e-03 2.444984101e+02 
 188 3.743743744e+01 4.551891771e-03 2.451578067e+02 
 189 3.763763764e+01 4.423034156e-03 2.458180312e+02 
 190 3.783783784e+01 4.297837501e-03 2.464786703e+02 
 191 3.803803804e+01 4.176197390e-03 2.471393105e+02 
 192 3.823823824e+01 4.058012398e-03 2.477995384e+02 
 193 3.843843844e+01 3.943184006e-03 2.484589407e+02 
 194 3.863863864e+01 3.831616514e-03 2.491171041e+02 
 195 3.883883884e+01 3.723216961e-03 2.497736151e+02 
 196 3.903903904e+01 3.617895048e-03 2.504280604e+02 
 197 3.923923924e+01 3.515563062e-03 2.510800266e+02 
 198 3.943943944e+01 3.416135798e-03 2.517291003e+02 
 199 3.963963964e+01 3.319530489e-03 2.523748681e+02 
 200 3.983983984e+01 3.225666737e-03 2.530169167e+02 
 201 4.004004004e+01 3.134466444e-03 2.536548328e+02 
 202 4.024024024e+01 3.045853745e-03 2.542882028e+02 
 203 4.044044044e+01 2.959754944e-03 2.549166135e+02 
 204 4.064064064e+01 2.876098455e-03 2.555396515e+02 
 205 4.084084084e+01 2.794814736e-03 2.561569034e+02 
 206 4.104104104e+01 2.715836234e-03 2.567679558e+02 
 207 4.124124124e+01 2.639097329e-03 2.573723954e+02 
 208 4.144144144e+01 2.564534273e-03 2.579698087e+02 
 209 4.164164164e+01 2.492085141e-03 2.585597825e+02 
 210 4.184184184e+01 2.421689780e-03 2.591419032e+02 
 211 4.204204204e+01 2.353289752e-03 2.597157577e+02 
 212 4.224224224e+01 2.286828290e-03 2.602809324e+02 
 213 4.244244244e+01 2.222250248e-03 2.608370140e+02 
 214 4.264264264e+01 2.159502056e-03 2.613835892e+02 
 215 4.284284284e+01 2.098531673e-03 2.619202445e+02 
 216 4.304304304e+01 2.039288543e-03 2.624465666e+02 
 217 4.324324324e+01 1.981723555e-03 2.629621421e+02 
 218 4.344344344e+01 1.925788999e-03 2.634665577e+02 
 219 4.364364364e+01 1.871438527e-03 2.639593999e+02 
 220 4.384384384e+01 1.818627113e-03 2.644402554e+02 
 221 4.404404404e+01 1.767311017e-03 2.649087108e+02 
 222 4.424424424e+01 1.717447745e-03 2.653643528e+02 
 223 4.444444444e+01 1.668996019e-03 2.658067679e+02 
 224 4.464464464e+01 1.621915734e-03 2.662355428e+02 
 225 4.484484484e+01 1.576167931e-03 2.666502641e+02 
 226 4.504504505e+01 1.531714764e-03 2.670505185e+02 
 227 4.524524525e+01 1.488519461e-03 2.674358925e+02 
 228 4.544544545e+01 1.446546304e-03 2.678059728e+02 
 229 4.564564565e+01 1.405760589e-03 2.681603461e+02 
 230 4.584584585e+01 1.366128603e-03 2.684985989e+02 
 231 4.604604605e+01 1.327617595e-03 2.688203178e+02 
 232 4.624624625e+01 1.290195744e-03 2.691250896e+02 
 233 4.644644645e+01 1.253832139e-03 2.694125008e+02 
 234 4.664664665e+01 1.218496749e-03 2.696821380e+02 
 235 4.684684685e+01 1.184160396e-03 2.699335879e+02 
 236 4.704704705e+01 1.150794736e-03 2.701664384e+02 
 237 4.724724725e+01 1.118372230e-03 2.703804599e+02 
 238 4.744744745e+01 1.086866126e-03 2.705757927e+02 
 239 4.764764765e+01 1.056250432e-03 2.707526213e+02 
 240 4.784784785e+01 1.026499894e-03 2.709111304e+02 
 241 4.804804805e+01 9.975899810e-04 2.710515047e+02 
 242 4.824824825e+01 9.694968572e-04 2.711739289e+02 
 243 4.844844845e+01 9.421973664e-04 2.712785877e+02 
 244 4.864864865e+01 9.156690109e-04 2.713656658e+02 
 245 4.884884885e+01 8.898899335e-04 2.714353479e+02 
 246 4.904904905e+01 8.648388985e-04 2.714878186e+02 
 247 4.924924925e+01 8.404952744e-04 2.715232627e+02 
 248 4.944944945e+01 8.168390166e-04 2.715418648e+02 
 249 4.964964965e+01 7.938506505e-04 2.715438096e+02 
 250 4.984984985e+01 7.715112552e-04 2.715292818e+02 
 251 5.005005005e+01 7.498024480e-04 2.714984661e+02 
 252 5.025025025e+01 7.287063686e-04 2.714515472e+02 
 253 5.045045045e+01 7.082056645e-04 2.713887098e+02 
 254 5.065065065e+01 6.882834764e-04 2.713101385e+02 
 255 5.085085085e+01 6.689234242e-04 2.712160180e+02 
 256 5.105105105e+01 6.501095933e-04 2.711065331e+02 
 257 5.125125125e+01 6.318265212e-04 2.709818684e+02 
 258 5.145145145e+01 6.140591846e-04 2.708422086e+02 
 259 5.165165165e+01 5.967929873e-04 2.706877384e+02 
 260 5.185185185e+01 5.800137473e-04 2.705186424e+02 
 261 5.205205205e+01 5.637076857e-04 2.703351055e+02 
 262 5.225225225e+01 5.478614147e-04 2.701373122e+02 
 263 5.245245245e+01 5.324619267e-04 2.699254472e+02 
 264 5.265265265e+01 5.174965834e-04 2.696996952e+02 
 265 5.285285285e+01 5.029531053e-04 2.694602410e+02 
 266 5.305305305e+01 4.888195613e-04 2.692072691e+02 
 267 5.325325325e+01 4.750843593e-04 2.689409644e+02 
 268 5.345345345e+01 4.617362357e-04 2.686615114e+02 
 269 5.365365365e+01 4.487642468e-04 2.683690949e+02 
 270 5.385385385e+01 4.361577594e-04 2.680638995e+02 
 271 5.405405405e+01 4.239064417e-04 2.677461100e+02 
 272 5.425425425e+01 4.120002554e-04 2.674159110e+02 
 273 5.445445445e+01 4.004294464e-04 2.670734872e+02 
 274 5.465465465e+01 3.891845377e-04 2.667190234e+02 
 275 5.485485485e+01 3.782563207e-04 2.663527041e+02 
 276 5.505505506e+01 3.676358481e-04 2.659747141e+02 
 277 5.525525526e+01 3.573144261e-04 2.655852380e+02 
 278 5.545545546e+01 3.472836076e-04 2.651844606e+02 
 279 5.565565566e+01 3.375351845e-04 2.647725665e+02 
 280 5.585585586e+01 3.280611818e-04 2.643497405e+02 
 281 5.605605606e+01 3.188538502e-04 2.639161672e+02 
 282 5.625625626e+01 3.099056600e-04 2.634720312e+02 
 283 5.645645646e+01 3.012092950e-04 2.630175174e+02 
 284 5.665665666e+01 2.927576460e-04 2.625528103e+02 
 285 5.685685686e+01 2.845438055e-04 2.620780947e+02 
 286 5.705705706e+01 2.765610613e-04 2.615935552e+02 
 287 5.725725726e+01 2.688028916e-04 2.610993766e+02 
 288 5.745745746e+01 2.612629591e-04 2.605957435e+02 
 289 5.765765766e+01 2.539351059e-04 2.600828406e+02 
 290 5.785785786e+01 2.468133485e-04 2.595608526e+02 
 291 5.805805806e+01 2.398918728e-04 2.590299642e+02 
 292 5.825825826e+01 2.331650293e-04 2.584903601e+02 
 293 5.845845846e+01 2.266273282e-04 2.579422249e+02 
 294 5.865865866e+01 2.202734354e-04 2.573857434e+02 
 295 5.885885886e+01 2.140981673e-04 2.568211002e+02 
 296 5.905905906e+01 2.080964874e-04 2.562484801e+02 
 297 5.925925926e+01 2.022635013e-04 2.556680676e+02 
 298 5.945945946e+01 1.965944533e-04 2.550800475e+02 
 299 5.965965966e+01 1.910847221e-04 2.544846046e+02 
 300 5.985985986e+01 1.857298172e-04 2.538819234e+02 
 301 6.006006006e+01 1.805253749e-04 2.532721886e+02 
 302 6.026026026e+01 1.754671551e-04 2.526555850e+02 
 303 6.046046046e+01 1.705510375e-04 2.520322972e+02 
 304 6.066066066e+01 1.657730181e-04 2.514025100e+02 
 305 6.086086086e+01 1.611292063e-04 2.507664080e+02 
 306 6.106106106e+01 1.566158214e-04 2.501241758e+02 
 307 6.126126126e+01 1.522291896e-04 2.494759983e+02 
 308 6.146146146e+01 1.479657408e-04 2.488220600e+02 
 309 6.166166166e+01 1.438220058e-04 2.481625457e+02 
 310 6.186186186e+01 1.397946136e-04 2.474976400e+02 
 311 6.206206206e+01 1.358802881e-04 2.468275276e+02 
 312 6.226226226e+01 1.320758460e-04 2.461523933e+02 
 313 6.246246246e+01 1.283781937e-04 2.454724217e+02 
 314 6.266266266e+01 1.247843253e-04 2.447877975e+02 
 315 6.286286286e+01 1.212913195e-04 2.440987053e+02 
 316 6.306306306e+01 1.178963375e-04 2.434053300e+02 
 317 6.326326326e+01 1.145966207e-04 2.427078560e+02 
 318 6.346346346e+01 1.113894884e-04 2.420064683e+02 
 319 6.366366366e+01 1.082723355e-04 2.413013513e+02 
 320 6.386386386e+01 1.052426306e-04 2.405926899e+02 
 321 6.406406406e+01 1.022979135e-04 2.398806687e+02 
 322 6.426426426e+01 9.943579352e-05 2.391654724e+02 
 323 6.446446446e+01 9.665394753e-05 2.384472856e+02 
 324 6.466466466e+01 9.395011784e-05 2.377262932e+02 
 325 6.486486486e+01 9.132211046e-05 2.370026797e+02 
 326 6.506506507e+01 8.876779330e-05 2.362766298e+02 
 327 6.526526527e+01 8.628509443e-05 2.355483282e+02 
 328 6.546546547e+01 8.387200031e-05 2.348179597e+02 
 329 6.566566567e+01 8.152655421e-05 2.340857089e+02 
 330 6.586586587e+01 7.924685456e-05 2.333517605e+02 
 331 6.606606607e+01 7.703105342e-05 2.326162991e+02 
 332 6.626626627e+01 7.487735493e-05 2.318795095e+02 
 333 6.646646647e+01 7.278401386e-05 2.311415764e+02 
 334 6.666666667e+01 7.074933416e-05 2.304026844e+02 
 335 6.686686687e+01 6.877166761e-05 2.296630183e+02 
 336 6.706706707e+01 6.684941239e-05 2.289227627e+02 
 337 6.726726727e+01 6.498101187e-05 2.281821022e+02 
 338 6.746746747e+01 6.316495324e-05 2.274412217e+02 
 339 6.766766767e+01 6.139976633e-05 2.267003057e+02 
 340 6.786786787e+01 5.968402238e-05 2.259595390e+02 
 341 6.806806807e+01 5.801633286e-05 2.252191063e+02 
 342 6.826826827e+01 5.639534838e-05 2.244791922e+02 
 343 6.846846847e+01 5.481975752e-05 2.237399814e+02 
 344 6.866866867e+01 5.328828580e-05 2.230016587e+02 
 345 6.886886887e+01 5.179969464e-05 2.222644086e+02 
 346 6.906906907e+01 5.035278031e-05 2.215284159e+02 
 347 6.926926927e+01 4.894637298e-05 2.207938654e+02 
 348 6.946946947e+01 4.757933576e-05 2.200609415e+02 
 349 6.966966967e+01 4.625056372e-05 2.193298292e+02 
 350 6.986986987e+01 4.495898308e-05 2.186007129e+02 
 351 7.007007007e+01 4.370355024e-05 2.178737775e+02 
 352 7.027027027e+01 4.248325098e-05 2.171492077e+02 
 353 7.047047047e+01 4.129709961e-05 2.164271880e+02 
 354 7.067067067e+01 4.014413819e-05 2.157079032e+02 
 355 7.087087087e+01 3.902343571e-05 2.149915380e+02 
 356 7.107107107e+01 3.793408735e-05 2.142782778e+02 
 357 7.127127127e+01 3.687521374e-05 2.135683466e+02 
 358 7.147147147e+01 3.584596026e-05 2.128620251e+02 
 359 7.167167167e+01 3.484549629e-05 2.121595982e+02 
 360 7.187187187e+01 3.387301459e-05 2.114613510e+02 
 361 7.207207207e+01 3.292773061e-05 2.107675686e+02 
 362 7.227227227e+01 3.200888187e-05 2.100785359e+02 
 363 7.247247247e+01 3.111572729e-05 2.093945381e+02 
 364 7.267267267e+01 3.024754666e-05 2.087158601e+02 
 365 7.287287287e+01 2.940364000e-05 2.080427870e+02 
 366 7.307307307e+01 2.858332698e-05 2.073756038e+02 
 367 7.327327327e+01 2.778594642e-05 2.067145956e+02 
 368 7.347347347e+01 2.701085571e-05 2.060600474e+02 
 369 7.367367367e+01 2.625743028e-05 2.054122443e+02 
 370 7.387387387e+01 2.552506313e-05 2.047714712e+02 
 371 7.407407407e+01 2.481316429e-05 2.041380133e+02 
 372 7.427427427e+01 2.412116038e-05 2.035121556e+02 
 373 7.447447447e+01 2.344849411e-05 2.028941831e+02 
 374 7.467467467e+01 2.279462386e-05 2.022843808e+02 
 375 7.487487487e+01 2.215902320e-05 2.016830338e+02 
 376 7.507507508e+01 2.154118049e-05 2.010904271e+02 
 377 7.527527528e+01 2.094059847e-05 2.005068458e+02 
 378 7.547547548e+01 2.035679381e-05 1.999325750e+02 
 379 7.567567568e+01 1.978929678e-05 1.993678995e+02 
 380 7.587587588e+01 1.923765082e-05 1.988131046e+02 
 381 7.607607608e+01 1.870141218e-05 1.982684752e+02 
 382 7.627627628e+01 1.818014958e-05 1.977342963e+02 
 383 7.647647648e+01 1.767344383e-05 1.972108531e+02 
 384 7.667667668e+01 1.718088751e-05 1.966984305e+02 
 385 7.687687688e+01 1.670208464e-05 1.961973136e+02 
 386 7.707707708e+01 1.623665032e-05 1.957077874e+02 
 387 7.727727728e+01 1.578421048e-05 1.952301370e+02 
 388 7.747747748e+01 1.534440153e-05 1.947646473e+02 
 389 7.767767768e+01 1.491687008e-05 1.943116036e+02 
 390 7.787787788e+01 1.450127266e-05 1.938712907e+02 
 391 7.807807808e+01 1.409727542e-05 1.934439937e+02 
 392 7.827827828e+01 1.370455387e-05 1.930299977e+02 
 393 7.847847848e+01 1.332279264e-05 1.926295877e+02 
 394 7.867867868e+01 1.295168518e-05 1.922430488e+02 
 395 7.887887888e+01 1.259093354e-05 1.918706659e+02 
 396 7.907907908e+01 1.224024814e-05 1.915127242e+02 
 397 7.927927928e+01 1.189934750e-05 1.911695086e+02 
 398 7.947947948e+01 1.156795803e-05 1.908413042e+02 
 399 7.967967968e+01 1.124581382e-05 1.905283960e+02 
 400 7.987987988e+01 1.093265639e-05 1.902310692e+02 
 401 8.008008008e+01 1.062823453e-05 1.899496025e+02 
 402 8.028028028e+01 1.033230406e-05 1.896840382e+02 
 403 8.048048048e+01 1.004462763e-05 1.894341106e+02 
 404 8.068068068e+01 9.764974553e-06 1.891995334e+02 
 405 8.088088088e+01 9.493120600e-06 1.889800205e+02 
 406 8.108108108e+01 9.228847825e-06 1.887752856e+02 
 407 8.128128128e+01 8.971944384e-06 1.885850427e+02 
 408 8.148148148e+01 8.722204369e-06 1.884090055e+02 
 409 8.168168168e+01 8.479427637e-06 1.882468878e+02 
 410 8.188188188e+01 8.243419651e-06 1.880984033e+02 
 411 8.208208208e+01 8.013991320e-06 1.879632660e+02 
 412 8.228228228e+01 7.790958849e-06 1.878411896e+02 
 413 8.248248248e+01 7.574143589e-06 1.877318880e+02 
 414 8.268268268e+01 7.363371890e-06 1.876350748e+02 
 415 8.288288288e+01 7.158474967e-06 1.875504640e+02 
 416 8.308308308e+01 6.959288755e-06 1.874777693e+02 
 417 8.328328328e+01 6.765653785e-06 1.874167046e+02 
 418 8.348348348e+01 6.577415048e-06 1.873669836e+02 
 419 8.368368368e+01 6.394421876e-06 1.873283202e+02 
 420 8.388388388e+01 6.216527815e-06 1.873004281e+02 
 421 8.408408408e+01 6.043590510e-06 1.872830212e+02 
 422 8.428428428e+01 5.875471588e-06 1.872758132e+02 
 423 8.448448448e+01 5.712036549e-06 1.872785180e+02 
 424 8.468468468e+01 5.553154653e-06 1.872908494e+02 
 425 8.488488488e+01 5.398698821e-06 1.873125212e+02 
 426 8.508508509e+01 5.248545524e-06 1.873432472e+02 
 427 8.528528529e+01 5.102574692e-06 1.873827411e+02 
 428 8.548548549e+01 4.960669610e-06 1.874307169e+02 
 429 8.568568569e+01 4.822716830e-06 1.874868883e+02 
 430 8.588588589e+01 4.688606074e-06 1.875509690e+02 
 431 8.608608609e+01 4.558230147e-06 1.876226730e+02 
 432 8.628628629e+01 4.431484855e-06 1.877017140e+02 
 433 8.648648649e+01 4.308268912e-06 1.877878058e+02 
 434 8.668668669e+01 4.188483866e-06 1.878806623e+02 
 435 8.688688689e+01 4.072034019e-06 1.879799971e+02 
 436 8.708708709e+01 3.958826343e-06 1.880855243e+02 
 437 8.728728729e+01 3.848770415e-06 1.881969574e+02 
 438 8.748748749e+01 3.741778336e-06 1.883140104e+02 
 439 8.768768769e+01 3.637764665e-06 1.884363971e+02 
 440 8.788788789e+01 3.536646348e-06 1.885638312e+02 
 441 8.808808809e+01 3.438342651e-06 1.886960266e+02 
 442 8.828828829e+01 3.342775097e-06 1.888326970e+02 
 443 8.848848849e+01 3.249867401e-06 1.889735564e+02 
 444 8.868868869e+01 3.159545409e-06 1.891183184e+02 
 445 8.888888889e+01 3.071737038e-06 1.892666969e+02 
 446 8.908908909e+01 2.986372220e-06 1.894184056e+02 
 447 8.928928929e+01 2.903382842e-06 1.895731585e+02 
 448 8.948948949e+01 2.822702695e-06 1.897306693e+02 
 449 8.968968969e+01 2.744267418e-06 1.898906517e+02 
 450 8.988988989e+01 2.668014448e-06 1.900528197e+02 
 451 9.009009009e+01 2.593882970e-06 1.902168908e+02 
 452 9.029029029e+01 2.521813863e-06 1.903826945e+02 
 453 9.049049049e+01 2.451749662e-06 1.905501876e+02 
 454 9.069069069e+01 2.383634502e-06 1.907193342e+02 
 455 9.089089089e+01 2.317414081e-06 1.908900980e+02 
 456 9.109109109e+01 2.253035609e-06 1.910624429e+02 
 457 9.129129129e+01 2.190447774e-06 1.912363328e+02 
 458 9.149149149e+01 2.129600692e-06 1.914117316e+02 
 459 9.169169169e+01 2.070445873e-06 1.915886031e+02 
 460 9.189189189e+01 2.012936181e-06 1.917669111e+02 
 461 9.209209209e+01 1.957025795e-06 1.919466196e+02 
 462 9.229229229e+01 1.902670172e-06 1.921276925e+02 
 463 9.249249249e+01 1.849826011e-06 1.923100935e+02 
 464 9.269269269e+01 1.798451221e-06 1.924937865e+02 
 465 9.289289289e+01 1.748504885e-06 1.926787355e+02 
 466 9.309309309e+01 1.699947227e-06 1.928649043e+02 
 467 9.329329329e+01 1.652739579e-06 1.930522567e+02 
 468 9.349349349e+01 1.606844354e-06 1.932407567e+02 
 469 9.369369369e+01 1.562225014e-06 1.934303680e+02 
 470 9.389389389e+01 1.518846036e-06 1.936210546e+02 
 471 9.409409409e+01 1.476672892e-06 1.938127803e+02 
 472 9.429429429e+01 1.435672015e-06 1.940055090e+02 
 473 9.449449449e+01 1.395810773e-06 1.941992046e+02 
 474 9.469469469e+01 1.357057447e-06 1.943938309e+02 
 475 9.489489489e+01 1.319381199e-06 1.945893517e+02 
 476 9.509509510e+01 1.282752053e-06 1.947857311e+02 
 477 9.529529530e+01 1.247140868e-06 1.949829327e+02 
 478 9.549549550e+01 1.212519314e-06 1.951809206e+02 
 479 9.569569570e+01 1.178859854e-06 1.953796585e+02 
 480 9.589589590e+01 1.146135716e-06 1.955791104e+02 
 481 9.609609610e+01 1.114320874e-06 1.957792400e+02 
 482 9.629629630e+01 1.083390029e-06 1.959800113e+02 
 483 9.649649650e+01 1.053318586e-06 1.961813881e+02 
 484 9.669669670e+01 1.024082636e-06 1.963833344e+02 
 485 9.689689690e+01 9.956589362e-07 1.965858139e+02 
 486 9.709709710e+01 9.680248903e-07 1.967887905e+02 
 487 9.729729730e+01 9.411585330e-07 1.969922281e+02 
 488 9.749749750e+01 9.150385103e-07 1.971960906e+02 
 489 9.769769770e+01 8.896440635e-07 1.974003418e+02 
 490 9.789789790e+01 8.649550118e-07 1.976049456e+02 
 491 9.809809810e+01 8.409517370e-07 1.978098659e+02 
 492 9.829829830e+01 8.176151670e-07 1.980150665e+02 
 493 9.849849850e+01 7.949267612e-07 1.982205114e+02 
 494 9.869869870e+01 7.728684952e-07 1.984261642e+02 
 495 9.889889890e+01 7.514228468e-07 1.986319891e+02 
 496 9.909909910e+01 7.305727816e-07 1.988379497e+02 
 497 9.929929930e+01 7.103017397e-07 1.990440100e+02 
 498 9.949949950e+01 6.905936222e-07 1.992501338e+02 
 499 9.969969970e+01 6.714327787e-07 1.994562851e+02 
 500 9.989989990e+01 6.528039943e-07 1.996624276e+02 
 501 1.001001001e+02 6.346924779e-07 1.998685260e+02 
 502 1.003003003e+02 6.170838502e-07 2.000745623e+02 
 503 1.005005005e+02 5.999641321e-07 2.002805361e+02 
 504 1.007007007e+02 5.833197336e-07 2.004864476e+02 
 505 1.009009009e+02 5.671374432e-07 2.006922971e+02 
 506 1.011011011e+02 5.514044171e-07 2.008980847e+02 
 507 1.013013013e+02 5.361081688e-07 2.011038107e+02 
 508 1.015015015e+02 5.212365595e-07 2.013094755e+02 
 509 1.017017017e+02 5.067777882e-07 2.015150792e+02 
 510 1.019019019e+02 4.927203824e-07 2.017206220e+02 
 511 1.021021021e+02 4.790531886e-07 2.019261043e+02 
 512 1.023023023e+02 4.657653639e-07 2.021315262e+02 
 513 1.025025025e+02 4.528463671e-07 2.023368881e+02 
 514 1.027027027e+02 4.402859502e-07 2.025421901e+02 
 515 1.029029029e+02 4.280741504e-07 2.027474326e+02 
 516 1.031031031e+02 4.162012819e-07 2.029526157e+02 
 517 1.033033033e+02 4.046579287e-07 2.031577397e+02 
 518 1.035035035e+02 3.934349365e-07 2.033628049e+02 
 519 1.037037037e+02 3.825234056e-07 2.035678115e+02 
 520 1.039039039e+02 3.719146841e-07 2.037727597e+02 
 521 1.041041041e+02 3.616003605e-07 2.039776498e+02 
 522 1.043043043e+02 3.515722573e-07 2.041824821e+02 
 523 1.045045045e+02 3.418224247e-07 2.043872568e+02 
 524 1.047047047e+02 3.323431336e-07 2.045919742e+02 
 525 1.049049049e+02 3.231268701e-07 2.047966344e+02 
 526 1.051051051e+02 3.141663291e-07 2.050012378e+02 
 527 1.053053053e+02 3.054544089e-07 2.052057845e+02 
 528 1.055055055e+02 2.969842049e-07 2.054102749e+02 
 529 1.057057057e+02 2.887490048e-07 2.056147092e+02 
 530 1.059059059e+02 2.807422827e-07 2.058190876e+02 
 531 1.061061061e+02 2.729576943e-07 2.060234104e+02 
 532 1.063063063e+02 2.653890715e-07 2.062276778e+02 
 533 1.065065065e+02 2.580304179e-07 2.064318901e+02 
 534 1.067067067e+02 2.508759036e-07 2.066360475e+02 
 535 1.069069069e+02 2.439198608e-07 2.068401502e+02 
 536 1.071071071e+02 2.371567793e-07 2.070441986e+02 
 537 1.073073073e+02 2.305813021e-07 2.072481929e+02 
 538 1.075075075e+02 2.241882209e-07 2.074521333e+02 
 539 1.077077077e+02 2.179724723e-07 2.076560200e+02 
 540 1.079079079e+02 2.119291337e-07 2.078598533e+02 
 541 1.081081081e+02 2.060534190e-07 2.080636335e+02 
 542 1.083083083e+02 2.003406755e-07 2.082673608e+02 
 543 1.085085085e+02 1.947863794e-07 2.084710355e+02 
 544 1.087087087e+02 1.893861329e-07 2.086746577e+02 
 545 1.089089089e+02 1.841356603e-07 2.088782278e+02 
 546 1.091091091e+02 1.790308046e-07 2.090817460e+02 
 547 1.093093093e+02 1.740675245e-07 2.092852125e+02 
 548 1.095095095e+02 1.692418908e-07 2.094886276e+02 
 549 1.097097097e+02 1.645500835e-07 2.096919916e+02 
 550 1.099099099e+02 1.599883887e-07 2.098953046e+02 
 551 1.101101101e+02 1.555531959e-07 2.100985670e+02 
 552 1.103103103e+02 1.512409945e-07 2.103017789e+02 
 553 1.105105105e+02 1.470483717e-07 2.105049407e+02 
 554 1.107107107e+02 1.429720094e-07 2.107080525e+02 
 555 1.109109109e+02 1.390086818e-07 2.109111147e+02 
 556 1.111111111e+02 1.351552524e-07 2.111141275e+02 
 557 1.113113113e+02 1.314086720e-07 2.113170910e+02 
 558 1.115115115e+02 1.277659762e-07 2.115200057e+02 
 559 1.117117117e+02 1.242242827e-07 2.117228716e+02 
 560 1.119119119e+02 1.207807893e-07 2.119256891e+02 
 561 1.121121121e+02 1.174327717e-07 2.121284584e+02 
 562 1.123123123e+02 1.141775811e-07 2.123311798e+02 
 563 1.125125125e+02 1.110126425e-07 2.125338534e+02 
 564 1.127127127e+02 1.079354522e-07 2.127364797e+02 
 565 1.129129129e+02 1.049435760e-07 2.129390587e+02 
 566 1.131131131e+02 1.020346473e-07 2.131415908e+02 
 567 1.133133133e+02 9.920636535e-08 2.133440761e+02 
 568 1.135135135e+02 9.645649313e-08 2.135465150e+02 
 569 1.137137137e+02 9.378285575e-08 2.137489077e+02 
 570 1.139139139e+02 9.118333873e-08 2.139512544e+02 
 571 1.141141141e+02 8.865588626e-08 2.141535555e+02 
 572 1.143143143e+02 8.619849959e-08 2.143558110e+02 
 573 1.145145145e+02 8.380923548e-08 2.145580214e+02 
 574 1.147147147e+02 8.148620460e-08 2.147601867e+02 
 575 1.149149149e+02 7.922757008e-08 2.149623074e+02 
 576 1.151151151e+02 7.703154601e-08 2.151643835e+02 
 577 1.153153153e+02 7.489639608e-08 2.153664154e+02 
 578 1.155155155e+02 7.282043214e-08 2.155684034e+02 
 579 1.157157157e+02 7.080201289e-08 2.157703476e+02 
 580 1.159159159e+02 6.883954260e-08 2.159722484e+02 
 581 1.161161161e+02 6.693146981e-08 2.161741058e+02 
 582 1.163163163e+02 6.507628611e-08 2.163759204e+02 
 583 1.165165165e+02 6.327252495e-08 2.165776921e+02 
 584 1.167167167e+02 6.151876047e-08 2.167794214e+02 
 585 1.169169169e+02 5.981360638e-08 2.169811084e+02 
 586 1.171171171e+02 5.815571487e-08 2.171827534e+02 
 587 1.173173173e+02 5.654377548e-08 2.173843567e+02 
 588 1.175175175e+02 5.497651416e-08 2.175859185e+02 
 589 1.177177177e+02 5.345269218e-08 2.177874390e+02 
 590 1.179179179e+02 5.197110517e-08 2.179889185e+02 
 591 1.181181181e+02 5.053058221e-08 2.181903572e+02 
 592 1.183183183e+02 4.912998481e-08 2.183917554e+02 
 593 1.185185185e+02 4.776820611e-08 2.185931134e+02 
 594 1.187187187e+02 4.644416993e-08 2.187944313e+02 
 595 1.189189189e+02 4.515682995e-08 2.189957095e+02 
 596 1.191191191e+02 4.390516887e-08 2.191969482e+02 
 597 1.193193193e+02 4.268819761e-08 2.193981475e+02 
 598 1.195195195e+02 4.150495452e-08 2.195993079e+02 
 599 1.197197197e+02 4.035450464e-08 2.198004295e+02 
 600 1.199199199e+02 3.923593893e-08 2.200015125e+02 
 601 1.201201201e+02 3.814837355e-08 2.202025572e+02 
 602 1.203203203e+02 3.709094919e-08 2.204035640e+02 
 603 1.205205205e+02 3.606283038e-08 2.206045329e+02 
 604 1.207207207e+02 3.506320479e-08 2.208054643e+02 
 605 1.209209209e+02 3.409128265e-08 2.210063584e+02 
 606 1.211211211e+02 3.314629607e-08 2.212072154e+02 
 607 1.213213213e+02 3.222749846e-08 2.214080356e+02 
 608 1.215215215e+02 3.133416395e-08 2.216088193e+02 
 609 1.217217217e+02 3.046558677e-08 2.218095667e+02 
 610 1.219219219e+02 2.962108074e-08 2.220102781e+02 
 611 1.221221221e+02 2.879997870e-08 2.222109536e+02 
 612 1.223223223e+02 2.800163200e-08 2.224115936e+02 
 613 1.225225225e+02 2.722540996e-08 2.226121982e+02 
 614 1.227227227e+02 2.647069938e-08 2.228127678e+02 
 615 1.229229229e+02 2.573690410e-08 2.230133026e+02 
 616 1.231231231e+02 2.502344445e-08 2.232138028e+02 
 617 1.233233233e+02 2.432975685e-08 2.234142687e+02 
 618 1.235235235e+02 2.365529333e-08 2.236147005e+02 
 619 1.237237237e+02 2.299952114e-08 2.238150985e+02 
 620 1.239239239e+02 2.236192227e-08 2.240154629e+02 
 621 1.241241241e+02 2.174199309e-08 2.242157939e+02 
 622 1.243243243e+02 2.113924391e-08 2.244160919e+02 
 623 1.245245245e+02 2.055319865e-08 2.246163571e+02 
 624 1.247247247e+02 1.998339440e-08 2.248165897e+02 
 625 1.249249249e+02 1.942938108e-08 2.250167899e+02 
 626 1.251251251e+02 1.889072111e-08 2.252169580e+02 
 627 1.253253253e+02 1.836698902e-08 2.254170943e+02 
 628 1.255255255e+02 1.785777113e-08 2.256171990e+02 
 629 1.257257257e+02 1.736266526e-08 2.258172724e+02 
 630 1.259259259e+02 1.688128033e-08 2.260173146e+02 
 631 1.261261261e+02 1.641323614e-08 2.262173260e+02 
 632 1.263263263e+02 1.595816300e-08 2.264173068e+02 
 633 1.265265265e+02 1.551570149e-08 2.266172572e+02 
 634 1.267267267e+02 1.508550214e-08 2.268171775e+02 
 635 1.269269269e+02 1.466722515e-08 2.270170679e+02 
 636 1.271271271e+02 1.426054017e-08 2.272169288e+02 
 637 1.273273273e+02 1.386512599e-08 2.274167602e+02 
 638 1.275275275e+02 1.348067030e-08 2.276165626e+02 
 639 1.277277277e+02 1.310686944e-08 2.278163360e+02 
 640 1.279279279e+02 1.274342819e-08 2.280160809e+02 
 641 1.281281281e+02 1.239005948e-08 2.282157974e+02 
 642 1.283283283e+02 1.204648421e-08 2.284154857e+02 
 643 1.285285285e+02 1.171243103e-08 2.286151461e+02 
 644 1.287287287e+02 1.138763608e-08 2.288147790e+02 
 645 1.289289289e+02 1.107184284e-08 2.290143844e+02 
 646 1.291291291e+02 1.076480187e-08 2.292139627e+02 
 647 1.293293293e+02 1.046627067e-08 2.294135141e+02 
 648 1.295295295e+02 1.017601345e-08 2.296130389e+02 
 649 1.297297297e+02 9.893800944e-09 2.298125372e+02 
 650 1.299299299e+02 9.619410250e-09 2.300120094e+02 
 651 1.301301301e+02 9.352624640e-09 2.302114557e+02 
 652 1.303303303e+02 9.093233390e-09 2.304108764e+02 
 653 1.305305305e+02 8.841031616e-09 2.306102717e+02 
 654 1.307307307e+02 8.595820113e-09 2.308096418e+02 
 655 1.309309309e+02 8.357405192e-09 2.310089869e+02 
 656 1.311311311e+02 8.125598533e-09 2.312083075e+02 
 657 1.313313313e+02 7.900217035e-09 2.314076036e+02 
 658 1.315315315e+02 7.681082668e-09 2.316068755e+02 
 659 1.317317317e+02 7.468022337e-09 2.318061235e+02 
 660 1.319319319e+02 7.260867741e-09 2.320053479e+02 
 661 1.321321321e+02 7.059455243e-09 2.322045488e+02 
 662 1.323323323e+02 6.863625741e-09 2.324037266e+02 
 663 1.325325325e+02 6.673224539e-09 2.326028814e+02 
 664 1.327327327e+02 6.488101229e-09 2.328020135e+02 
 665 1.329329329e+02 6.308109569e-09 2.330011232e+02 
 666 1.331331331e+02 6.133107370e-09 2.332002108e+02 
 667 1.333333333e+02 5.962956382e-09 2.333992764e+02 
 668 1.335335335e+02 5.797522184e-09 2.335983203e+02 
 669 1.337337337e+02 5.636674080e-09 2.337973427e+02 
 670 1.339339339e+02 5.480284997e-09 2.339963440e+02 
 671 1.341341341e+02 5.328231380e-09 2.341953243e+02 
 672 1.343343343e+02 5.180393097e-09 2.343942839e+02 
 673 1.345345345e+02 5.036653346e-09 2.345932230e+02 
 674 1.347347347e+02 4.896898561e-09 2.347921420e+02 
 675 1.349349349e+02 4.761018320e-09 2.349910410e+02 
 676 1.351351351e+02 4.628905262e-09 2.351899203e+02 
 677 1.353353353e+02 4.500455000e-09 2.353887801e+02 
 678 1.355355355e+02 4.375566039e-09 2.355876207e+02 
 679 1.357357357e+02 4.254139696e-09 2.357864424e+02 
 680 1.359359359e+02 4.136080021e-09 2.359852453e+02 
 681 1.361361361e+02 4.021293723e-09 2.361840297e+02 
 682 1.363363363e+02 3.909690096e-09 2.363827960e+02 
 683 1.365365365e+02 3.801180945e-09 2.365815442e+02 
 684 1.367367367e+02 3.695680521e-09 2.367802748e+02 
 685 1.369369369e+02 3.593105447e-09 2.369789878e+02 
 686 1.371371371e+02 3.493374660e-09 2.371776836e+02 
 687 1.373373373e+02 3.396409340e-09 2.373763625e+02 
 688 1.375375375e+02 3.302132851e-09 2.375750246e+02 
 689 1.377377377e+02 3.210470681e-09 2.377736702e+02 
 690 1.379379379e+02 3.121350380e-09 2.379722995e+02 
 691 1.381381381e+02 3.034701508e-09 2.381709129e+02 
 692 1.383383383e+02 2.950455574e-09 2.383695105e+02 
 693 1.385385385e+02 2.868545987e-09 2.385680927e+02 
 694 1.387387387e+02 2.788907998e-09 2.387666596e+02 
 695 1.389389389e+02 2.711478653e-09 2.389652114e+02 
 696 1.391391391e+02 2.636196743e-09 2.391637485e+02 
 697 1.393393393e+02 2.563002753e-09 2.393622712e+02 
 698 1.395395395e+02 2.491838817e-09 2.395607795e+02 
 699 1.397397397e+02 2.422648674e-09 2.397592738e+02 
 700 1.399399399e+02 2.355377620e-09 2.399577544e+02 
 701 1.401401401e+02 2.289972466e-09 2.401562215e+02 
 702 1.403403403e+02 2.226381497e-09 2.403546753e+02 
 703 1.405405405e+02 2.164554432e-09 2.405531160e+02 
 704 1.407407407e+02 2.104442381e-09 2.407515440e+02 
 705 1.409409409e+02 2.045997810e-09 2.409499595e+02 
 706 1.411411411e+02 1.989174502e-09 2.411483627e+02 
 707 1.413413413e+02 1.933927517e-09 2.413467538e+02 
 708 1.415415415e+02 1.880213165e-09 2.415451332e+02 
 709 1.417417417e+02 1.827988964e-09 2.417435010e+02 
 710 1.419419419e+02 1.777213607e-09 2.419418576e+02 
 711 1.421421421e+02 1.727846936e-09 2.421402031e+02 
 712 1.423423423e+02 1.679849901e-09 2.423385378e+02 
 713 1.425425425e+02 1.633184536e-09 2.425368620e+02 
 714 1.427427427e+02 1.587813928e-09 2.427351758e+02 
 715 1.429429429e+02 1.543702184e-09 2.429334797e+02 
 716 1.431431431e+02 1.500814408e-09 2.431317737e+02 
 717 1.433433433e+02 1.459116668e-09 2.433300581e+02 
 718 1.435435435e+02 1.418575974e-09 2.435283333e+02 
 719 1.437437437e+02 1.379160251e-09 2.437265994e+02 
 720 1.439439439e+02 1.340838310e-09 2.439248567e+02 
 721 1.441441441e+02 1.303579828e-09 2.441231054e+02 
 722 1.443443443e+02 1.267355322e-09 2.443213458e+02 
 723 1.445445445e+02 1.232136125e-09 2.445195782e+02 
 724 1.447447447e+02 1.197894365e-09 2.447178027e+02 
 725 1.449449449e+02 1.164602942e-09 2.449160196e+02 
 726 1.451451451e+02 1.132235507e-09 2.451142292e+02 
 727 1.453453453e+02 1.100766440e-09 2.453124318e+02 
 728 1.455455455e+02 1.070170833e-09 2.455106275e+02 
 729 1.457457457e+02 1.040424467e-09 2.457088166e+02 
 730 1.459459459e+02 1.011503794e-09 2.459069994e+02 
 731 1.461461461e+02 9.833859178e-10 2.461051761e+02 
 732 1.463463463e+02 9.560485779e-10 2.463033470e+02 
 733 1.465465465e+02 9.294701302e-10 2.465015123e+02 
 734 1.467467467e+02 9.036295301e-10 2.466996722e+02 
 735 1.469469469e+02 8.785063164e-10 2.468978270e+02 
 736 1.471471471e+02 8.540805947e-10 2.470959770e+02 
 737 1.473473473e+02 8.303330220e-10 2.472941224e+02 
 738 1.475475475e+02 8.072447913e-10 2.474922634e+02 
 739 1.477477477e+02 7.847976168e-10 2.476904004e+02 
 740 1.479479479e+02 7.629737192e-10 2.478885334e+02 
 741 1.481481481e+02 7.417558123e-10 2.480866629e+02 
 742 1.483483483e+02 7.211270885e-10 2.482847890e+02 
 743 1.485485485e+02 7.010712064e-10 2.484829120e+02 
 744 1.487487487e+02 6.815722772e-10 2.486810321e+02 
 745 1.489489489e+02 6.626148524e-10 2.488791496e+02 
 746 1.491491491e+02 6.441839119e-10 2.490772647e+02 
 747 1.493493493e+02 6.262648516e-10 2.492753777e+02 
 748 1.495495495e+02 6.088434723e-10 2.494734888e+02 
 749 1.497497497e+02 5.919059683e-10 2.496715983e+02 
 750 1.499499499e+02 5.754389166e-10 2.498697064e+02 
 751 1.501501502e+02 5.594292660e-10 2.500678134e+02 
 752 1.503503504e+02 5.438643273e-10 2.502659195e+02 
 753 1.505505506e+02 5.287317629e-10 2.504640250e+02 
 754 1.507507508e+02 5.140195770e-10 2.506621300e+02 
 755 1.509509510e+02 4.997161067e-10 2.508602349e+02 
 756 1.511511512e+02 4.858100119e-10 2.510583400e+02 
 757 1.513513514e+02 4.722902673e-10 2.512564454e+02 
 758 1.515515516e+02 4.591461528e-10 2.514545513e+02 
 759 1.517517518e+02 4.463672456e-10 2.516526582e+02 
 760 1.519519520e+02 4.339434120e-10 2.518507661e+02 
 761 1.521521522e+02 4.218647990e-10 2.520488753e+02 
 762 1.523523524e+02 4.101218269e-10 2.522469862e+02 
 763 1.525525526e+02 3.987051813e-10 2.524450989e+02 
 764 1.527527528e+02 3.876058063e-10 2.526432137e+02 
 765 1.529529530e+02 3.768148969e-10 2.528413308e+02 
 766 1.531531532e+02 3.663238923e-10 2.530394505e+02 
 767 1.533533534e+02 3.561244689e-10 2.532375730e+02 
 768 1.535535536e+02 3.462085341e-10 2.534356986e+02 
 769 1.537537538e+02 3.365682194e-10 2.536338275e+02 
 770 1.539539540e+02 3.271958747e-10 2.538319600e+02 
 771 1.541541542e+02 3.180840618e-10 2.540300963e+02 
 772 1.543543544e+02 3.092255488e-10 2.542282367e+02 
 773 1.545545546e+02 3.006133045e-10 2.544263814e+02 
 774 1.547547548e+02 2.922404923e-10 2.546245307e+02 
 775 1.549549550e+02 2.841004656e-10 2.548226848e+02 
 776 1.551551552e+02 2.761867618e-10 2.550208439e+02 
 777 1.553553554e+02 2.684930975e-10 2.552190083e+02 
 778 1.555555556e+02 2.610133638e-10 2.554171783e+02 
 779 1.557557558e+02 2.537416210e-10 2.556153541e+02 
 780 1.559559560e+02 2.466720941e-10 2.558135360e+02 
 781 1.561561562e+02 2.397991683e-10 2.560117241e+02 
 782 1.563563564e+02 2.331173847e-10 2.562099188e+02 
 783 1.565565566e+02 2.266214355e-10 2.564081203e+02 
 784 1.567567568e+02 2.203061603e-10 2.566063288e+02 
 785 1.569569570e+02 2.141665418e-10 2.568045446e+02 
 786 1.571571572e+02 2.081977017e-10 2.570027679e+02 
 787 1.573573574e+02 2.023948972e-10 2.572009990e+02 
 788 1.575575576e+02 1.967535171e-10 2.573992382e+02 
 789 1.577577578e+02 1.912690778e-10 2.575974856e+02 
 790 1.579579580e+02 1.859372204e-10 2.577957416e+02 
 791 1.581581582e+02 1.807537067e-10 2.579940063e+02 
 792 1.583583584e+02 1.757144162e-10 2.581922800e+02 
 793 1.585585586e+02 1.708153427e-10 2.583905630e+02 
 794 1.587587588e+02 1.660525910e-10 2.585888556e+02 
 795 1.589589590e+02 1.614223741e-10 2.587871579e+02 
 796 1.591591592e+02 1.569210101e-10 2.589854702e+02 
 797 1.593593594e+02 1.525449190e-10 2.591837927e+02 
 798 1.595595596e+02 1.482906204e-10 2.593821258e+02 
 799 1.597597598e+02 1.441547304e-10 2.595804696e+02 
 800 1.599599600e+02 1.401339589e-10 2.597788245e+02 
 801 1.601601602e+02 1.362251072e-10 2.599771906e+02 
 802 1.603603604e+02 1.324250652e-10 2.601755681e+02 
 803 1.605605606e+02 1.287308094e-10 2.603739575e+02 
 804 1.607607608e+02 1.251393998e-10 2.605723588e+02 
 805 1.609609610e+02 1.216479784e-10 2.607707723e+02 
 806 1.611611612e+02 1.182537662e-10 2.609691984e+02 
 807 1.613613614e+02 1.149540614e-10 2.611676372e+02 
 808 1.615615616e+02 1.117462373e-10 2.613660889e+02 
 809 1.617617618e+02 1.086277400e-10 2.615645539e+02 
 810 1.619619620e+02 1.055960865e-10 2.617630324e+02 
 811 1.621621622e+02 1.026488627e-10 2.619615246e+02 
 812 1.623623624e+02 9.978372166e-11 2.621600308e+02 
 813 1.625625626e+02 9.699838133e-11 2.623585512e+02 
 814 1.627627628e+02 9.429062317e-11 2.625570860e+02 
 815 1.629629630e+02 9.165829020e-11 2.627556356e+02 
 816 1.631631632e+02 8.909928530e-11 2.629542002e+02 
 817 1.633633634e+02 8.661156960e-11 2.631527799e+02 
 818 1.635635636e+02 8.419316080e-11 2.633513752e+02 
 819 1.637637638e+02 8.184213166e-11 2.635499861e+02 
 820 1.639639640e+02 7.955660842e-11 2.637486130e+02 
 821 1.641641642e+02 7.733476939e-11 2.639472561e+02 
 822 1.643643644e+02 7.517484341e-11 2.641459156e+02 
 823 1.645645646e+02 7.307510854e-11 2.643445919e+02 
 824 1.647647648e+02 7.103389064e-11 2.645432850e+02 
 825 1.649649650e+02 6.904956206e-11 2.647419954e+02 
 826 1.651651652e+02 6.712054036e-11 2.649407233e+02 
 827 1.653653654e+02 6.524528702e-11 2.651394688e+02 
 828 1.655655656e+02 6.342230627e-11 2.653382322e+02 
 829 1.657657658e+02 6.165014389e-11 2.655370139e+02 
 830 1.659659660e+02 5.992738603e-11 2.657358139e+02 
 831 1.661661662e+02 5.825265811e-11 2.659346327e+02 
 832 1.663663664e+02 5.662462376e-11 2.661334703e+02 
 833 1.665665666e+02 5.504198370e-11 2.663323272e+02 
 834 1.667667668e+02 5.350347475e-11 2.665312035e+02 
 835 1.669669670e+02 5.200786883e-11 2.667300994e+02 
 836 1.671671672e+02 5.055397197e-11 2.669290153e+02 
 837 1.673673674e+02 4.914062337e-11 2.671279513e+02 
 838 1.675675676e+02 4.776669448e-11 2.673269077e+02 
 839 1.677677678e+02 4.643108811e-11 2.675258849e+02 
 840 1.679679680e+02 4.513273755e-11 2.677248829e+02 
 841 1.681681682e+02 4.387060574e-11 2.679239020e+02 
 842 1.683683684e+02 4.264368442e-11 2.681229426e+02 
 843 1.685685686e+02 4.145099337e-11 2.683220048e+02 
 844 1.687687688e+02 4.029157960e-11 2.685210890e+02 
 845 1.689689690e+02 3.916451659e-11 2.687201952e+02 
 846 1.691691692e+02 3.806890359e-11 2.689193239e+02 
 847 1.693693694e+02 3.700386488e-11 2.691184752e+02 
 848 1.695695696e+02 3.596854907e-11 2.693176494e+02 
 849 1.697697698e+02 3.496212846e-11 2.695168468e+02 
 850 1.699699700e+02 3.398379832e-11 2.697160675e+02 
 851 1.701701702e+02 3.303277632e-11 2.699153119e+02 
 852 1.703703704e+02 3.210830187e-11 2.701145801e+02 
 853 1.705705706e+02 3.120963551e-11 2.703138725e+02 
 854 1.707707708e+02 3.033605836e-11 2.705131892e+02 
 855 1.709709710e+02 2.948687153e-11 2.707125306e+02 
 856 1.711711712e+02 2.866139553e-11 2.709118968e+02 
 857 1.713713714e+02 2.785896978e-11 2.711112882e+02 
 858 1.715715716e+02 2.707895209e-11 2.713107049e+02 
 859 1.717717718e+02 2.632071811e-11 2.715101473e+02 
 860 1.719719720e+02 2.558366083e-11 2.717096155e+02 
 861 1.721721722e+02 2.486719016e-11 2.719091098e+02 
 862 1.723723724e+02 2.417073240e-11 2.721086305e+02 
 863 1.725725726e+02 2.349372982e-11 2.723081778e+02 
 864 1.727727728e+02 2.283564017e-11 2.725077519e+02 
 865 1.729729730e+02 2.219593634e-11 2.727073532e+02 
 866 1.731731732e+02 2.157410582e-11 2.729069817e+02 
 867 1.733733734e+02 2.096965040e-11 2.731066379e+02 
 868 1.735735736e+02 2.038208571e-11 2.733063220e+02 
 869 1.737737738e+02 1.981094087e-11 2.735060341e+02 
 870 1.739739740e+02 1.925575809e-11 2.737057745e+02 
 871 1.741741742e+02 1.871609232e-11 2.739055436e+02 
 872 1.743743744e+02 1.819151088e-11 2.741053415e+02 
 873 1.745745746e+02 1.768159317e-11 2.743051684e+02 
 874 1.747747748e+02 1.718593024e-11 2.745050247e+02 
 875 1.749749750e+02 1.670412457e-11 2.747049106e+02 
 876 1.751751752e+02 1.623578967e-11 2.749048263e+02 
 877 1.753753754e+02 1.578054982e-11 2.751047720e+02 
 878 1.755755756e+02 1.533803976e-11 2.753047481e+02 
 879 1.757757758e+02 1.490790439e-11 2.755047548e+02 
 880 1.759759760e+02 1.448979850e-11 2.757047923e+02 
 881 1.761761762e+02 1.408338647e-11 2.759048608e+02 
 882 1.763763764e+02 1.368834207e-11 2.761049606e+02 
 883 1.765765766e+02 1.330434809e-11 2.763050921e+02 
 884 1.767767768e+02 1.293109621e-11 2.765052553e+02 
 885 1.769769770e+02 1.256828666e-11 2.767054505e+02 
 886 1.771771772e+02 1.221562802e-11 2.769056781e+02 
 887 1.773773774e+02 1.187283700e-11 2.771059382e+02 
 888 1.775775776e+02 1.153963819e-11 2.773062311e+02 
 889 1.777777778e+02 1.121576384e-11 2.775065571e+02 
 890 1.779779780e+02 1.090095367e-11 2.777069164e+02 
 891 1.781781782e+02 1.059495466e-11 2.779073092e+02 
 892 1.783783784e+02 1.029752080e-11 2.781077357e+02 
 893 1.785785786e+02 1.000841298e-11 2.783081964e+02 
 894 1.787787788e+02 9.727398709e-12 2.785086913e+02 
 895 1.789789790e+02 9.454252000e-12 2.787092207e+02 
 896 1.791791792e+02 9.188753151e-12 2.789097849e+02 
 897 1.793793794e+02 8.930688584e-12 2.791103842e+02 
 898 1.795795796e+02 8.679850669e-12 2.793110187e+02 
 899 1.797797798e+02 8.436037566e-12 2.795116887e+02 
 900 1.799799800e+02 8.199053055e-12 2.797123945e+02 
 901 1.801801802e+02 7.968706388e-12 2.799131363e+02 
 902 1.803803804e+02 7.744812130e-12 2.801139144e+02 
 903 1.805805806e+02 7.527190016e-12 2.803147290e+02 
 904 1.807807808e+02 7.315664805e-12 2.805155804e+02 
 905 1.809809810e+02 7.110066140e-12 2.807164688e+02 
 906 1.811811812e+02 6.910228414e-12 2.809173944e+02 
 907 1.813813814e+02 6.715990636e-12 2.811183575e+02 
 908 1.815815816e+02 6.527196303e-12 2.813193584e+02 
 909 1.817817818e+02 6.343693277e-12 2.815203973e+02 
 910 1.819819820e+02 6.165333659e-12 2.817214744e+02 
 911 1.821821822e+02 5.991973677e-12 2.819225900e+02 
 912 1.823823824e+02 5.823473566e-12 2.821237444e+02 
 913 1.825825826e+02 5.659697460e-12 2.823249377e+02 
 914 1.827827828e+02 5.500513281e-12 2.825261703e+02 
 915 1.829829830e+02 5.345792636e-12 2.827274424e+02 
 916 1.831831832e+02 5.195410713e-12 2.829287542e+02 
 917 1.833833834e+02 5.049246181e-12 2.831301059e+02 
 918 1.835835836e+02 4.907181093e-12 2.833314980e+02 
 919 1.837837838e+02 4.769100794e-12 2.835329304e+02 
 920 1.839839840e+02 4.634893826e-12 2.837344036e+02 
 921 1.841841842e+02 4.504451843e-12 2.839359178e+02 
 922 1.843843844e+02 4.377669519e-12 2.841374732e+02 
 923 1.845845846e+02 4.254444471e-12 2.843390701e+02 
 924 1.847847848e+02 4.134677170e-12 2.845407087e+02 
 925 1.849849850e+02 4.018270865e-12 2.847423892e+02 
 926 1.851851852e+02 3.905131507e-12 2.849441119e+02 
 927 1.853853854e+02 3.795167672e-12 2.851458771e+02 
 928 1.855855856e+02 3.688290485e-12 2.853476851e+02 
 929 1.857857858e+02 3.584413554e-12 2.855495359e+02 
 930 1.859859860e+02 3.483452900e-12 2.857514300e+02 
 931 1.861861862e+02 3.385326887e-12 2.859533675e+02 
 932 1.863863864e+02 3.289956159e-12 2.861553487e+02 
 933 1.865865866e+02 3.197263574e-12 2.863573738e+02 
 934 1.867867868e+02 3.107174147e-12 2.865594432e+02 
 935 1.869869870e+02 3.019614985e-12 2.867615569e+02 
 936 1.871871872e+02 2.934515232e-12 2.869637154e+02 
 937 1.873873874e+02 2.851806009e-12 2.871659188e+02 
 938 1.875875876e+02 2.771420363e-12 2.873681674e+02 
 939 1.877877878e+02 2.693293211e-12 2.875704614e+02 
 940 1.879879880e+02 2.617361288e-12 2.877728010e+02 
 941 1.881881882e+02 2.543563094e-12 2.879751866e+02 
 942 1.883883884e+02 2.471838851e-12 2.881776184e+02 
 943 1.885885886e+02 2.402130450e-12 2.883800966e+02 
 944 1.887887888e+02 2.334381404e-12 2.885826215e+02 
 945 1.889889890e+02 2.268536806e-12 2.887851932e+02 
 946 1.891891892e+02 2.204543284e-12 2.889878122e+02 
 947 1.893893894e+02 2.142348957e-12 2.891904785e+02 
 948 1.895895896e+02 2.081903393e-12 2.893931925e+02 
 949 1.897897898e+02 2.023157573e-12 2.895959544e+02 
 950 1.899899900e+02 1.966063844e-12 2.897987645e+02 
 951 1.901901902e+02 1.910575888e-12 2.900016230e+02 
 952 1.903903904e+02 1.856648682e-12 2.902045301e+02 
 953 1.905905906e+02 1.804238461e-12 2.904074861e+02 
 954 1.907907908e+02 1.753302683e-12 2.906104912e+02 
 955 1.909909910e+02 1.703799998e-12 2.908135458e+02 
 956 1.911911912e+02 1.655690211e-12 2.910166500e+02 
 957 1.913913914e+02 1.608934250e-12 2.912198040e+02 
 958 1.915915916e+02 1.563494138e-12 2.914230082e+02 
 959 1.917917918e+02 1.519332960e-12 2.916262628e+02 
 960 1.919919920e+02 1.476414832e-12 2.918295680e+02 
 961 1.921921922e+02 1.434704876e-12 2.920329241e+02 
 962 1.923923924e+02 1.394169189e-12 2.922363313e+02 
 963 1.925925926e+02 1.354774816e-12 2.924397899e+02 
 964 1.927927928e+02 1.316489724e-12 2.926433002e+02 
 965 1.929929930e+02 1.279282779e-12 2.928468622e+02 
 966 1.931931932e+02 1.243123715e-12 2.930504764e+02 
 967 1.933933934e+02 1.207983116e-12 2.932541430e+02 
 968 1.935935936e+02 1.173832386e-12 2.934578622e+02 
 969 1.937937938e+02 1.140643734e-12 2.936616342e+02 
 970 1.939939940e+02 1.108390143e-12 2.938654593e+02 
 971 1.941941942e+02 1.077045354e-12 2.940693378e+02 
 972 1.943943944e+02 1.046583843e-12 2.942732699e+02 
 973 1.945945946e+02 1.016980803e-12 2.944772559e+02 
 974 1.947947948e+02 9.882121166e-13 2.946812959e+02 
 975 1.949949950e+02 9.602543468e-13 2.948853903e+02 
 976 1.951951952e+02 9.330847107e-13 2.950895393e+02 
 977 1.953953954e+02 9.066810637e-13 2.952937431e+02 
 978 1.955955956e+02 8.810218821e-13 2.954980020e+02 
 979 1.957957958e+02 8.560862446e-13 2.957023162e+02 
 980 1.959959960e+02 8.318538165e-13 2.959066860e+02 
 981 1.961961962e+02 8.083048326e-13 2.961111117e+02 
 982 1.963963964e+02 7.854200817e-13 2.963155934e+02 
 983 1.965965966e+02 7.631808908e-13 2.965201315e+02 
 984 1.967967968e+02 7.415691104e-13 2.967247261e+02 
 985 1.969969970e+02 7.205670996e-13 2.969293776e+02 
 986 1.971971972e+02 7.001577121e-13 2.971340861e+02 
 987 1.973973974e+02 6.803242820e-13 2.973388519e+02 
 988 1.975975976e+02 6.610506109e-13 2.975436754e+02 
 989 1.977977978e+02 6.423209545e-13 2.977485566e+02 
 990 1.979979980e+02 6.241200098e-13 2.979534958e+02 
 991 1.981981982e+02 6.064329030e-13 2.981584934e+02 
 992 1.983983984e+02 5.892451776e-13 2.983635496e+02 
 993 1.985985986e+02 5.725427823e-13 2.985686645e+02 
 994 1.987987988e+02 5.563120600e-13 2.987738385e+02 
 995 1.989989990e+02 5.405397368e-13 2.989790718e+02 
 996 1.991991992e+02 5.252129110e-13 2.991843646e+02 
 997 1.993993994e+02 5.103190431e-13 2.993897173e+02 
 998 1.995995996e+02 4.958459451e-13 2.995951300e+02 
 999 1.997997998e+02 4.817817713e-13 2.998006029e+02 
1000 2.000000000e+02 4.681150083e-13 3.000061364e+02 
