level, P(bar), T(K),  CH4, H2O, NH3, CO, N2, H, H2, He, H-, e-
  1  0.30000E-03  156.93 0.246E-02 0.119E-05 0.549E-03 0.105E-19 0.635E-19 0.105E-19 0.834E+00 0.163E+00 0.105E-19 0.647-134
  2  0.39870E-03  148.51 0.246E-02 0.969E-07 0.533E-03 0.105E-19 0.105E-19 0.105E-19 0.834E+00 0.163E+00 0.105E-19 0.620-143
  3  0.75370E-03  145.35 0.246E-02 0.209E-07 0.532E-03 0.105E-19 0.105E-19 0.105E-19 0.834E+00 0.163E+00 0.105E-19 0.316-143
  4  0.94900E-03  147.69 0.246E-02 0.324E-07 0.532E-03 0.105E-19 0.105E-19 0.105E-19 0.834E+00 0.163E+00 0.105E-19 0.405-143
  5  0.11947E-02  153.00 0.246E-02 0.109E-06 0.535E-03 0.105E-19 0.145E-19 0.105E-19 0.834E+00 0.163E+00 0.105E-19 0.168-134
  6  0.15042E-02  158.29 0.246E-02 0.331E-06 0.538E-03 0.105E-19 0.200E-19 0.105E-19 0.834E+00 0.163E+00 0.105E-19 0.396-134
  7  0.18938E-02  161.49 0.246E-02 0.567E-06 0.542E-03 0.105E-19 0.257E-19 0.105E-19 0.834E+00 0.163E+00 0.105E-19 0.661-127
  8  0.23843E-02  162.65 0.246E-02 0.591E-06 0.541E-03 0.105E-19 0.251E-19 0.105E-19 0.834E+00 0.163E+00 0.105E-19 0.973-127
  9  0.30018E-02  162.02 0.246E-02 0.406E-06 0.536E-03 0.105E-19 0.160E-19 0.105E-19 0.834E+00 0.163E+00 0.105E-19 0.595-127
 10  0.37792E-02  159.88 0.246E-02 0.194E-06 0.533E-03 0.105E-19 0.105E-19 0.105E-19 0.834E+00 0.163E+00 0.105E-19 0.256-134
 11  0.47581E-02  156.49 0.246E-02 0.670E-07 0.533E-03 0.105E-19 0.105E-19 0.105E-19 0.834E+00 0.163E+00 0.105E-19 0.155-134
 12  0.59904E-02  152.06 0.246E-02 0.170E-07 0.532E-03 0.105E-19 0.105E-19 0.105E-19 0.834E+00 0.163E+00 0.105E-19 0.455-135
 13  0.75419E-02  146.56 0.246E-02 0.295E-08 0.532E-03 0.105E-19 0.105E-19 0.105E-19 0.834E+00 0.163E+00 0.105E-19 0.109-143
 14  0.94953E-02  137.90 0.246E-02 0.168E-09 0.524E-03 0.105E-19 0.105E-19 0.105E-19 0.834E+00 0.163E+00 0.105E-19 0.505-154
 15  0.11954E-01  120.26 0.246E-02 0.193E-12 0.419E-04 0.105E-19 0.105E-19 0.105E-19 0.835E+00 0.163E+00 0.105E-19 0.168-167
 16  0.15051E-01  105.95 0.246E-02 0.153E-15 0.548E-06 0.105E-19 0.105E-19 0.105E-19 0.835E+00 0.163E+00 0.105E-19 0.957-198
 17  0.18949E-01  108.81 0.246E-02 0.560E-15 0.108E-05 0.105E-19 0.105E-19 0.105E-19 0.835E+00 0.163E+00 0.105E-19 0.112-197
 18  0.23857E-01  114.73 0.246E-02 0.823E-14 0.485E-05 0.105E-19 0.105E-19 0.105E-19 0.835E+00 0.163E+00 0.105E-19 0.563-181
 19  0.30035E-01  118.89 0.246E-02 0.425E-13 0.117E-04 0.105E-19 0.105E-19 0.105E-19 0.835E+00 0.163E+00 0.105E-19 0.720-181
 20  0.37815E-01  119.72 0.246E-02 0.484E-13 0.116E-04 0.105E-19 0.105E-19 0.105E-19 0.835E+00 0.163E+00 0.105E-19 0.677-181
 21  0.59939E-01  115.05 0.246E-02 0.380E-14 0.211E-05 0.105E-19 0.105E-19 0.105E-19 0.835E+00 0.163E+00 0.105E-19 0.253-181
 22  0.75464E-01  112.04 0.246E-02 0.717E-15 0.713E-06 0.105E-19 0.105E-19 0.105E-19 0.835E+00 0.163E+00 0.105E-19 0.814-182
 23  0.90009E-01  110.88 0.246E-02 0.339E-15 0.425E-06 0.105E-19 0.105E-19 0.105E-19 0.835E+00 0.163E+00 0.105E-19 0.276-182
 24  0.10000E+00  110.03 0.246E-02 0.199E-15 0.297E-06 0.105E-19 0.105E-19 0.105E-19 0.835E+00 0.163E+00 0.105E-19 0.811-184
 25  0.12962E+00  110.06 0.246E-02 0.155E-15 0.231E-06 0.105E-19 0.105E-19 0.105E-19 0.835E+00 0.163E+00 0.105E-19 0.129-183
 26  0.15060E+00  110.33 0.246E-02 0.154E-15 0.216E-06 0.105E-19 0.105E-19 0.105E-19 0.835E+00 0.163E+00 0.105E-19 0.650-183
 27  0.18960E+00  111.72 0.246E-02 0.244E-15 0.259E-06 0.105E-19 0.105E-19 0.105E-19 0.835E+00 0.163E+00 0.105E-19 0.273-182
 28  0.23871E+00  114.01 0.246E-02 0.585E-15 0.396E-06 0.105E-19 0.105E-19 0.105E-19 0.835E+00 0.163E+00 0.105E-19 0.480-182
 29  0.30053E+00  117.28 0.246E-02 0.209E-14 0.771E-06 0.105E-19 0.105E-19 0.105E-19 0.835E+00 0.163E+00 0.105E-19 0.598-182
 30  0.37837E+00  121.77 0.246E-02 0.115E-13 0.193E-05 0.105E-19 0.105E-19 0.105E-19 0.835E+00 0.163E+00 0.105E-19 0.364-168
 31  0.47637E+00  127.47 0.246E-02 0.870E-13 0.586E-05 0.105E-19 0.105E-19 0.105E-19 0.835E+00 0.163E+00 0.105E-19 0.124-167
 32  0.59975E+00  137.32 0.246E-02 0.220E-11 0.365E-04 0.105E-19 0.105E-19 0.105E-19 0.835E+00 0.163E+00 0.105E-19 0.237-155
 33  0.68000E+00  143.03 0.246E-02 0.116E-10 0.908E-04 0.105E-19 0.105E-19 0.105E-19 0.835E+00 0.163E+00 0.105E-19 0.438-145
 34  0.75508E+00  147.98 0.246E-02 0.441E-10 0.188E-03 0.105E-19 0.105E-19 0.105E-19 0.835E+00 0.163E+00 0.105E-19 0.100-144
 35  0.88065E+00  155.56 0.246E-02 0.286E-09 0.372E-03 0.105E-19 0.105E-19 0.105E-19 0.834E+00 0.163E+00 0.105E-19 0.964-136
 36  0.10000E+01  162.09 0.246E-02 0.124E-08 0.532E-03 0.105E-19 0.105E-19 0.105E-19 0.834E+00 0.163E+00 0.105E-19 0.333-128
 37  0.12476E+01  174.10 0.246E-02 0.136E-07 0.532E-03 0.105E-19 0.105E-19 0.105E-19 0.834E+00 0.163E+00 0.105E-19 0.747-121
 38  0.15069E+01  184.97 0.246E-02 0.896E-07 0.532E-03 0.105E-19 0.105E-19 0.105E-19 0.834E+00 0.163E+00 0.105E-19 0.188-114
 39  0.18971E+01  199.05 0.246E-02 0.748E-06 0.533E-03 0.105E-19 0.108E-19 0.105E-19 0.834E+00 0.163E+00 0.105E-19 0.157-108
 40  0.23885E+01  214.05 0.246E-02 0.518E-05 0.576E-03 0.105E-19 0.270E-18 0.105E-19 0.834E+00 0.163E+00 0.105E-19 0.306E-87
 41  0.30071E+01  230.03 0.246E-02 0.302E-04 0.623E-03 0.105E-19 0.484E-17 0.105E-19 0.834E+00 0.163E+00 0.105E-19 0.528E-87
 42  0.37860E+01  247.03 0.246E-02 0.151E-03 0.669E-03 0.105E-19 0.519E-16 0.105E-19 0.834E+00 0.163E+00 0.105E-19 0.704E-87
 43  0.45000E+01  260.50 0.246E-02 0.460E-03 0.676E-03 0.105E-19 0.335E-15 0.105E-19 0.833E+00 0.163E+00 0.105E-19 0.243E-79
 44  0.55000E+01  276.96 0.245E-02 0.143E-02 0.676E-03 0.105E-19 0.279E-14 0.105E-19 0.833E+00 0.162E+00 0.105E-19 0.164E-73
 45  0.66000E+01  292.74 0.245E-02 0.269E-02 0.675E-03 0.105E-19 0.166E-13 0.105E-19 0.831E+00 0.162E+00 0.105E-19 0.128E-72
 46  0.81000E+01  311.45 0.245E-02 0.378E-02 0.674E-03 0.105E-19 0.110E-12 0.105E-19 0.831E+00 0.162E+00 0.105E-19 0.403E-43
 47  0.10000E+02  331.87 0.245E-02 0.378E-02 0.674E-03 0.105E-19 0.671E-12 0.105E-19 0.831E+00 0.162E+00 0.105E-19 0.654E-43
 48  0.11976E+02  350.34 0.245E-02 0.355E-02 0.675E-03 0.105E-19 0.282E-11 0.105E-19 0.831E+00 0.162E+00 0.105E-19 0.859E-43
 49  0.15078E+02  375.39 0.245E-02 0.354E-02 0.675E-03 0.105E-19 0.153E-10 0.105E-19 0.831E+00 0.162E+00 0.105E-19 0.986E-43
 50  0.18983E+02  402.19 0.245E-02 0.378E-02 0.674E-03 0.124E-19 0.720E-10 0.105E-19 0.831E+00 0.162E+00 0.105E-19 0.908E-35
 51  0.23899E+02  430.85 0.245E-02 0.378E-02 0.674E-03 0.741E-19 0.318E-09 0.105E-19 0.831E+00 0.162E+00 0.105E-19 0.868E-34
 52  0.30089E+02  461.53 0.245E-02 0.378E-02 0.674E-03 0.293E-18 0.124E-08 0.105E-19 0.831E+00 0.162E+00 0.105E-19 0.101E-33
 53  0.37882E+02  494.36 0.245E-02 0.378E-02 0.674E-03 0.794E-18 0.424E-08 0.105E-19 0.831E+00 0.162E+00 0.105E-19 0.123E-33
 54  0.44693E+02  519.35 0.245E-02 0.378E-02 0.674E-03 0.490E-17 0.993E-08 0.512E-19 0.831E+00 0.162E+00 0.105E-19 0.431E-26
 55  0.51046E+02  540.34 0.245E-02 0.378E-02 0.673E-03 0.264E-16 0.190E-07 0.245E-18 0.831E+00 0.162E+00 0.105E-19 0.797E-26
 56  0.58598E+02  563.01 0.245E-02 0.378E-02 0.673E-03 0.140E-15 0.360E-07 0.114E-17 0.831E+00 0.162E+00 0.105E-19 0.109E-25
 57  0.65178E+02  581.14 0.245E-02 0.378E-02 0.673E-03 0.480E-15 0.573E-07 0.351E-17 0.831E+00 0.162E+00 0.105E-19 0.126E-25
 58  0.72000E+02  598.61 0.245E-02 0.378E-02 0.673E-03 0.146E-14 0.870E-07 0.964E-17 0.831E+00 0.162E+00 0.105E-19 0.138E-25
 59  0.80864E+02  619.65 0.245E-02 0.378E-02 0.673E-03 0.508E-14 0.138E-06 0.297E-16 0.831E+00 0.162E+00 0.105E-19 0.147E-25
 60  0.90132E+02  639.97 0.245E-02 0.378E-02 0.673E-03 0.156E-13 0.209E-06 0.809E-16 0.831E+00 0.162E+00 0.105E-19 0.150E-25
 61  0.95068E+02  650.19 0.245E-02 0.378E-02 0.674E-03 0.266E-13 0.254E-06 0.131E-15 0.831E+00 0.162E+00 0.105E-19 0.887E-24

