#     z[km]           P[bar]         T[K]
 300
   1 0.000000000e+00 7.971071309e+01 7.355578344e+02 
   2 8.361204013e-01 7.691542284e+01 7.292683641e+02 
   3 1.672240803e+00 7.416347877e+01 7.229452543e+02 
   4 2.508361204e+00 7.145529734e+01 7.165896866e+02 
   5 3.344481605e+00 6.879140798e+01 7.102028431e+02 
   6 4.180602007e+00 6.617244006e+01 7.037859057e+02 
   7 5.016722408e+00 6.359910974e+01 6.973400562e+02 
   8 5.852842809e+00 6.107220680e+01 6.908664765e+02 
   9 6.688963211e+00 5.859258149e+01 6.843663485e+02 
  10 7.525083612e+00 5.616113140e+01 6.778408541e+02 
  11 8.361204013e+00 5.377878833e+01 6.712911753e+02 
  12 9.197324415e+00 5.144650546e+01 6.647184938e+02 
  13 1.003344482e+01 4.916524450e+01 6.581239917e+02 
  14 1.086956522e+01 4.693596324e+01 6.515088507e+02 
  15 1.170568562e+01 4.475960332e+01 6.448742528e+02 
  16 1.254180602e+01 4.263707841e+01 6.382213799e+02 
  17 1.337792642e+01 4.056926280e+01 6.315514139e+02 
  18 1.421404682e+01 3.855698048e+01 6.248655366e+02 
  19 1.505016722e+01 3.660099485e+01 6.181649300e+02 
  20 1.588628763e+01 3.470199899e+01 6.114507760e+02 
  21 1.672240803e+01 3.286060666e+01 6.047242563e+02 
  22 1.755852843e+01 3.107734405e+01 5.979865530e+02 
  23 1.839464883e+01 2.935264232e+01 5.912388480e+02 
  24 1.923076923e+01 2.768683102e+01 5.844823231e+02 
  25 2.006688963e+01 2.608013242e+01 5.777181601e+02 
  26 2.090301003e+01 2.453265671e+01 5.709475412e+02 
  27 2.173913043e+01 2.304439825e+01 5.641716480e+02 
  28 2.257525084e+01 2.161523275e+01 5.573916625e+02 
  29 2.341137124e+01 2.024491546e+01 5.506087666e+02 
  30 2.424749164e+01 1.893308041e+01 5.438241421e+02 
  31 2.508361204e+01 1.767924054e+01 5.370389711e+02 
  32 2.591973244e+01 1.648278892e+01 5.302544354e+02 
  33 2.675585284e+01 1.534300086e+01 5.234717168e+02 
  34 2.759197324e+01 1.425903697e+01 5.166919972e+02 
  35 2.842809365e+01 1.322994708e+01 5.099164586e+02 
  36 2.926421405e+01 1.225467502e+01 5.031462829e+02 
  37 3.010033445e+01 1.133206412e+01 4.963826519e+02 
  38 3.093645485e+01 1.046086347e+01 4.896267476e+02 
  39 3.177257525e+01 9.639734758e+00 4.828797518e+02 
  40 3.260869565e+01 8.867259678e+00 4.761428464e+02 
  41 3.344481605e+01 8.141947834e+00 4.694172133e+02 
  42 3.428093645e+01 7.462244989e+00 4.627040344e+02 
  43 3.511705686e+01 6.826541627e+00 4.560044916e+02 
  44 3.595317726e+01 6.233181716e+00 4.493197669e+02 
  45 3.678929766e+01 5.680471588e+00 4.426510420e+02 
  46 3.762541806e+01 5.166688846e+00 4.359994989e+02 
  47 3.846153846e+01 4.690091210e+00 4.293663195e+02 
  48 3.929765886e+01 4.248925222e+00 4.227526856e+02 
  49 4.013377926e+01 3.841434732e+00 4.161597792e+02 
  50 4.096989967e+01 3.465869085e+00 4.095887822e+02 
  51 4.180602007e+01 3.120490953e+00 4.030408764e+02 
  52 4.264214047e+01 2.803583740e+00 3.965172438e+02 
  53 4.347826087e+01 2.513458516e+00 3.900190662e+02 
  54 4.431438127e+01 2.248460428e+00 3.835475256e+02 
  55 4.515050167e+01 2.006974554e+00 3.771038037e+02 
  56 4.598662207e+01 1.787431173e+00 3.706890826e+02 
  57 4.682274247e+01 1.588310427e+00 3.643045441e+02 
  58 4.765886288e+01 1.408146359e+00 3.579513702e+02 
  59 4.849498328e+01 1.245530337e+00 3.516307426e+02 
  60 4.933110368e+01 1.099113849e+00 3.453438433e+02 
  61 5.016722408e+01 9.676108060e-01 3.390918696e+02 
  62 5.100334448e+01 8.498194013e-01 3.328792836e+02 
  63 5.183946488e+01 7.446325437e-01 3.267178313e+02 
  64 5.267558528e+01 6.509857946e-01 3.206202446e+02 
  65 5.351170569e+01 5.678581027e-01 3.145992553e+02 
  66 5.434782609e+01 4.942784174e-01 3.086675951e+02 
  67 5.518394649e+01 4.293304203e-01 3.028379957e+02 
  68 5.602006689e+01 3.721555997e-01 2.971231889e+02 
  69 5.685618729e+01 3.219548899e-01 2.915359065e+02 
  70 5.769230769e+01 2.779890906e-01 2.860888802e+02 
  71 5.852842809e+01 2.395782721e-01 2.807948418e+02 
  72 5.936454849e+01 2.061003555e-01 2.756665230e+02 
  73 6.020066890e+01 1.769890422e-01 2.707165993e+02 
  74 6.103678930e+01 1.517312485e-01 2.659502094e+02 
  75 6.187290970e+01 1.298641827e-01 2.613574454e+02 
  76 6.270903010e+01 1.109721841e-01 2.569266128e+02 
  77 6.354515050e+01 9.468342533e-02 2.526460165e+02 
  78 6.438127090e+01 8.066656370e-02 2.485039620e+02 
  79 6.521739130e+01 6.862741943e-02 2.444887840e+02 
  80 6.605351171e+01 5.830656145e-02 2.405920602e+02 
  81 6.688963211e+01 4.947616692e-02 2.368114965e+02 
  82 6.772575251e+01 4.193513652e-02 2.331454798e+02 
  83 6.856187291e+01 3.550651280e-02 2.295923968e+02 
  84 6.939799331e+01 3.003519602e-02 2.261506343e+02 
  85 7.023411371e+01 2.538574746e-02 2.228185791e+02 
  86 7.107023411e+01 2.144030802e-02 2.195946179e+02 
  87 7.190635452e+01 1.809665100e-02 2.164771376e+02 
  88 7.274247492e+01 1.526638014e-02 2.134645249e+02 
  89 7.357859532e+01 1.287327805e-02 2.105551666e+02 
  90 7.441471572e+01 1.085180518e-02 2.077474495e+02 
  91 7.525083612e+01 9.145745951e-03 2.050397604e+02 
  92 7.608695652e+01 7.706995943e-03 2.024304860e+02 
  93 7.692307692e+01 6.494482102e-03 1.999180132e+02 
  94 7.775919732e+01 5.473206832e-03 1.975007287e+02 
  95 7.859531773e+01 4.613406083e-03 1.951770193e+02 
  96 7.943143813e+01 3.889811359e-03 1.929452718e+02 
  97 8.026755853e+01 3.281003738e-03 1.908038758e+02 
  98 8.110367893e+01 2.768751830e-03 1.887514073e+02 
  99 8.193979933e+01 2.337554465e-03 1.867867416e+02 
 100 8.277591973e+01 1.974416350e-03 1.849087811e+02 
 101 8.361204013e+01 1.668452779e-03 1.831164282e+02 
 102 8.444816054e+01 1.410542484e-03 1.814085853e+02 
 103 8.528428094e+01 1.193038289e-03 1.797841547e+02 
 104 8.612040134e+01 1.009525846e-03 1.782420388e+02 
 105 8.695652174e+01 8.546223383e-04 1.767811401e+02 
 106 8.779264214e+01 7.238084785e-04 1.754003609e+02 
 107 8.862876254e+01 6.132881997e-04 1.740986035e+02 
 108 8.946488294e+01 5.198714372e-04 1.728747704e+02 
 109 9.030100334e+01 4.408761454e-04 1.717277639e+02 
 110 9.113712375e+01 3.740463571e-04 1.706564864e+02 
 111 9.197324415e+01 3.174836261e-04 1.696598403e+02 
 112 9.280936455e+01 2.695896392e-04 1.687367280e+02 
 113 9.364548495e+01 2.290181571e-04 1.678860518e+02 
 114 9.448160535e+01 1.946347472e-04 1.671067142e+02 
 115 9.531772575e+01 1.654830307e-04 1.663976175e+02 
 116 9.615384615e+01 1.407563761e-04 1.657576641e+02 
 117 9.698996656e+01 1.197741501e-04 1.651857563e+02 
 118 9.782608696e+01 1.019617821e-04 1.646807967e+02 
 119 9.866220736e+01 8.683402354e-05 1.642416874e+02 
 120 9.949832776e+01 7.398088290e-05 1.638673310e+02 
 121 1.003344482e+02 6.305580315e-05 1.635566297e+02 
 122 1.011705686e+02 5.376572042e-05 1.633084861e+02 
 123 1.020066890e+02 4.586270039e-05 1.631218024e+02 
 124 1.028428094e+02 3.913689885e-05 1.629954810e+02 
 125 1.036789298e+02 3.341063432e-05 1.629284244e+02 
 126 1.045150502e+02 2.853339479e-05 1.629195349e+02 
 127 1.053511706e+02 2.437762950e-05 1.629677148e+02 
 128 1.061872910e+02 2.083520081e-05 1.630718666e+02 
 129 1.070234114e+02 1.781439139e-05 1.632308927e+02 
 130 1.078595318e+02 1.523737862e-05 1.634436953e+02 
 131 1.086956522e+02 1.303810242e-05 1.637091770e+02 
 132 1.095317726e+02 1.116046438e-05 1.640262400e+02 
 133 1.103678930e+02 9.556806254e-06 1.643937868e+02 
 134 1.112040134e+02 8.186623630e-06 1.648107198e+02 
 135 1.120401338e+02 7.015478279e-06 1.652759413e+02 
 136 1.128762542e+02 6.014077909e-06 1.657883536e+02 
 137 1.137123746e+02 5.157497315e-06 1.663468593e+02 
 138 1.145484950e+02 4.424518911e-06 1.669503606e+02 
 139 1.153846154e+02 3.797074117e-06 1.675977600e+02 
 140 1.162207358e+02 3.259769983e-06 1.682879598e+02 
 141 1.170568562e+02 2.799487872e-06 1.690198624e+02 
 142 1.178929766e+02 2.405043113e-06 1.697923702e+02 
 143 1.187290970e+02 2.066896227e-06 1.706043855e+02 
 144 1.195652174e+02 1.776907822e-06 1.714548108e+02 
 145 1.204013378e+02 1.528130469e-06 1.723425485e+02 
 146 1.212374582e+02 1.314631910e-06 1.732665008e+02 
 147 1.220735786e+02 1.131344819e-06 1.742255702e+02 
 148 1.229096990e+02 9.739390787e-07 1.752186591e+02 
 149 1.237458194e+02 8.387131616e-07 1.762446699e+02 
 150 1.245819398e+02 7.225017117e-07 1.773025048e+02 
 151 1.254180602e+02 6.225968907e-07 1.783910664e+02 
 152 1.262541806e+02 5.366814061e-07 1.795092570e+02 
 153 1.270903010e+02 4.627714671e-07 1.806559789e+02 
 154 1.279264214e+02 3.991681783e-07 1.818301346e+02 
 155 1.287625418e+02 3.444161060e-07 1.830306264e+02 
 156 1.295986622e+02 2.972679470e-07 1.842563567e+02 
 157 1.304347826e+02 2.566543894e-07 1.855062280e+02 
 158 1.312709030e+02 2.216583921e-07 1.867791425e+02 
 159 1.321070234e+02 1.914932280e-07 1.880740026e+02 
 160 1.329431438e+02 1.654837335e-07 1.893897108e+02 
 161 1.337792642e+02 1.430502887e-07 1.907251694e+02 
 162 1.346153846e+02 1.236951278e-07 1.920792808e+02 
 163 1.354515050e+02 1.069906351e-07 1.934509473e+02 
 164 1.362876254e+02 9.256933476e-08 1.948390715e+02 
 165 1.371237458e+02 8.011532799e-08 1.962425555e+02 
 166 1.379598662e+02 6.935696356e-08 1.976603019e+02 
 167 1.387959866e+02 6.006056337e-08 1.990912129e+02 
 168 1.396321070e+02 5.202504859e-08 2.005341911e+02 
 169 1.404682274e+02 4.507733573e-08 2.019881387e+02 
 170 1.413043478e+02 3.906839102e-08 2.034519581e+02 
 171 1.421404682e+02 3.386984761e-08 2.049245518e+02 
 172 1.429765886e+02 2.937110458e-08 2.064048220e+02 
 173 1.438127090e+02 2.547683801e-08 2.078916712e+02 
 174 1.446488294e+02 2.210486517e-08 2.093840018e+02 
 175 1.454849498e+02 1.918431084e-08 2.108807161e+02 
 176 1.463210702e+02 1.665403266e-08 2.123807166e+02 
 177 1.471571906e+02 1.446126843e-08 2.138829055e+02 
 178 1.479933110e+02 1.256047371e-08 2.153861854e+02 
 179 1.488294314e+02 1.091232256e-08 2.168894584e+02 
 180 1.496655518e+02 9.482848349e-09 2.183916272e+02 
 181 1.505016722e+02 8.242704658e-09 2.198916297e+02 
 182 1.513377926e+02 7.166529377e-09 2.213889396e+02 
 183 1.521739130e+02 6.232397346e-09 2.228834425e+02 
 184 1.530100334e+02 5.421349096e-09 2.243750347e+02 
 185 1.538461538e+02 4.716984986e-09 2.258636124e+02 
 186 1.546822742e+02 4.105115530e-09 2.273490721e+02 
 187 1.555183946e+02 3.573460066e-09 2.288313099e+02 
 188 1.563545151e+02 3.111386986e-09 2.303102222e+02 
 189 1.571906355e+02 2.709689735e-09 2.317857051e+02 
 190 1.580267559e+02 2.360393599e-09 2.332576551e+02 
 191 1.588628763e+02 2.056588991e-09 2.347259683e+02 
 192 1.596989967e+02 1.792287561e-09 2.361905411e+02 
 193 1.605351171e+02 1.562297973e-09 2.376512697e+02 
 194 1.613712375e+02 1.362118627e-09 2.391080505e+02 
 195 1.622073579e+02 1.187844984e-09 2.405607796e+02 
 196 1.630434783e+02 1.036089487e-09 2.420093535e+02 
 197 1.638795987e+02 9.039123447e-10 2.434536683e+02 
 198 1.647157191e+02 7.887616910e-10 2.448936203e+02 
 199 1.655518395e+02 6.884218272e-10 2.463291059e+02 
 200 1.663879599e+02 6.009684513e-10 2.477600213e+02 
 201 1.672240803e+02 5.247299157e-10 2.491862628e+02 
 202 1.680602007e+02 4.582536935e-10 2.506077267e+02 
 203 1.688963211e+02 4.002773454e-10 2.520243092e+02 
 204 1.697324415e+02 3.497033758e-10 2.534359067e+02 
 205 1.705685619e+02 3.055774515e-10 2.548424153e+02 
 206 1.714046823e+02 2.670695286e-10 2.562437315e+02 
 207 1.722408027e+02 2.334574942e-10 2.576397515e+02 
 208 1.730769231e+02 2.041129849e-10 2.590303715e+02 
 209 1.739130435e+02 1.784890882e-10 2.604154879e+02 
 210 1.747491639e+02 1.561096754e-10 2.617949969e+02 
 211 1.755852843e+02 1.365601459e-10 2.631687948e+02 
 212 1.764214047e+02 1.194793950e-10 2.645367780e+02 
 213 1.772575251e+02 1.045528409e-10 2.658988425e+02 
 214 1.780936455e+02 9.150637063e-11 2.672548849e+02 
 215 1.789297659e+02 8.010108191e-11 2.686048013e+02 
 216 1.797658863e+02 7.012871510e-11 2.699484880e+02 
 217 1.806020067e+02 6.140768412e-11 2.712858413e+02 
 218 1.814381271e+02 5.377962666e-11 2.726167574e+02 
 219 1.822742475e+02 4.710640516e-11 2.739411328e+02 
 220 1.831103679e+02 4.126749891e-11 2.752588636e+02 
 221 1.839464883e+02 3.615773591e-11 2.765698461e+02 
 222 1.847826087e+02 3.168531961e-11 2.778739766e+02 
 223 1.856187291e+02 2.777011187e-11 2.791711514e+02 
 224 1.864548495e+02 2.434213847e-11 2.804612668e+02 
 225 1.872909699e+02 2.134028818e-11 2.817442190e+02 
 226 1.881270903e+02 1.871117980e-11 2.830199044e+02 
 227 1.889632107e+02 1.640817557e-11 2.842882192e+02 
 228 1.897993311e+02 1.439052162e-11 2.855490597e+02 
 229 1.906354515e+02 1.262259904e-11 2.868023221e+02 
 230 1.914715719e+02 1.107327119e-11 2.880479029e+02 
 231 1.923076923e+02 9.715314686e-12 2.892856981e+02 
 232 1.931438127e+02 8.524923397e-12 2.905156042e+02 
 233 1.939799331e+02 7.481275777e-12 2.917375174e+02 
 234 1.948160535e+02 6.566157538e-12 2.929513340e+02 
 235 1.956521739e+02 5.763632438e-12 2.941569503e+02 
 236 1.964882943e+02 5.059755013e-12 2.953542625e+02 
 237 1.973244147e+02 4.442319850e-12 2.965431669e+02 
 238 1.981605351e+02 3.900642718e-12 2.977235599e+02 
 239 1.989966555e+02 3.425369466e-12 2.988953376e+02 
 240 1.998327759e+02 3.008309135e-12 3.000583965e+02 
 241 2.006688963e+02 2.642288186e-12 3.012126327e+02 
 242 2.015050167e+02 2.321023154e-12 3.023579425e+02 
 243 2.023411371e+02 2.039009371e-12 3.034942223e+02 
 244 2.031772575e+02 1.791423712e-12 3.046213682e+02 
 245 2.040133779e+02 1.574039594e-12 3.057392767e+02 
 246 2.048494983e+02 1.383152650e-12 3.068478439e+02 
 247 2.056856187e+02 1.215515747e-12 3.079469661e+02 
 248 2.065217391e+02 1.068282149e-12 3.090365397e+02 
 249 2.073578595e+02 9.389557962e-13 3.101164609e+02 
 250 2.081939799e+02 8.253478170e-13 3.111866260e+02 
 251 2.090301003e+02 7.255384613e-13 3.122469313e+02 
 252 2.098662207e+02 6.378437943e-13 3.132972730e+02 
 253 2.107023411e+02 5.607865398e-13 3.143375475e+02 
 254 2.115384615e+02 4.930705550e-13 3.153676510e+02 
 255 2.123745819e+02 4.335584806e-13 3.163874798e+02 
 256 2.132107023e+02 3.812521683e-13 3.173969302e+02 
 257 2.140468227e+02 3.352755377e-13 3.183958984e+02 
 258 2.148829431e+02 2.948595586e-13 3.193842808e+02 
 259 2.157190635e+02 2.593290933e-13 3.203619737e+02 
 260 2.165551839e+02 2.280913673e-13 3.213288732e+02 
 261 2.173913043e+02 2.006258646e-13 3.222848757e+02 
 262 2.182274247e+02 1.764754708e-13 3.232298775e+02 
 263 2.190635452e+02 1.552387086e-13 3.241637749e+02 
 264 2.198996656e+02 1.365629302e-13 3.250864641e+02 
 265 2.207357860e+02 1.201383479e-13 3.259978414e+02 
 266 2.215719064e+02 1.056927983e-13 3.268978031e+02 
 267 2.224080268e+02 9.298715029e-14 3.277862455e+02 
 268 2.232441472e+02 8.181127693e-14 3.286630648e+02 
 269 2.240802676e+02 7.198052074e-14 3.295281574e+02 
 270 2.249163880e+02 6.333259254e-14 3.303814196e+02 
 271 2.257525084e+02 5.572484987e-14 3.312227475e+02 
 272 2.265886288e+02 4.903190825e-14 3.320520375e+02 
 273 2.274247492e+02 4.314354442e-14 3.328691859e+02 
 274 2.282608696e+02 3.796285563e-14 3.336740890e+02 
 275 2.290969900e+02 3.340464349e-14 3.344666430e+02 
 276 2.299331104e+02 2.939399485e-14 3.352467442e+02 
 277 2.307692308e+02 2.586503561e-14 3.360142889e+02 
 278 2.316053512e+02 2.275983614e-14 3.367691734e+02 
 279 2.324414716e+02 2.002744991e-14 3.375112939e+02 
 280 2.332775920e+02 1.762306892e-14 3.382405468e+02 
 281 2.341137124e+02 1.550728170e-14 3.389568283e+02 
 282 2.349498328e+02 1.364542144e-14 3.396600348e+02 
 283 2.357859532e+02 1.200699309e-14 3.403500624e+02 
 284 2.366220736e+02 1.056516994e-14 3.410268075e+02 
 285 2.374581940e+02 9.296351187e-15 3.416901663e+02 
 286 2.382943144e+02 8.179773048e-15 3.423400352e+02 
 287 2.391304348e+02 7.197166895e-15 3.429763103e+02 
 288 2.399665552e+02 6.332458751e-15 3.435988881e+02 
 289 2.408026756e+02 5.571505081e-15 3.442076648e+02 
 290 2.416387960e+02 4.901860494e-15 3.448025366e+02 
 291 2.424749164e+02 4.312573477e-15 3.453833999e+02 
 292 2.433110368e+02 3.794006769e-15 3.459501508e+02 
 293 2.441471572e+02 3.337679397e-15 3.465026858e+02 
 294 2.449832776e+02 2.936127741e-15 3.470409011e+02 
 295 2.458193980e+02 2.582783339e-15 3.475646929e+02 
 296 2.466555184e+02 2.271865395e-15 3.480739576e+02 
 297 2.474916388e+02 1.998286234e-15 3.485685915e+02 
 298 2.483277592e+02 1.757568117e-15 3.490484907e+02 
 299 2.491638796e+02 1.545770067e-15 3.495135516e+02 
 300 2.500000000e+02 1.359423485e-15 3.499636705e+02 
