#Refractive index of amorphous Ca2Al2SiO7; Mutschke et al. 1998, Astron. Astrophys. 333, 188. Database of Optical Constants for Cosmic Dust, Laboratory Astrophysics Group of the AIU Jena
#Data points: 254
#Wavelength (micron) n  k
      6.689543e+00       1.441600e+00       1.223000e-02 
      6.715879e+00       1.439500e+00       1.331000e-02 
      6.742424e+00       1.437330e+00       1.356000e-02 
      6.769180e+00       1.435940e+00       1.396000e-02 
      6.796149e+00       1.434260e+00       1.474000e-02 
      6.823333e+00       1.433300e+00       1.507000e-02 
      6.850736e+00       1.432050e+00       1.504000e-02 
      6.878360e+00       1.429820e+00       1.477000e-02 
      6.906208e+00       1.427760e+00       1.551000e-02 
      6.934282e+00       1.425560e+00       1.496000e-02 
      6.962585e+00       1.425130e+00       1.534000e-02 
      6.991120e+00       1.422640e+00       1.461000e-02 
      7.019890e+00       1.419150e+00       1.509000e-02 
      7.048898e+00       1.417880e+00       1.516000e-02 
      7.078147e+00       1.414430e+00       1.598000e-02 
      7.107639e+00       1.414180e+00       1.801000e-02 
      7.137378e+00       1.410170e+00       1.767000e-02 
      7.167367e+00       1.407320e+00       1.749000e-02 
      7.197609e+00       1.406380e+00       1.685000e-02 
      7.228107e+00       1.402920e+00       1.649000e-02 
      7.258865e+00       1.400970e+00       1.892000e-02 
      7.289886e+00       1.397310e+00       1.746000e-02 
      7.321173e+00       1.395000e+00       1.917000e-02 
      7.352730e+00       1.393850e+00       1.956000e-02 
      7.384560e+00       1.391180e+00       2.127000e-02 
      7.416667e+00       1.387870e+00       2.063000e-02 
      7.449054e+00       1.384750e+00       2.066000e-02 
      7.481725e+00       1.383990e+00       1.991000e-02 
      7.514684e+00       1.377950e+00       2.175000e-02 
      7.547935e+00       1.376900e+00       2.072000e-02 
      7.581481e+00       1.373260e+00       2.187000e-02 
      7.615327e+00       1.369470e+00       2.269000e-02 
      7.649477e+00       1.366830e+00       2.322000e-02 
      7.683934e+00       1.360560e+00       2.374000e-02 
      7.718703e+00       1.359680e+00       2.435000e-02 
      7.753788e+00       1.354610e+00       2.403000e-02 
      7.789194e+00       1.353270e+00       2.575000e-02 
      7.824923e+00       1.347650e+00       2.566000e-02 
      7.860983e+00       1.341550e+00       2.580000e-02 
      7.897376e+00       1.338840e+00       2.769000e-02 
      7.934108e+00       1.331520e+00       3.282000e-02 
      7.971184e+00       1.330290e+00       3.527000e-02 
      8.008607e+00       1.329980e+00       3.602000e-02 
      8.046384e+00       1.326220e+00       3.389000e-02 
      8.084518e+00       1.323730e+00       3.424000e-02 
      8.123016e+00       1.320050e+00       3.258000e-02 
      8.161882e+00       1.314010e+00       3.053000e-02 
      8.201122e+00       1.307580e+00       2.952000e-02 
      8.240741e+00       1.301250e+00       2.872000e-02 
      8.280745e+00       1.295230e+00       2.806000e-02 
      8.321138e+00       1.283640e+00       2.698000e-02 
      8.361928e+00       1.277290e+00       2.876000e-02 
      8.403120e+00       1.264270e+00       3.046000e-02 
      8.444719e+00       1.261730e+00       3.689000e-02 
      8.486733e+00       1.258540e+00       3.202000e-02 
      8.529166e+00       1.247000e+00       2.812000e-02 
      8.572027e+00       1.233470e+00       3.047000e-02 
      8.615320e+00       1.222450e+00       2.809000e-02 
      8.659053e+00       1.211570e+00       3.004000e-02 
      8.703231e+00       1.197020e+00       3.298000e-02 
      8.747863e+00       1.182650e+00       3.620000e-02 
      8.792955e+00       1.165780e+00       3.939000e-02 
      8.838514e+00       1.149980e+00       4.404000e-02 
      8.884549e+00       1.138710e+00       5.064000e-02 
      8.931064e+00       1.116340e+00       5.673000e-02 
      8.978070e+00       1.094800e+00       6.032000e-02 
      9.025573e+00       1.066920e+00       7.395000e-02 
      9.073582e+00       1.053050e+00       8.342000e-02 
      9.122103e+00       1.025840e+00       9.922000e-02 
      9.171146e+00       1.001510e+00       1.151100e-01 
      9.220721e+00       9.776800e-01       1.440100e-01 
      9.270833e+00       9.571500e-01       1.705600e-01 
      9.321494e+00       9.352400e-01       2.044200e-01 
      9.372710e+00       9.168900e-01       2.401200e-01 
      9.424494e+00       9.005900e-01       2.802800e-01 
      9.476852e+00       8.919700e-01       3.208300e-01 
      9.529796e+00       8.867900e-01       3.640900e-01 
      9.583333e+00       8.874600e-01       4.108100e-01 
      9.637477e+00       8.925600e-01       4.550300e-01 
      9.692235e+00       9.020900e-01       5.000500e-01 
      9.747619e+00       9.176300e-01       5.434300e-01 
      9.803640e+00       9.349300e-01       5.853700e-01 
      9.860309e+00       9.585400e-01       6.244100e-01 
      9.917636e+00       9.843600e-01       6.600900e-01 
      9.975633e+00       1.014300e+00       6.923600e-01 
      1.003431e+01       1.046500e+00       7.210800e-01 
      1.009369e+01       1.080050e+00       7.452400e-01 
      1.015377e+01       1.115280e+00       7.672600e-01 
      1.021457e+01       1.150610e+00       7.838400e-01 
      1.027610e+01       1.186970e+00       7.984900e-01 
      1.033838e+01       1.222620e+00       8.087500e-01 
      1.040142e+01       1.255630e+00       8.150100e-01 
      1.046524e+01       1.288550e+00       8.201900e-01 
      1.052984e+01       1.317910e+00       8.218200e-01 
      1.059524e+01       1.348100e+00       8.211900e-01 
      1.066146e+01       1.376220e+00       8.210400e-01 
      1.072851e+01       1.402950e+00       8.192300e-01 
      1.079641e+01       1.426950e+00       8.158700e-01 
      1.086518e+01       1.452110e+00       8.126300e-01 
      1.093483e+01       1.473730e+00       8.067300e-01 
      1.100538e+01       1.494680e+00       8.028000e-01 
      1.107684e+01       1.515500e+00       7.993200e-01 
      1.114924e+01       1.535180e+00       7.956900e-01 
      1.122259e+01       1.551300e+00       7.911700e-01 
      1.129691e+01       1.572230e+00       7.866400e-01 
      1.137222e+01       1.592440e+00       7.848300e-01 
      1.144855e+01       1.609620e+00       7.803000e-01 
      1.152590e+01       1.633810e+00       7.774800e-01 
      1.160431e+01       1.652590e+00       7.722200e-01 
      1.168379e+01       1.673880e+00       7.634400e-01 
      1.176437e+01       1.694820e+00       7.559000e-01 
      1.184607e+01       1.715120e+00       7.479300e-01 
      1.192890e+01       1.736500e+00       7.374000e-01 
      1.201291e+01       1.755850e+00       7.261100e-01 
      1.209811e+01       1.778050e+00       7.120200e-01 
      1.218452e+01       1.798470e+00       6.959800e-01 
      1.227218e+01       1.818320e+00       6.756500e-01 
      1.236111e+01       1.838650e+00       6.595800e-01 
      1.245134e+01       1.856950e+00       6.334100e-01 
      1.254289e+01       1.870150e+00       6.078500e-01 
      1.263580e+01       1.884840e+00       5.810800e-01 
      1.273010e+01       1.892730e+00       5.522200e-01 
      1.282581e+01       1.898190e+00       5.236600e-01 
      1.292298e+01       1.894490e+00       4.911700e-01 
      1.302163e+01       1.888460e+00       4.593300e-01 
      1.312179e+01       1.875150e+00       4.280300e-01 
      1.322351e+01       1.858420e+00       4.033100e-01 
      1.332682e+01       1.834420e+00       3.895800e-01 
      1.343176e+01       1.812560e+00       3.779700e-01 
      1.353836e+01       1.794440e+00       3.703300e-01 
      1.364667e+01       1.775290e+00       3.694100e-01 
      1.375672e+01       1.757060e+00       3.747900e-01 
      1.386856e+01       1.744880e+00       3.810200e-01 
      1.398224e+01       1.739510e+00       3.894500e-01 
      1.409780e+01       1.737500e+00       3.940500e-01 
      1.421528e+01       1.733530e+00       3.968100e-01 
      1.433473e+01       1.735460e+00       4.042000e-01 
      1.445621e+01       1.737240e+00       4.061600e-01 
      1.457977e+01       1.742640e+00       4.096600e-01 
      1.470546e+01       1.743770e+00       4.049400e-01 
      1.483333e+01       1.749330e+00       4.036600e-01 
      1.496345e+01       1.752680e+00       3.941200e-01 
      1.509587e+01       1.758080e+00       3.880000e-01 
      1.523065e+01       1.757670e+00       3.812000e-01 
      1.536787e+01       1.761070e+00       3.762700e-01 
      1.550758e+01       1.753630e+00       3.647300e-01 
      1.564985e+01       1.754000e+00       3.548100e-01 
      1.579475e+01       1.748880e+00       3.440100e-01 
      1.594237e+01       1.739690e+00       3.329300e-01 
      1.609277e+01       1.729380e+00       3.257600e-01 
      1.624603e+01       1.718640e+00       3.223300e-01 
      1.640224e+01       1.703980e+00       3.070400e-01 
      1.656149e+01       1.686790e+00       3.013600e-01 
      1.672386e+01       1.675540e+00       3.035800e-01 
      1.688944e+01       1.650640e+00       3.023900e-01 
      1.705833e+01       1.640650e+00       3.041500e-01 
      1.723064e+01       1.618100e+00       3.014100e-01 
      1.740646e+01       1.595860e+00       3.103000e-01 
      1.758591e+01       1.576370e+00       3.183100e-01 
      1.776910e+01       1.554080e+00       3.277500e-01 
      1.795614e+01       1.531400e+00       3.506200e-01 
      1.814716e+01       1.510750e+00       3.721900e-01 
      1.834229e+01       1.492550e+00       3.937100e-01 
      1.854167e+01       1.472880e+00       4.245700e-01 
      1.874542e+01       1.465000e+00       4.605700e-01 
      1.895370e+01       1.456350e+00       4.989700e-01 
      1.916667e+01       1.466080e+00       5.418700e-01 
      1.938447e+01       1.476610e+00       5.784100e-01 
      1.960728e+01       1.495400e+00       6.118700e-01 
      1.983527e+01       1.517270e+00       6.435300e-01 
      2.006863e+01       1.542710e+00       6.639800e-01 
      2.030754e+01       1.563720e+00       6.872600e-01 
      2.055221e+01       1.587330e+00       7.001600e-01 
      2.080285e+01       1.611620e+00       7.140900e-01 
      2.105967e+01       1.634430e+00       7.254200e-01 
      2.132292e+01       1.661930e+00       7.325700e-01 
      2.159283e+01       1.687300e+00       7.388700e-01 
      2.186966e+01       1.707820e+00       7.434400e-01 
      2.215368e+01       1.733720e+00       7.476600e-01 
      2.244518e+01       1.754820e+00       7.452900e-01 
      2.274444e+01       1.776100e+00       7.452100e-01 
      2.305180e+01       1.800480e+00       7.415500e-01 
      2.336758e+01       1.820350e+00       7.368500e-01 
      2.369213e+01       1.837780e+00       7.278800e-01 
      2.402582e+01       1.853640e+00       7.197900e-01 
      2.436905e+01       1.868400e+00       7.102200e-01 
      2.472222e+01       1.878820e+00       7.002000e-01 
      2.508578e+01       1.888010e+00       6.872400e-01 
      2.546020e+01       1.890990e+00       6.773500e-01 
      2.584596e+01       1.893330e+00       6.670000e-01 
      2.624359e+01       1.890430e+00       6.590100e-01 
      2.665365e+01       1.886650e+00       6.551900e-01 
      2.707672e+01       1.880420e+00       6.543100e-01 
      2.751344e+01       1.874460e+00       6.576100e-01 
      2.796448e+01       1.867980e+00       6.663200e-01 
      2.843056e+01       1.863190e+00       6.784900e-01 
      2.891243e+01       1.860890e+00       6.959400e-01 
      2.941092e+01       1.870010e+00       7.162200e-01 
      2.992690e+01       1.873420e+00       7.383400e-01 
      3.046131e+01       1.880940e+00       7.588200e-01 
      3.101515e+01       1.900150e+00       7.781500e-01 
      3.158951e+01       1.920280e+00       7.941300e-01 
      3.218553e+01       1.943030e+00       8.097100e-01 
      3.280449e+01       1.968340e+00       8.228700e-01 
      3.344771e+01       1.994910e+00       8.327900e-01 
      3.411667e+01       2.021930e+00       8.390100e-01 
      3.481293e+01       2.049170e+00       8.432300e-01 
      3.553820e+01       2.075920e+00       8.462100e-01 
      3.629433e+01       2.103720e+00       8.456700e-01 
      3.708333e+01       2.129360e+00       8.450400e-01 
      3.790741e+01       2.154630e+00       8.423200e-01 
      3.876894e+01       2.180280e+00       8.378400e-01 
      3.967054e+01       2.204150e+00       8.339500e-01 
      4.061508e+01       2.229500e+00       8.292700e-01 
      4.160569e+01       2.251840e+00       8.239700e-01 
      4.264583e+01       2.275540e+00       8.184800e-01 
      4.373932e+01       2.298790e+00       8.114600e-01 
      4.489035e+01       2.323420e+00       8.033600e-01 
      4.610360e+01       2.345220e+00       7.934400e-01 
      4.738426e+01       2.367770e+00       7.848300e-01 
      4.873810e+01       2.391300e+00       7.762800e-01 
      5.017157e+01       2.416210e+00       7.643300e-01 
      5.169192e+01       2.439000e+00       7.508800e-01 
      5.330729e+01       2.460500e+00       7.415200e-01 
      5.502688e+01       2.483810e+00       7.305300e-01 
      5.686111e+01       2.508860e+00       7.149100e-01 
      5.882184e+01       2.529510e+00       7.050800e-01 
      6.092262e+01       2.554500e+00       6.824300e-01 
      6.317901e+01       2.579950e+00       6.660400e-01 
      6.560898e+01       2.597500e+00       6.480200e-01 
      6.823333e+01       2.623830e+00       6.266800e-01 
      7.107639e+01       2.643240e+00       6.035600e-01 
      7.416666e+01       2.661500e+00       5.802800e-01 
      7.753788e+01       2.678290e+00       5.565500e-01 
      8.123016e+01       2.693990e+00       5.325900e-01 
      8.529167e+01       2.708450e+00       5.085200e-01 
      8.978070e+01       2.722100e+00       4.843700e-01 
      9.476852e+01       2.734790e+00       4.601300e-01 
      1.003431e+02       2.746780e+00       4.358100e-01 
      1.066146e+02       2.757870e+00       4.114800e-01 
      1.137222e+02       2.768630e+00       3.870700e-01 
      1.218452e+02       2.778570e+00       3.623900e-01 
      1.312180e+02       2.787900e+00       3.375800e-01 
      1.421528e+02       2.796470e+00       3.126500e-01 
      1.550758e+02       2.804560e+00       2.876100e-01 
      1.705833e+02       2.811930e+00       2.623800e-01 
      1.895370e+02       2.818740e+00       2.370200e-01 
      2.132292e+02       2.824780e+00       2.115800e-01 
      2.436905e+02       2.830500e+00       1.860200e-01 
      2.843056e+02       2.835480e+00       1.602100e-01 
      3.411666e+02       2.839930e+00       1.342400e-01 
      4.264583e+02       2.843680e+00       1.081000e-01 
      5.686112e+02       2.847000e+00       8.173000e-02 
      8.529170e+02       2.849600e+00       5.502000e-02 
