#Refractive index of CaSiO3[s]; Shaker J. Edrees, Majid M. Shukur, Mohammed M. Obeid, First-principle analysis of the structural, mechanical, optical and electronic properties of wollastonite monoclinic polymorph, Computational Condensed Matter, Volume 14, 2018, Pages 20-26
#Data points: 618
#Wavelength (micron) n  k
      2.820000e-02       9.960909e-01       6.646045e-03 
      3.820000e-02       9.802495e-01       4.671766e-03 
      4.820000e-02       9.669549e-01       1.387520e-01 
      5.820000e-02       9.869191e-01       2.758267e-03 
      6.820000e-02       9.599657e-01       2.222455e-03 
      7.820000e-02       9.293116e-01       2.500132e-03 
      8.820000e-02       8.917148e-01       7.935561e-03 
      9.820000e-02       8.640886e-01       4.984212e-02 
      1.082000e-01       7.463146e-01       7.404348e-02 
      1.182000e-01       7.208200e-01       2.170989e-01 
      1.282000e-01       6.872103e-01       3.165972e-01 
      1.382000e-01       6.313021e-01       6.223649e-01 
      1.482000e-01       1.037861e+00       8.620682e-01 
      1.582000e-01       1.459234e+00       6.378429e-01 
      1.682000e-01       1.474047e+00       3.798247e-01 
      1.782000e-01       1.442972e+00       2.877934e-01 
      1.882000e-01       1.434381e+00       2.080340e-01 
      1.982000e-01       1.411812e+00       1.669106e-01 
      2.082000e-01       1.411211e+00       1.404141e-01 
      2.182000e-01       1.412743e+00       6.290038e-02 
      2.282000e-01       1.382446e+00       2.001491e-02 
      2.382000e-01       1.339136e+00       6.500236e-03 
      2.482000e-01       1.310183e+00       9.803032e-04 
      2.582000e-01       1.289558e+00       1.486423e-04 
      2.682000e-01       1.272993e+00       1.000000e-10 
      2.782000e-01       1.261521e+00       1.000000e-10 
      2.882000e-01       1.251137e+00       1.000000e-10 
      2.982000e-01       1.243899e+00       1.000000e-10 
      3.082000e-01       1.236661e+00       1.000000e-10 
      3.182000e-01       1.231383e+00       1.000000e-10 
      3.282000e-01       1.226916e+00       1.000000e-10 
      3.382000e-01       1.222449e+00       1.000000e-10 
      3.482000e-01       1.218954e+00       1.000000e-10 
      3.582000e-01       1.215969e+00       1.000000e-10 
      3.682000e-01       1.212984e+00       1.000000e-10 
      3.782000e-01       1.209999e+00       1.000000e-10 
      3.882000e-01       1.208028e+00       1.000000e-10 
      3.982000e-01       1.206123e+00       1.000000e-10 
      4.082000e-01       1.204218e+00       1.000000e-10 
      4.182000e-01       1.202313e+00       1.000000e-10 
      4.282000e-01       1.200605e+00       1.000000e-10 
      4.382000e-01       1.199330e+00       1.000000e-10 
      4.482000e-01       1.198054e+00       1.000000e-10 
      4.582000e-01       1.196779e+00       1.000000e-10 
      4.682000e-01       1.195503e+00       1.000000e-10 
      4.782000e-01       1.194228e+00       1.000000e-10 
      4.882000e-01       1.193173e+00       1.000000e-10 
      4.982000e-01       1.192452e+00       1.000000e-10 
      5.082000e-01       1.191732e+00       1.000000e-10 
      5.182000e-01       1.191011e+00       1.000000e-10 
      5.282000e-01       1.190291e+00       1.000000e-10 
      5.382000e-01       1.189570e+00       1.000000e-10 
      5.482000e-01       1.188850e+00       1.000000e-10 
      5.582000e-01       1.188129e+00       1.000000e-10 
      5.682000e-01       1.187569e+00       1.000000e-10 
      5.782000e-01       1.187131e+00       1.000000e-10 
      5.882000e-01       1.186693e+00       1.000000e-10 
      5.982000e-01       1.186255e+00       1.000000e-10 
      6.082000e-01       1.185817e+00       1.000000e-10 
      6.182000e-01       1.185379e+00       1.000000e-10 
      6.282000e-01       1.184941e+00       1.000000e-10 
      6.382000e-01       1.184503e+00       1.000000e-10 
      6.482000e-01       1.184065e+00       1.000000e-10 
      6.582000e-01       1.183627e+00       1.000000e-10 
      6.682000e-01       1.183189e+00       1.000000e-10 
      6.782000e-01       1.182896e+00       1.000000e-10 
      6.882000e-01       1.182663e+00       1.000000e-10 
      6.982000e-01       1.182430e+00       1.000000e-10 
      7.082000e-01       1.182197e+00       1.000000e-10 
      7.182000e-01       1.181964e+00       1.000000e-10 
      7.282000e-01       1.181731e+00       1.000000e-10 
      7.382000e-01       1.181498e+00       1.000000e-10 
      7.482000e-01       1.181265e+00       1.000000e-10 
      7.582000e-01       1.181032e+00       1.000000e-10 
      7.682000e-01       1.180799e+00       1.000000e-10 
      7.782000e-01       1.180566e+00       1.000000e-10 
      7.882000e-01       1.180333e+00       1.000000e-10 
      7.982000e-01       1.180100e+00       1.000000e-10 
      8.082000e-01       1.179867e+00       1.000000e-10 
      8.182000e-01       1.179634e+00       1.000000e-10 
      8.282000e-01       1.179401e+00       1.000000e-10 
      8.382000e-01       1.179237e+00       1.000000e-10 
      8.482000e-01       1.179109e+00       1.000000e-10 
      8.582000e-01       1.178980e+00       1.000000e-10 
      8.682000e-01       1.178852e+00       1.000000e-10 
      8.782000e-01       1.178723e+00       1.000000e-10 
      8.882000e-01       1.178595e+00       1.000000e-10 
      8.982000e-01       1.178466e+00       1.000000e-10 
      9.082000e-01       1.178338e+00       1.000000e-10 
      9.182000e-01       1.178209e+00       1.000000e-10 
      9.282000e-01       1.178081e+00       1.000000e-10 
      9.382000e-01       1.177952e+00       1.000000e-10 
      9.482000e-01       1.177824e+00       1.000000e-10 
      9.582000e-01       1.177695e+00       1.000000e-10 
      9.682000e-01       1.177567e+00       1.000000e-10 
      9.782000e-01       1.177438e+00       1.000000e-10 
      9.882000e-01       1.177310e+00       1.000000e-10 
      9.982000e-01       1.177181e+00       1.000000e-10 
      1.008200e+00       1.177053e+00       1.000000e-10 
      1.018200e+00       1.176924e+00       1.000000e-10 
      1.028200e+00       1.176795e+00       1.000000e-10 
      1.038200e+00       1.176667e+00       1.000000e-10 
      1.048200e+00       1.176538e+00       1.000000e-10 
      1.058200e+00       1.176410e+00       1.000000e-10 
      1.068200e+00       1.176281e+00       1.000000e-10 
      1.078200e+00       1.176153e+00       1.000000e-10 
      1.088200e+00       1.176024e+00       1.000000e-10 
      1.098200e+00       1.175939e+00       1.000000e-10 
      1.108200e+00       1.175892e+00       1.000000e-10 
      1.118200e+00       1.175846e+00       1.000000e-10 
      1.128200e+00       1.175799e+00       1.000000e-10 
      1.138200e+00       1.175752e+00       1.000000e-10 
      1.148200e+00       1.175705e+00       1.000000e-10 
      1.158200e+00       1.175658e+00       1.000000e-10 
      1.168200e+00       1.175612e+00       1.000000e-10 
      1.178200e+00       1.175565e+00       1.000000e-10 
      1.188200e+00       1.175518e+00       1.000000e-10 
      1.198200e+00       1.175471e+00       1.000000e-10 
      1.208200e+00       1.175424e+00       1.000000e-10 
      1.218200e+00       1.175378e+00       1.000000e-10 
      1.228200e+00       1.175331e+00       1.000000e-10 
      1.238200e+00       1.175284e+00       1.000000e-10 
      1.248200e+00       1.175237e+00       1.000000e-10 
      1.258200e+00       1.175191e+00       1.000000e-10 
      1.268200e+00       1.175144e+00       1.000000e-10 
      1.278200e+00       1.175097e+00       1.000000e-10 
      1.288200e+00       1.175050e+00       1.000000e-10 
      1.298200e+00       1.175003e+00       1.000000e-10 
      1.308200e+00       1.174957e+00       1.000000e-10 
      1.318200e+00       1.174910e+00       1.000000e-10 
      1.328200e+00       1.174863e+00       1.000000e-10 
      1.338200e+00       1.174816e+00       1.000000e-10 
      1.348200e+00       1.174769e+00       1.000000e-10 
      1.358200e+00       1.174723e+00       1.000000e-10 
      1.368200e+00       1.174676e+00       1.000000e-10 
      1.378200e+00       1.174629e+00       1.000000e-10 
      1.388200e+00       1.174582e+00       1.000000e-10 
      1.398200e+00       1.174536e+00       1.000000e-10 
      1.408200e+00       1.174489e+00       1.000000e-10 
      1.418200e+00       1.174442e+00       1.000000e-10 
      1.428200e+00       1.174395e+00       1.000000e-10 
      1.438200e+00       1.174348e+00       1.000000e-10 
      1.448200e+00       1.174302e+00       1.000000e-10 
      1.458200e+00       1.174255e+00       1.000000e-10 
      1.468200e+00       1.174208e+00       1.000000e-10 
      1.478200e+00       1.174161e+00       1.000000e-10 
      1.488200e+00       1.174114e+00       1.000000e-10 
      1.498200e+00       1.174068e+00       1.000000e-10 
      1.508200e+00       1.174021e+00       1.000000e-10 
      1.518200e+00       1.173974e+00       1.000000e-10 
      1.528200e+00       1.173927e+00       1.000000e-10 
      1.538200e+00       1.173881e+00       1.000000e-10 
      1.548200e+00       1.173834e+00       1.000000e-10 
      1.558200e+00       1.173787e+00       1.000000e-10 
      1.568200e+00       1.173740e+00       1.000000e-10 
      1.578200e+00       1.173693e+00       1.000000e-10 
      1.588200e+00       1.173647e+00       1.000000e-10 
      1.598200e+00       1.173616e+00       1.000000e-10 
      1.608200e+00       1.173608e+00       1.000000e-10 
      1.618200e+00       1.173600e+00       1.000000e-10 
      1.628200e+00       1.173592e+00       1.000000e-10 
      1.638200e+00       1.173584e+00       1.000000e-10 
      1.648200e+00       1.173576e+00       1.000000e-10 
      1.658200e+00       1.173568e+00       1.000000e-10 
      1.668200e+00       1.173561e+00       1.000000e-10 
      1.678200e+00       1.173553e+00       1.000000e-10 
      1.688200e+00       1.173545e+00       1.000000e-10 
      1.698200e+00       1.173537e+00       1.000000e-10 
      1.708200e+00       1.173529e+00       1.000000e-10 
      1.718200e+00       1.173521e+00       1.000000e-10 
      1.728200e+00       1.173513e+00       1.000000e-10 
      1.738200e+00       1.173505e+00       1.000000e-10 
      1.748200e+00       1.173497e+00       1.000000e-10 
      1.758200e+00       1.173489e+00       1.000000e-10 
      1.768200e+00       1.173481e+00       1.000000e-10 
      1.778200e+00       1.173473e+00       1.000000e-10 
      1.788200e+00       1.173465e+00       1.000000e-10 
      1.798200e+00       1.173457e+00       1.000000e-10 
      1.808200e+00       1.173449e+00       1.000000e-10 
      1.818200e+00       1.173441e+00       1.000000e-10 
      1.828200e+00       1.173433e+00       1.000000e-10 
      1.838200e+00       1.173425e+00       1.000000e-10 
      1.848200e+00       1.173417e+00       1.000000e-10 
      1.858200e+00       1.173409e+00       1.000000e-10 
      1.868200e+00       1.173401e+00       1.000000e-10 
      1.878200e+00       1.173393e+00       1.000000e-10 
      1.888200e+00       1.173385e+00       1.000000e-10 
      1.898200e+00       1.173377e+00       1.000000e-10 
      1.908200e+00       1.173369e+00       1.000000e-10 
      1.918200e+00       1.173361e+00       1.000000e-10 
      1.928200e+00       1.173353e+00       1.000000e-10 
      1.938200e+00       1.173345e+00       1.000000e-10 
      1.948200e+00       1.173337e+00       1.000000e-10 
      1.958200e+00       1.173329e+00       1.000000e-10 
      1.968200e+00       1.173321e+00       1.000000e-10 
      1.978200e+00       1.173313e+00       1.000000e-10 
      1.988200e+00       1.173305e+00       1.000000e-10 
      1.998200e+00       1.173297e+00       1.000000e-10 
      2.008200e+00       1.173290e+00       1.000000e-10 
      2.018200e+00       1.173282e+00       1.000000e-10 
      2.028200e+00       1.173274e+00       1.000000e-10 
      2.038200e+00       1.173266e+00       1.000000e-10 
      2.048200e+00       1.173258e+00       1.000000e-10 
      2.058200e+00       1.173250e+00       1.000000e-10 
      2.068200e+00       1.173242e+00       1.000000e-10 
      2.078200e+00       1.173234e+00       1.000000e-10 
      2.088200e+00       1.173226e+00       1.000000e-10 
      2.098200e+00       1.173218e+00       1.000000e-10 
      2.108200e+00       1.173210e+00       1.000000e-10 
      2.118200e+00       1.173202e+00       1.000000e-10 
      2.128200e+00       1.173194e+00       1.000000e-10 
      2.138200e+00       1.173186e+00       1.000000e-10 
      2.148200e+00       1.173178e+00       1.000000e-10 
      2.158200e+00       1.173170e+00       1.000000e-10 
      2.168200e+00       1.173162e+00       1.000000e-10 
      2.178200e+00       1.173154e+00       1.000000e-10 
      2.188200e+00       1.173146e+00       1.000000e-10 
      2.198200e+00       1.173138e+00       1.000000e-10 
      2.208200e+00       1.173130e+00       1.000000e-10 
      2.218200e+00       1.173122e+00       1.000000e-10 
      2.228200e+00       1.173114e+00       1.000000e-10 
      2.238200e+00       1.173106e+00       1.000000e-10 
      2.248200e+00       1.173098e+00       1.000000e-10 
      2.258200e+00       1.173090e+00       1.000000e-10 
      2.268200e+00       1.173082e+00       1.000000e-10 
      2.278200e+00       1.173074e+00       1.000000e-10 
      2.288200e+00       1.173066e+00       1.000000e-10 
      2.298200e+00       1.173058e+00       1.000000e-10 
      2.308200e+00       1.173050e+00       1.000000e-10 
      2.318200e+00       1.173042e+00       1.000000e-10 
      2.328200e+00       1.173034e+00       1.000000e-10 
      2.338200e+00       1.173027e+00       1.000000e-10 
      2.348200e+00       1.173019e+00       1.000000e-10 
      2.358200e+00       1.173011e+00       1.000000e-10 
      2.368200e+00       1.173003e+00       1.000000e-10 
      2.378200e+00       1.172995e+00       1.000000e-10 
      2.388200e+00       1.172987e+00       1.000000e-10 
      2.398200e+00       1.172979e+00       1.000000e-10 
      2.408200e+00       1.172971e+00       1.000000e-10 
      2.418200e+00       1.172963e+00       1.000000e-10 
      2.428200e+00       1.172955e+00       1.000000e-10 
      2.438200e+00       1.172947e+00       1.000000e-10 
      2.448200e+00       1.172939e+00       1.000000e-10 
      2.458200e+00       1.172931e+00       1.000000e-10 
      2.468200e+00       1.172923e+00       1.000000e-10 
      2.478200e+00       1.172915e+00       1.000000e-10 
      2.488200e+00       1.172907e+00       1.000000e-10 
      2.498200e+00       1.172899e+00       1.000000e-10 
      2.508200e+00       1.172891e+00       1.000000e-10 
      2.518200e+00       1.172883e+00       1.000000e-10 
      2.528200e+00       1.172875e+00       1.000000e-10 
      2.538200e+00       1.172867e+00       1.000000e-10 
      2.548200e+00       1.172859e+00       1.000000e-10 
      2.558200e+00       1.172851e+00       1.000000e-10 
      2.568200e+00       1.172843e+00       1.000000e-10 
      2.578200e+00       1.172835e+00       1.000000e-10 
      2.588200e+00       1.172827e+00       1.000000e-10 
      2.598200e+00       1.172819e+00       1.000000e-10 
      2.608200e+00       1.172811e+00       1.000000e-10 
      2.618200e+00       1.172803e+00       1.000000e-10 
      2.628200e+00       1.172795e+00       1.000000e-10 
      2.638200e+00       1.172787e+00       1.000000e-10 
      2.648200e+00       1.172779e+00       1.000000e-10 
      2.658200e+00       1.172771e+00       1.000000e-10 
      2.668200e+00       1.172763e+00       1.000000e-10 
      2.678200e+00       1.172756e+00       1.000000e-10 
      2.688200e+00       1.172748e+00       1.000000e-10 
      2.698200e+00       1.172740e+00       1.000000e-10 
      2.708200e+00       1.172732e+00       1.000000e-10 
      2.718200e+00       1.172724e+00       1.000000e-10 
      2.728200e+00       1.172716e+00       1.000000e-10 
      2.738200e+00       1.172708e+00       1.000000e-10 
      2.748200e+00       1.172700e+00       1.000000e-10 
      2.758200e+00       1.172692e+00       1.000000e-10 
      2.768200e+00       1.172684e+00       1.000000e-10 
      2.778200e+00       1.172676e+00       1.000000e-10 
      2.788200e+00       1.172668e+00       1.000000e-10 
      2.798200e+00       1.172660e+00       1.000000e-10 
      2.808200e+00       1.172652e+00       1.000000e-10 
      2.818200e+00       1.172644e+00       1.000000e-10 
      2.828200e+00       1.172636e+00       1.000000e-10 
      2.838200e+00       1.172628e+00       1.000000e-10 
      2.848200e+00       1.172620e+00       1.000000e-10 
      2.858200e+00       1.172612e+00       1.000000e-10 
      2.868200e+00       1.172604e+00       1.000000e-10 
      2.878200e+00       1.172596e+00       1.000000e-10 
      2.888200e+00       1.172588e+00       1.000000e-10 
      2.898200e+00       1.172580e+00       1.000000e-10 
      2.908200e+00       1.172572e+00       1.000000e-10 
      2.918200e+00       1.172564e+00       1.000000e-10 
      2.928200e+00       1.172556e+00       1.000000e-10 
      2.938200e+00       1.172548e+00       1.000000e-10 
      2.948200e+00       1.172540e+00       1.000000e-10 
      2.958200e+00       1.172532e+00       1.000000e-10 
      2.968200e+00       1.172524e+00       1.000000e-10 
      2.978200e+00       1.172516e+00       1.000000e-10 
      2.988200e+00       1.172508e+00       1.000000e-10 
      2.998200e+00       1.172500e+00       1.000000e-10 
      3.008200e+00       1.172493e+00       1.000000e-10 
      3.018200e+00       1.172485e+00       1.000000e-10 
      3.028200e+00       1.172477e+00       1.000000e-10 
      3.038200e+00       1.172469e+00       1.000000e-10 
      3.048200e+00       1.172461e+00       1.000000e-10 
      3.058200e+00       1.172453e+00       1.000000e-10 
      3.068200e+00       1.172445e+00       1.000000e-10 
      3.078200e+00       1.172437e+00       1.000000e-10 
      3.088200e+00       1.172429e+00       1.000000e-10 
      3.098200e+00       1.172421e+00       1.000000e-10 
      3.108200e+00       1.172413e+00       1.000000e-10 
      3.118200e+00       1.172405e+00       1.000000e-10 
      3.128200e+00       1.172397e+00       1.000000e-10 
      3.138200e+00       1.172389e+00       1.000000e-10 
      3.148200e+00       1.172381e+00       1.000000e-10 
      3.158200e+00       1.172373e+00       1.000000e-10 
      3.168200e+00       1.172365e+00       1.000000e-10 
      3.178200e+00       1.172357e+00       1.000000e-10 
      3.188200e+00       1.172349e+00       1.000000e-10 
      3.198200e+00       1.172341e+00       1.000000e-10 
      3.208200e+00       1.172333e+00       1.000000e-10 
      3.218200e+00       1.172325e+00       1.000000e-10 
      3.228200e+00       1.172317e+00       1.000000e-10 
      3.238200e+00       1.172309e+00       1.000000e-10 
      3.248200e+00       1.172301e+00       1.000000e-10 
      3.258200e+00       1.172293e+00       1.000000e-10 
      3.268200e+00       1.172285e+00       1.000000e-10 
      3.278200e+00       1.172277e+00       1.000000e-10 
      3.288200e+00       1.172269e+00       1.000000e-10 
      3.298200e+00       1.172261e+00       1.000000e-10 
      3.308200e+00       1.172253e+00       1.000000e-10 
      3.318200e+00       1.172245e+00       1.000000e-10 
      3.328200e+00       1.172237e+00       1.000000e-10 
      3.338200e+00       1.172229e+00       1.000000e-10 
      3.348200e+00       1.172222e+00       1.000000e-10 
      3.358200e+00       1.172214e+00       1.000000e-10 
      3.368200e+00       1.172206e+00       1.000000e-10 
      3.378200e+00       1.172198e+00       1.000000e-10 
      3.388200e+00       1.172190e+00       1.000000e-10 
      3.398200e+00       1.172182e+00       1.000000e-10 
      3.408200e+00       1.172174e+00       1.000000e-10 
      3.418200e+00       1.172166e+00       1.000000e-10 
      3.428200e+00       1.172158e+00       1.000000e-10 
      3.438200e+00       1.172150e+00       1.000000e-10 
      3.448200e+00       1.172142e+00       1.000000e-10 
      3.458200e+00       1.172134e+00       1.000000e-10 
      3.468200e+00       1.172126e+00       1.000000e-10 
      3.478200e+00       1.172118e+00       1.000000e-10 
      3.488200e+00       1.172110e+00       1.000000e-10 
      3.498200e+00       1.172102e+00       1.000000e-10 
      3.508200e+00       1.172094e+00       1.000000e-10 
      3.518200e+00       1.172086e+00       1.000000e-10 
      3.528200e+00       1.172078e+00       1.000000e-10 
      3.538200e+00       1.172070e+00       1.000000e-10 
      3.548200e+00       1.172062e+00       1.000000e-10 
      3.558200e+00       1.172054e+00       1.000000e-10 
      3.568200e+00       1.172046e+00       1.000000e-10 
      3.578200e+00       1.172038e+00       1.000000e-10 
      3.588200e+00       1.172030e+00       1.000000e-10 
      3.598200e+00       1.172022e+00       1.000000e-10 
      3.608200e+00       1.172014e+00       1.000000e-10 
      3.618200e+00       1.172006e+00       1.000000e-10 
      3.628200e+00       1.171998e+00       1.000000e-10 
      3.638200e+00       1.171990e+00       1.000000e-10 
      3.648200e+00       1.171982e+00       1.000000e-10 
      3.658200e+00       1.171974e+00       1.000000e-10 
      3.668200e+00       1.171966e+00       1.000000e-10 
      3.678200e+00       1.171958e+00       1.000000e-10 
      3.688200e+00       1.171951e+00       1.000000e-10 
      3.698200e+00       1.171943e+00       1.000000e-10 
      3.708200e+00       1.171935e+00       1.000000e-10 
      3.718200e+00       1.171927e+00       1.000000e-10 
      3.728200e+00       1.171919e+00       1.000000e-10 
      3.738200e+00       1.171911e+00       1.000000e-10 
      3.748200e+00       1.171903e+00       1.000000e-10 
      3.758200e+00       1.171895e+00       1.000000e-10 
      3.768200e+00       1.171887e+00       1.000000e-10 
      3.778200e+00       1.171879e+00       1.000000e-10 
      3.788200e+00       1.171871e+00       1.000000e-10 
      3.798200e+00       1.171863e+00       1.000000e-10 
      3.808200e+00       1.171855e+00       1.000000e-10 
      3.818200e+00       1.171847e+00       1.000000e-10 
      3.828200e+00       1.171839e+00       1.000000e-10 
      3.838200e+00       1.171831e+00       1.000000e-10 
      3.848200e+00       1.171823e+00       1.000000e-10 
      3.858200e+00       1.171815e+00       1.000000e-10 
      3.868200e+00       1.171807e+00       1.000000e-10 
      3.878200e+00       1.171799e+00       1.000000e-10 
      3.888200e+00       1.171791e+00       1.000000e-10 
      3.898200e+00       1.171783e+00       1.000000e-10 
      3.908200e+00       1.171775e+00       1.000000e-10 
      3.918200e+00       1.171767e+00       1.000000e-10 
      3.928200e+00       1.171759e+00       1.000000e-10 
      3.938200e+00       1.171751e+00       1.000000e-10 
      3.948200e+00       1.171743e+00       1.000000e-10 
      3.958200e+00       1.171735e+00       1.000000e-10 
      3.968200e+00       1.171727e+00       1.000000e-10 
      3.978200e+00       1.171719e+00       1.000000e-10 
      3.988200e+00       1.171711e+00       1.000000e-10 
      3.998200e+00       1.171703e+00       1.000000e-10 
      4.008200e+00       1.171695e+00       1.000000e-10 
      4.018200e+00       1.171688e+00       1.000000e-10 
      4.028200e+00       1.171680e+00       1.000000e-10 
      4.038200e+00       1.171672e+00       1.000000e-10 
      4.048200e+00       1.171664e+00       1.000000e-10 
      4.058200e+00       1.171656e+00       1.000000e-10 
      4.068200e+00       1.171648e+00       1.000000e-10 
      4.078200e+00       1.171640e+00       1.000000e-10 
      4.088200e+00       1.171632e+00       1.000000e-10 
      4.098200e+00       1.171624e+00       1.000000e-10 
      4.108200e+00       1.171616e+00       1.000000e-10 
      4.118200e+00       1.171608e+00       1.000000e-10 
      4.128200e+00       1.171600e+00       1.000000e-10 
      4.138200e+00       1.171592e+00       1.000000e-10 
      4.148200e+00       1.171584e+00       1.000000e-10 
      4.158200e+00       1.171576e+00       1.000000e-10 
      4.168200e+00       1.171568e+00       1.000000e-10 
      4.178200e+00       1.171560e+00       1.000000e-10 
      4.188200e+00       1.171552e+00       1.000000e-10 
      4.198200e+00       1.171544e+00       1.000000e-10 
      4.208200e+00       1.171536e+00       1.000000e-10 
      4.218200e+00       1.171528e+00       1.000000e-10 
      4.228200e+00       1.171520e+00       1.000000e-10 
      4.238200e+00       1.171512e+00       1.000000e-10 
      4.248200e+00       1.171504e+00       1.000000e-10 
      4.258200e+00       1.171496e+00       1.000000e-10 
      4.268200e+00       1.171488e+00       1.000000e-10 
      4.278200e+00       1.171480e+00       1.000000e-10 
      4.288200e+00       1.171472e+00       1.000000e-10 
      4.298200e+00       1.171464e+00       1.000000e-10 
      4.308200e+00       1.171456e+00       1.000000e-10 
      4.318200e+00       1.171448e+00       1.000000e-10 
      4.328200e+00       1.171440e+00       1.000000e-10 
      4.338200e+00       1.171432e+00       1.000000e-10 
      4.348200e+00       1.171424e+00       1.000000e-10 
      4.358200e+00       1.171417e+00       1.000000e-10 
      4.368200e+00       1.171409e+00       1.000000e-10 
      4.378200e+00       1.171401e+00       1.000000e-10 
      4.388200e+00       1.171393e+00       1.000000e-10 
      4.398200e+00       1.171385e+00       1.000000e-10 
      4.408200e+00       1.171377e+00       1.000000e-10 
      4.418200e+00       1.171369e+00       1.000000e-10 
      4.428200e+00       1.171361e+00       1.000000e-10 
      4.438200e+00       1.171353e+00       1.000000e-10 
      4.448200e+00       1.171345e+00       1.000000e-10 
      4.458200e+00       1.171337e+00       1.000000e-10 
      4.468200e+00       1.171329e+00       1.000000e-10 
      4.478200e+00       1.171321e+00       1.000000e-10 
      4.488200e+00       1.171313e+00       1.000000e-10 
      4.498200e+00       1.171305e+00       1.000000e-10 
      4.508200e+00       1.171297e+00       1.000000e-10 
      4.518200e+00       1.171289e+00       1.000000e-10 
      4.528200e+00       1.171281e+00       1.000000e-10 
      4.538200e+00       1.171273e+00       1.000000e-10 
      4.548200e+00       1.171265e+00       1.000000e-10 
      4.558200e+00       1.171257e+00       1.000000e-10 
      4.568200e+00       1.171249e+00       1.000000e-10 
      4.578200e+00       1.171241e+00       1.000000e-10 
      4.588200e+00       1.171233e+00       1.000000e-10 
      4.598200e+00       1.171225e+00       1.000000e-10 
      4.608200e+00       1.171217e+00       1.000000e-10 
      4.618200e+00       1.171209e+00       1.000000e-10 
      4.628200e+00       1.171201e+00       1.000000e-10 
      4.638200e+00       1.171193e+00       1.000000e-10 
      4.648200e+00       1.171185e+00       1.000000e-10 
      4.658200e+00       1.171177e+00       1.000000e-10 
      4.668200e+00       1.171169e+00       1.000000e-10 
      4.678200e+00       1.171161e+00       1.000000e-10 
      4.688200e+00       1.171154e+00       1.000000e-10 
      4.698200e+00       1.171146e+00       1.000000e-10 
      4.708200e+00       1.171138e+00       1.000000e-10 
      4.718200e+00       1.171130e+00       1.000000e-10 
      4.728200e+00       1.171122e+00       1.000000e-10 
      4.738200e+00       1.171114e+00       1.000000e-10 
      4.748200e+00       1.171106e+00       1.000000e-10 
      4.758200e+00       1.171098e+00       1.000000e-10 
      4.768200e+00       1.171090e+00       1.000000e-10 
      4.778200e+00       1.171082e+00       1.000000e-10 
      4.788200e+00       1.171074e+00       1.000000e-10 
      4.798200e+00       1.171066e+00       1.000000e-10 
      4.808200e+00       1.171058e+00       1.000000e-10 
      4.818200e+00       1.171050e+00       1.000000e-10 
      4.828200e+00       1.171042e+00       1.000000e-10 
      4.838200e+00       1.171034e+00       1.000000e-10 
      4.848200e+00       1.171026e+00       1.000000e-10 
      4.858200e+00       1.171018e+00       1.000000e-10 
      4.868200e+00       1.171010e+00       1.000000e-10 
      4.878200e+00       1.171002e+00       1.000000e-10 
      4.888200e+00       1.170994e+00       1.000000e-10 
      4.898200e+00       1.170986e+00       1.000000e-10 
      4.908200e+00       1.170978e+00       1.000000e-10 
      4.918200e+00       1.170970e+00       1.000000e-10 
      4.928200e+00       1.170962e+00       1.000000e-10 
      4.938200e+00       1.170954e+00       1.000000e-10 
      4.948200e+00       1.170946e+00       1.000000e-10 
      4.958200e+00       1.170938e+00       1.000000e-10 
      4.968200e+00       1.170930e+00       1.000000e-10 
      4.978200e+00       1.170922e+00       1.000000e-10 
      4.988200e+00       1.170914e+00       1.000000e-10 
      4.998200e+00       1.170906e+00       1.000000e-10 
      5.008200e+00       1.170898e+00       1.000000e-10 
      5.018200e+00       1.170890e+00       1.000000e-10 
      5.028200e+00       1.170883e+00       1.000000e-10 
      5.038200e+00       1.170875e+00       1.000000e-10 
      5.048200e+00       1.170867e+00       1.000000e-10 
      5.058200e+00       1.170859e+00       1.000000e-10 
      5.068200e+00       1.170851e+00       1.000000e-10 
      5.078200e+00       1.170843e+00       1.000000e-10 
      5.088200e+00       1.170835e+00       1.000000e-10 
      5.098200e+00       1.170827e+00       1.000000e-10 
      5.108200e+00       1.170819e+00       1.000000e-10 
      5.118200e+00       1.170811e+00       1.000000e-10 
      5.128200e+00       1.170803e+00       1.000000e-10 
      5.138200e+00       1.170795e+00       1.000000e-10 
      5.148200e+00       1.170787e+00       1.000000e-10 
      5.158200e+00       1.170779e+00       1.000000e-10 
      5.168200e+00       1.170771e+00       1.000000e-10 
      5.178200e+00       1.170763e+00       1.000000e-10 
      5.188200e+00       1.170755e+00       1.000000e-10 
      5.198200e+00       1.170747e+00       1.000000e-10 
      5.208200e+00       1.170739e+00       1.000000e-10 
      5.218200e+00       1.170731e+00       1.000000e-10 
      5.228200e+00       1.170723e+00       1.000000e-10 
      5.238200e+00       1.170715e+00       1.000000e-10 
      5.248200e+00       1.170707e+00       1.000000e-10 
      5.258200e+00       1.170699e+00       1.000000e-10 
      5.268200e+00       1.170691e+00       1.000000e-10 
      5.278200e+00       1.170683e+00       1.000000e-10 
      5.288200e+00       1.170675e+00       1.000000e-10 
      5.298200e+00       1.170667e+00       1.000000e-10 
      5.308200e+00       1.170659e+00       1.000000e-10 
      5.318200e+00       1.170651e+00       1.000000e-10 
      5.328200e+00       1.170643e+00       1.000000e-10 
      5.338200e+00       1.170635e+00       1.000000e-10 
      5.348200e+00       1.170627e+00       1.000000e-10 
      5.358200e+00       1.170619e+00       1.000000e-10 
      5.368200e+00       1.170612e+00       1.000000e-10 
      5.378200e+00       1.170604e+00       1.000000e-10 
      5.388200e+00       1.170596e+00       1.000000e-10 
      5.398200e+00       1.170588e+00       1.000000e-10 
      5.408200e+00       1.170580e+00       1.000000e-10 
      5.418200e+00       1.170572e+00       1.000000e-10 
      5.428200e+00       1.170564e+00       1.000000e-10 
      5.438200e+00       1.170556e+00       1.000000e-10 
      5.448200e+00       1.170548e+00       1.000000e-10 
      5.458200e+00       1.170540e+00       1.000000e-10 
      5.468200e+00       1.170532e+00       1.000000e-10 
      5.478200e+00       1.170524e+00       1.000000e-10 
      5.488200e+00       1.170516e+00       1.000000e-10 
      5.498200e+00       1.170508e+00       1.000000e-10 
      5.508200e+00       1.170500e+00       1.000000e-10 
      5.518200e+00       1.170492e+00       1.000000e-10 
      5.528200e+00       1.170484e+00       1.000000e-10 
      5.538200e+00       1.170476e+00       1.000000e-10 
      5.548200e+00       1.170468e+00       1.000000e-10 
      5.558200e+00       1.170460e+00       1.000000e-10 
      5.568200e+00       1.170452e+00       1.000000e-10 
      5.578200e+00       1.170444e+00       1.000000e-10 
      5.588200e+00       1.170436e+00       1.000000e-10 
      5.598200e+00       1.170428e+00       1.000000e-10 
      5.608200e+00       1.170420e+00       1.000000e-10 
      5.618200e+00       1.170412e+00       1.000000e-10 
      5.628200e+00       1.170404e+00       1.000000e-10 
      5.638200e+00       1.170396e+00       1.000000e-10 
      5.648200e+00       1.170388e+00       1.000000e-10 
      5.658200e+00       1.170380e+00       1.000000e-10 
      5.668200e+00       1.170372e+00       1.000000e-10 
      5.678200e+00       1.170364e+00       1.000000e-10 
      5.688200e+00       1.170356e+00       1.000000e-10 
      5.698200e+00       1.170349e+00       1.000000e-10 
      5.708200e+00       1.170341e+00       1.000000e-10 
      5.718200e+00       1.170333e+00       1.000000e-10 
      5.728200e+00       1.170325e+00       1.000000e-10 
      5.738200e+00       1.170317e+00       1.000000e-10 
      5.748200e+00       1.170309e+00       1.000000e-10 
      5.758200e+00       1.170301e+00       1.000000e-10 
      5.768200e+00       1.170293e+00       1.000000e-10 
      5.778200e+00       1.170285e+00       1.000000e-10 
      5.788200e+00       1.170277e+00       1.000000e-10 
      5.798200e+00       1.170269e+00       1.000000e-10 
      5.808200e+00       1.170261e+00       1.000000e-10 
      5.818200e+00       1.170253e+00       1.000000e-10 
      5.828200e+00       1.170245e+00       1.000000e-10 
      5.838200e+00       1.170237e+00       1.000000e-10 
      5.848200e+00       1.170229e+00       1.000000e-10 
      5.858200e+00       1.170221e+00       1.000000e-10 
      5.868200e+00       1.170213e+00       1.000000e-10 
      5.878200e+00       1.170205e+00       1.000000e-10 
      5.888200e+00       1.170197e+00       1.000000e-10 
      5.898200e+00       1.170189e+00       1.000000e-10 
      5.908200e+00       1.170181e+00       1.000000e-10 
      5.918200e+00       1.170173e+00       1.000000e-10 
      5.928200e+00       1.170165e+00       1.000000e-10 
      5.938200e+00       1.170157e+00       1.000000e-10 
      5.948200e+00       1.170149e+00       1.000000e-10 
      5.958200e+00       1.170141e+00       1.000000e-10 
      5.968200e+00       1.170133e+00       1.000000e-10 
      5.978200e+00       1.170125e+00       1.000000e-10 
      5.988200e+00       1.170117e+00       1.000000e-10 
      5.998200e+00       1.170109e+00       1.000000e-10 
      6.008200e+00       1.170101e+00       1.000000e-10 
      6.018200e+00       1.170093e+00       1.000000e-10 
      6.028200e+00       1.170085e+00       1.000000e-10 
      6.038200e+00       1.170078e+00       1.000000e-10 
      6.048200e+00       1.170070e+00       1.000000e-10 
      6.058200e+00       1.170062e+00       1.000000e-10 
      6.068200e+00       1.170054e+00       1.000000e-10 
      6.078200e+00       1.170046e+00       1.000000e-10 
      6.088200e+00       1.170038e+00       1.000000e-10 
      6.098200e+00       1.170030e+00       1.000000e-10 
      6.108200e+00       1.170022e+00       1.000000e-10 
      6.118200e+00       1.170014e+00       1.000000e-10 
      6.128200e+00       1.170006e+00       1.000000e-10 
      6.138200e+00       1.169998e+00       1.000000e-10 
      6.148200e+00       1.169990e+00       1.000000e-10 
      6.158200e+00       1.169982e+00       1.000000e-10 
      6.168200e+00       1.169974e+00       1.000000e-10 
      6.178200e+00       1.169966e+00       1.000000e-10 
      6.188200e+00       1.169958e+00       1.000000e-10 
      6.198200e+00       1.169950e+00       1.000000e-10 
