#Refractive index of KCl[s]; Palik (1985) in Palik: "Handbook of Optical Constants of Solids"
#Data points: 376
#Wavelength (micron) n  k
2.883000e-02	9.600000e-01	3.000000e-02
2.952000e-02	9.550000e-01	2.500000e-02
3.024000e-02	9.450000e-01	2.000000e-02
3.099000e-02	9.250000e-01	1.800000e-02
3.179000e-02	9.100000e-01	2.000000e-02
3.263000e-02	8.900000e-01	3.000000e-02
3.351000e-02	8.700000e-01	5.000000e-02
3.397000e-02	8.450000e-01	7.040000e-02
3.444000e-02	8.600000e-01	8.000000e-02
3.493000e-02	8.300000e-01	9.160000e-02
3.542000e-02	8.700000e-01	1.150000e-01
3.594000e-02	8.510000e-01	1.050000e-01
3.646000e-02	8.900000e-01	1.200000e-01
3.701000e-02	8.540000e-01	7.830000e-02
3.746000e-02	8.210000e-01	6.770000e-02
3.792000e-02	8.000000e-01	9.240000e-02
3.839000e-02	7.970000e-01	1.110000e-01
3.887000e-02	7.950000e-01	1.210000e-01
3.936000e-02	7.970000e-01	1.310000e-01
3.987000e-02	7.990000e-01	1.340000e-01
4.039000e-02	7.950000e-01	1.340000e-01
4.092000e-02	7.790000e-01	1.340000e-01
4.147000e-02	7.560000e-01	1.450000e-01
4.203000e-02	7.430000e-01	1.750000e-01
4.261000e-02	7.300000e-01	2.070000e-01
4.290000e-02	7.290000e-01	2.340000e-01
4.320000e-02	7.430000e-01	2.650000e-01
4.350000e-02	7.850000e-01	2.750000e-01
4.381000e-02	8.050000e-01	2.610000e-01
4.412000e-02	8.160000e-01	2.450000e-01
4.444000e-02	8.140000e-01	2.280000e-01
4.509000e-02	7.890000e-01	2.300000e-01
4.575000e-02	7.750000e-01	2.410000e-01
4.644000e-02	7.550000e-01	2.630000e-01
4.714000e-02	7.450000e-01	3.020000e-01
4.750000e-02	7.500000e-01	3.350000e-01
4.787000e-02	7.790000e-01	3.590000e-01
4.824000e-02	8.050000e-01	3.620000e-01
4.862000e-02	8.240000e-01	3.580000e-01
4.901000e-02	8.360000e-01	3.570000e-01
4.940000e-02	8.510000e-01	3.460000e-01
5.020000e-02	8.490000e-01	3.170000e-01
5.102000e-02	8.130000e-01	3.280000e-01
5.188000e-02	8.060000e-01	3.630000e-01
5.276000e-02	8.190000e-01	3.880000e-01
5.367000e-02	8.340000e-01	4.130000e-01
5.414000e-02	8.490000e-01	4.180000e-01
5.462000e-02	8.600000e-01	4.200000e-01
5.510000e-02	8.680000e-01	4.200000e-01
5.560000e-02	8.720000e-01	4.180000e-01
5.661000e-02	8.140000e-01	4.160000e-01
5.714000e-02	7.900000e-01	4.880000e-01
5.767000e-02	8.200000e-01	5.690000e-01
5.821000e-02	9.180000e-01	6.120000e-01
5.876000e-02	1.010000e+00	5.870000e-01
5.932000e-02	1.060000e+00	5.300000e-01
5.990000e-02	1.070000e+00	4.490000e-01
6.048000e-02	1.020000e+00	3.550000e-01
6.108000e-02	9.260000e-01	4.110000e-01
6.168000e-02	9.100000e-01	4.950000e-01
6.230000e-02	9.820000e-01	5.840000e-01
6.294000e-02	1.000000e+00	4.970000e-01
6.358000e-02	1.010000e+00	5.330000e-01
6.491000e-02	1.090000e+00	5.250000e-01
6.630000e-02	1.170000e+00	4.890000e-01
6.775000e-02	1.150000e+00	3.870000e-01
6.927000e-02	1.110000e+00	3.670000e-01
7.005000e-02	1.070000e+00	3.820000e-01
7.085000e-02	1.070000e+00	4.110000e-01
7.167000e-02	1.090000e+00	4.280000e-01
7.251000e-02	1.130000e+00	4.200000e-01
7.336000e-02	1.140000e+00	3.760000e-01
7.424000e-02	1.130000e+00	3.570000e-01
7.606000e-02	1.090000e+00	3.220000e-01
7.798000e-02	1.050000e+00	3.170000e-01
7.999000e-02	1.010000e+00	3.280000e-01
8.211000e-02	9.650000e-01	3.440000e-01
8.434000e-02	9.310000e-01	3.670000e-01
8.670000e-02	8.830000e-01	4.150000e-01
8.920000e-02	7.910000e-01	4.410000e-01
9.184000e-02	6.900000e-01	7.310000e-01
9.465000e-02	8.410000e-01	9.500000e-01
9.611000e-02	9.140000e-01	1.040000e+00
9.763000e-02	1.040000e+00	1.220000e+00
9.919000e-02	1.340000e+00	1.290000e+00
1.008000e-01	1.570000e+00	1.120000e+00
1.025000e-01	1.670000e+00	9.590000e-01
1.042000e-01	1.740000e+00	7.670000e-01
1.060000e-01	1.730000e+00	6.400000e-01
1.069000e-01	1.670000e+00	5.800000e-01
1.078000e-01	1.660000e+00	5.300000e-01
1.088000e-01	1.650000e+00	4.900000e-01
1.097000e-01	1.630000e+00	4.500000e-01
1.107000e-01	1.600000e+00	4.100000e-01
1.117000e-01	1.570000e+00	3.800000e-01
1.127000e-01	1.540000e+00	3.500000e-01
1.137000e-01	1.500000e+00	3.250000e-01
1.148000e-01	1.470000e+00	3.100000e-01
1.159000e-01	1.420000e+00	3.150000e-01
1.170000e-01	1.380000e+00	3.600000e-01
1.175000e-01	1.360000e+00	3.800000e-01
1.181000e-01	1.370000e+00	3.850000e-01
1.192000e-01	1.395000e+00	3.800000e-01
1.204000e-01	1.350000e+00	3.700000e-01
1.216000e-01	1.300000e+00	3.500000e-01
1.228000e-01	1.240000e+00	3.550000e-01
1.240000e-01	1.160000e+00	3.800000e-01
1.252000e-01	1.050000e+00	4.100000e-01
1.265000e-01	8.700000e-01	5.800000e-01
1.278000e-01	8.000000e-01	9.000000e-01
1.291000e-01	9.400000e-01	1.270000e+00
1.305000e-01	1.380000e+00	1.495000e+00
1.319000e-01	1.810000e+00	1.380000e+00
1.333000e-01	2.070000e+00	1.130000e+00
1.348000e-01	2.180000e+00	8.500000e-01
1.362000e-01	2.120000e+00	6.400000e-01
1.378000e-01	1.990000e+00	5.000000e-01
1.393000e-01	1.900000e+00	4.300000e-01
1.409000e-01	1.850000e+00	4.000000e-01
1.425000e-01	1.810000e+00	3.900000e-01
1.442000e-01	1.790000e+00	3.700000e-01
1.459000e-01	1.750000e+00	3.450000e-01
1.476000e-01	1.730000e+00	3.400000e-01
1.494000e-01	1.680000e+00	2.650000e-01
1.512000e-01	1.540000e+00	2.150000e-01
1.531000e-01	1.360000e+00	2.500000e-01
1.550000e-01	1.150000e+00	4.600000e-01
1.569000e-01	1.130000e+00	9.000000e-01
1.589000e-01	1.300000e+00	1.360000e+00
1.610000e-01	1.920000e+00	1.640000e+00
1.631000e-01	2.630000e+00	1.340000e+00
1.642000e-01	2.920000e+00	1.100000e+00
1.653000e-01	3.000000e+00	5.100000e-01
1.664000e-01	2.800000e+00	2.000000e-01
1.675000e-01	2.610000e+00	6.000000e-02
1.698000e-01	2.340000e+00	3.110000e-03
1.722000e-01	2.190000e+00	1.780000e-04
1.746000e-01	2.080000e+00	7.960000e-06
1.771000e-01	2.000000e+00	8.460000e-07
1.797000e-01	1.940000e+00	2.290000e-07
1.800000e-01	1.893240e+00	2.123707e-07
1.820000e-01	1.863920e+00	1.493996e-07
1.823000e-01	1.890000e+00	1.450000e-07
1.840000e-01	1.838830e+00	1.248350e-07
1.850000e-01	1.850000e+00	1.145809e-07
1.860000e-01	1.817050e+00	1.053488e-07
1.879000e-01	1.820000e+00	9.021813e-08
1.888000e-01	1.797890e+00	8.399975e-08
1.900000e-01	1.780870e+00	7.652032e-08
1.907000e-01	1.800000e+00	7.254238e-08
1.937000e-01	1.780000e+00	5.817942e-08
2.000000e-01	1.717390e+00	3.809471e-08
2.100000e-01	1.675390e+00	2.140709e-08
2.200000e-01	1.645170e+00	1.324165e-08
2.300000e-01	1.622260e+00	8.836234e-09
2.400000e-01	1.604260e+00	6.258530e-09
2.500000e-01	1.589720e+00	4.643344e-09
2.600000e-01	1.577750e+00	3.570069e-09
2.700000e-01	1.567720e+00	2.819637e-09
2.800000e-01	1.559210e+00	2.271167e-09
2.900000e-01	1.551910e+00	1.854677e-09
3.000000e-01	1.545580e+00	1.528016e-09
3.100000e-01	1.540050e+00	1.264961e-09
3.200000e-01	1.535180e+00	1.048746e-09
3.300000e-01	1.530870e+00	8.683895e-10
3.400000e-01	1.527030e+00	7.165186e-10
3.500000e-01	1.523580e+00	5.880317e-10
3.600000e-01	1.520490e+00	4.789339e-10
3.700000e-01	1.517690e+00	3.838545e-10
3.800000e-01	1.515150e+00	3.045492e-10
3.900000e-01	1.512830e+00	2.414069e-10
4.000000e-01	1.510720e+00	1.926919e-10
4.200000e-01	1.507010e+00	1.286496e-10
4.400000e-01	1.503860e+00	9.459020e-11
4.600000e-01	1.501150e+00	7.898486e-11
4.800000e-01	1.498820e+00	7.600201e-11
5.000000e-01	1.496790e+00	7.603615e-11
5.200000e-01	1.495010e+00	7.610876e-11
5.400000e-01	1.493440e+00	7.621548e-11
5.600000e-01	1.492050e+00	7.635262e-11
5.800000e-01	1.490810e+00	7.651697e-11
6.000000e-01	1.489690e+00	7.670577e-11
6.200000e-01	1.488690e+00	7.691661e-11
6.400000e-01	1.487790e+00	7.714739e-11
6.600000e-01	1.486970e+00	7.739627e-11
6.800000e-01	1.486230e+00	7.766161e-11
7.000000e-01	1.485550e+00	7.794198e-11
7.200000e-01	1.484930e+00	7.823610e-11
7.400000e-01	1.484360e+00	7.854284e-11
7.600000e-01	1.483840e+00	7.886117e-11
7.800000e-01	1.483360e+00	7.919018e-11
8.000000e-01	1.482910e+00	7.952906e-11
8.200000e-01	1.482500e+00	7.987707e-11
8.400000e-01	1.482120e+00	8.023354e-11
8.600000e-01	1.481760e+00	8.059787e-11
8.800000e-01	1.481430e+00	8.096951e-11
9.000000e-01	1.481110e+00	8.134797e-11
9.200000e-01	1.480820e+00	8.173279e-11
9.400000e-01	1.480550e+00	8.212355e-11
9.600000e-01	1.480300e+00	8.251988e-11
9.800000e-01	1.480060e+00	8.292143e-11
1.000000e+00	1.479830e+00	8.332789e-11
1.100000e+00	1.478870e+00	8.542420e-11
1.200000e+00	1.478130e+00	8.760749e-11
1.300000e+00	1.477550e+00	8.985771e-11
1.400000e+00	1.477080e+00	9.216071e-11
1.500000e+00	1.476680e+00	9.450632e-11
1.600000e+00	1.476340e+00	9.688704e-11
1.700000e+00	1.476050e+00	9.929725e-11
1.800000e+00	1.475800e+00	1.017327e-10
1.900000e+00	1.475570e+00	1.041900e-10
2.000000e+00	1.475360e+00	1.066667e-10
2.200000e+00	1.474980e+00	1.116703e-10
2.400000e+00	1.474640e+00	1.167318e-10
2.600000e+00	1.474330e+00	1.218434e-10
2.800000e+00	1.474030e+00	1.270000e-10
3.000000e+00	1.473740e+00	1.376732e-10
3.200000e+00	1.473450e+00	1.555136e-10
3.400000e+00	1.473150e+00	1.751450e-10
3.600000e+00	1.472850e+00	1.908120e-10
3.800000e+00	1.472540e+00	1.970000e-10
4.000000e+00	1.472230e+00	1.707644e-10
4.200000e+00	1.471900e+00	1.213130e-10
4.400000e+00	1.471560e+00	7.858752e-11
4.600000e+00	1.471220e+00	5.036384e-11
4.800000e+00	1.470850e+00	3.397811e-11
5.000000e+00	1.470480e+00	2.530076e-11
5.200000e+00	1.470100e+00	2.155056e-11
5.400000e+00	1.469700e+00	2.131247e-11
5.600000e+00	1.469280e+00	2.296409e-11
5.800000e+00	1.468860e+00	2.632039e-11
6.000000e+00	1.468420e+00	3.172507e-11
6.200000e+00	1.467960e+00	3.982726e-11
6.400000e+00	1.467490e+00	5.164881e-11
6.600000e+00	1.467010e+00	6.870816e-11
6.800000e+00	1.466510e+00	9.320456e-11
7.000000e+00	1.466000e+00	1.282735e-10
7.200000e+00	1.465470e+00	1.783273e-10
7.400000e+00	1.464930e+00	2.494947e-10
7.600000e+00	1.464370e+00	3.501720e-10
7.800000e+00	1.463790e+00	4.916889e-10
8.000000e+00	1.462900e+00	6.890820e-10
8.200000e+00	1.462600e+00	9.619485e-10
8.400000e+00	1.461980e+00	1.335329e-09
8.600000e+00	1.461340e+00	1.840538e-09
8.800000e+00	1.460690e+00	2.515819e-09
9.000000e+00	1.460020e+00	3.406689e-09
9.200000e+00	1.459340e+00	4.565784e-09
9.400000e+00	1.458640e+00	6.052027e-09
9.600000e+00	1.457920e+00	7.928948e-09
9.800000e+00	1.457190e+00	1.026202e-08
1.000000e+01	1.456440e+00	1.311497e-08
1.020000e+01	1.455670e+00	1.654505e-08
1.040000e+01	1.454890e+00	2.059760e-08
1.060000e+01	1.454090e+00	2.530000e-08
1.080000e+01	1.453270e+00	3.072429e-08
1.100000e+01	1.452440e+00	3.703932e-08
1.120000e+01	1.451590e+00	4.444157e-08
1.140000e+01	1.450720e+00	5.319542e-08
1.160000e+01	1.449840e+00	6.365455e-08
1.180000e+01	1.448930e+00	7.629144e-08
1.200000e+01	1.448010e+00	9.173849e-08
1.220000e+01	1.447070e+00	1.108461e-07
1.240000e+01	1.446110e+00	1.347656e-07
1.260000e+01	1.445140e+00	1.652928e-07
1.280000e+01	1.444150e+00	2.059148e-07
1.300000e+01	1.443130e+00	2.595693e-07
1.320000e+01	1.442100e+00	3.294640e-07
1.340000e+01	1.441050e+00	4.191716e-07
1.360000e+01	1.439990e+00	5.323704e-07
1.380000e+01	1.438900e+00	6.724148e-07
1.400000e+01	1.437790e+00	8.417177e-07
1.420000e+01	1.436670e+00	1.040964e-06
1.440000e+01	1.435520e+00	1.270336e-06
1.460000e+01	1.433430e+00	1.540046e-06
1.480000e+01	1.433170e+00	1.857258e-06
1.500000e+01	1.431970e+00	2.228834e-06
1.520000e+01	1.430740e+00	2.662474e-06
1.540000e+01	1.429500e+00	3.166810e-06
1.560000e+01	1.428230e+00	3.751514e-06
1.580000e+01	1.426940e+00	4.427427e-06
1.600000e+01	1.425630e+00	5.206693e-06
1.620000e+01	1.420000e+00	6.102916e-06
1.640000e+01	1.422950e+00	7.131342e-06
1.660000e+01	1.421580e+00	8.309055e-06
1.680000e+01	1.420180e+00	9.656410e-06
1.700000e+01	1.418770e+00	1.119879e-05
1.720000e+01	1.417330e+00	1.295949e-05
1.740000e+01	1.415870e+00	1.496314e-05
1.760000e+01	1.414380e+00	1.723593e-05
1.780000e+01	1.412870e+00	1.980557e-05
1.800000e+01	1.411340e+00	2.270110e-05
1.820000e+01	1.409790e+00	2.595275e-05
1.840000e+01	1.408210e+00	2.959162e-05
1.860000e+01	1.406610e+00	3.364948e-05
1.880000e+01	1.404980e+00	3.815833e-05
1.900000e+01	1.403330e+00	4.315008e-05
1.920000e+01	1.401650e+00	4.865606e-05
1.940000e+01	1.399950e+00	5.470654e-05
1.960000e+01	1.398220e+00	6.133018e-05
1.980000e+01	1.396470e+00	6.855344e-05
2.000000e+01	1.394690e+00	7.640000e-05
2.050000e+01	1.390120e+00	9.914032e-05
2.100000e+01	1.385380e+00	1.270507e-04
2.150000e+01	1.380470e+00	1.609668e-04
2.200000e+01	1.375370e+00	2.018112e-04
2.250000e+01	1.370090e+00	2.506007e-04
2.300000e+01	1.364610e+00	3.084542e-04
2.350000e+01	1.358920e+00	3.766014e-04
2.400000e+01	1.353030e+00	4.563936e-04
2.450000e+01	1.346920e+00	5.493158e-04
2.500000e+01	1.340590e+00	6.570000e-04
2.550000e+01	1.334020e+00	7.765417e-04
2.600000e+01	1.327210e+00	9.038539e-04
2.650000e+01	1.320140e+00	1.039424e-03
2.700000e+01	1.312810e+00	1.184493e-03
2.750000e+01	1.305200e+00	1.341136e-03
2.800000e+01	1.297310e+00	1.512354e-03
2.850000e+01	1.289110e+00	1.702199e-03
2.900000e+01	1.280600e+00	1.915956e-03
2.941000e+01	1.300000e+00	2.113787e-03
2.950000e+01	1.271750e+00	2.160415e-03
3.000000e+01	1.262600e+00	2.444256e-03
3.050000e+01	1.253000e+00	2.778603e-03
3.100000e+01	1.243100e+00	3.177803e-03
3.125000e+01	1.280000e+00	3.407345e-03
3.150000e+01	1.232700e+00	3.660509e-03
3.200000e+01	1.222000e+00	4.251211e-03
3.226000e+01	1.250000e+00	4.611440e-03
3.250000e+01	1.210800e+00	4.982378e-03
3.300000e+01	1.199100e+00	5.897492e-03
3.333000e+01	1.200000e+00	6.630000e-03
3.400000e+01	1.174100e+00	9.366522e-03
3.448000e+01	1.150000e+00	1.278205e-02
3.450000e+01	1.160800e+00	1.294921e-02
3.500000e+01	1.146900e+00	1.753124e-02
3.571000e+01	1.100000e+00	2.300000e-02
3.704000e+01	1.050000e+00	2.800000e-02
3.846000e+01	9.900000e-01	4.200000e-02
4.000000e+01	9.300000e-01	8.300000e-02
4.167000e+01	8.500000e-01	1.600000e-01
4.255000e+01	8.600000e-01	1.700000e-01
4.348000e+01	8.000000e-01	1.800000e-01
4.444000e+01	7.000000e-01	2.000000e-01
4.545000e+01	5.300000e-01	3.500000e-01
4.651000e+01	6.100000e-01	5.800000e-01
4.762000e+01	7.000000e-01	5.200000e-01
5.000000e+01	5.700000e-01	5.300000e-01
5.263000e+01	4.100000e-01	7.700000e-01
5.556000e+01	3.100000e-01	1.050000e+00
5.882000e+01	1.700000e-01	1.500000e+00
6.250000e+01	1.700000e-01	2.200000e+00
6.452000e+01	2.400000e-01	2.900000e+00
6.667000e+01	4.400000e-01	4.000000e+00
6.897000e+01	1.100000e+00	5.500000e+00
7.143000e+01	5.300000e+00	4.000000e+00
7.407000e+01	5.000000e+00	8.000000e-01
7.692000e+01	4.100000e+00	3.200000e-01
8.000000e+01	3.500000e+00	2.300000e-01
8.333000e+01	3.200000e+00	2.000000e-01
9.091000e+01	2.900000e+00	1.500000e-01
1.000000e+02	2.700000e+00	1.100000e-01
1.111000e+02	2.600000e+00	6.600000e-02
1.250000e+02	2.500000e+00	1.100000e-01
1.429000e+02	2.400000e+00	9.200000e-02
1.667000e+02	2.300000e+00	5.300000e-02
2.000000e+02	2.200000e+00	4.750413e-02
3.000000e+02	1.992704e+00	3.100000e-02
3.200000e+02	1.961560e+00	2.650000e-02
4.000000e+02	1.857582e+00	2.500000e-02
5.000000e+02	1.759116e+00	1.900000e-02
6.000000e+02	1.682551e+00	1.611000e-02
7.000000e+02	1.620421e+00	1.300000e-02
8.000000e+02	1.568460e+00	1.200000e-02
9.000000e+02	1.524012e+00	1.000000e-02
1.000000e+03	1.485320e+00	9.000000e-03
