#Refractive index of MgAl2O4[s]; Zeidler et al. (2011), A&A 526:A68; Tropf & Thomas (1991) in Palik: "Handbook of Optical Constants of Solids"; Database of Optical Constants for Cosmic Dust, Laboratory Astrophysics Group of the AIU Jena
#Data points: 1583
#Wavelength (micron) n  k
3.500000e-01	1.748900e+00	2.200000e-13
3.600000e-01	1.746100e+00	2.200000e-13
3.700000e-01	1.743300e+00	2.200000e-13
3.800000e-01	1.740900e+00	2.200000e-13
3.900000e-01	1.738900e+00	2.200000e-13
4.000000e-01	1.736800e+00	2.200000e-13
4.200000e-01	1.733200e+00	2.200000e-13
4.400000e-01	1.730200e+00	2.200000e-13
4.600000e-01	1.727300e+00	2.200000e-13
4.800000e-01	1.725000e+00	2.200000e-13
5.000000e-01	1.722900e+00	2.200000e-13
5.200000e-01	1.721100e+00	2.200000e-13
5.400000e-01	1.719500e+00	2.200000e-13
5.600000e-01	1.718000e+00	2.200000e-13
6.000000e-01	1.715600e+00	2.200000e-13
6.200000e-01	1.714500e+00	2.200000e-13
6.400000e-01	1.713500e+00	2.200000e-13
6.600000e-01	1.712600e+00	2.200000e-13
6.800000e-01	1.711900e+00	2.200000e-13
7.000000e-01	1.711100e+00	2.200000e-13
1.041700e+00	1.702000e+00	2.200000e-13
1.063800e+00	1.701000e+00	2.200000e-13
1.087000e+00	1.701000e+00	2.200000e-13
1.111100e+00	1.700000e+00	2.200000e-13
1.136400e+00	1.700000e+00	2.200000e-13
1.162800e+00	1.700000e+00	2.200000e-13
1.190500e+00	1.699000e+00	2.200000e-13
1.219500e+00	1.699000e+00	2.200000e-13
1.250000e+00	1.698000e+00	2.200000e-13
1.282100e+00	1.698000e+00	2.200000e-13
1.315800e+00	1.697000e+00	2.200000e-13
1.351400e+00	1.697000e+00	2.200000e-13
1.388900e+00	1.696000e+00	2.200000e-13
1.428600e+00	1.695000e+00	2.200000e-13
1.470600e+00	1.695000e+00	2.200000e-13
1.515200e+00	1.694000e+00	2.200000e-13
1.562500e+00	1.693000e+00	2.200000e-13
1.612900e+00	1.693000e+00	2.200000e-13
1.666700e+00	1.692000e+00	2.200000e-13
1.724100e+00	1.691000e+00	2.200000e-13
1.785700e+00	1.690000e+00	2.200000e-13
1.851900e+00	1.689000e+00	2.200000e-13
1.923100e+00	1.688000e+00	2.200000e-13
2.000000e+00	1.686000e+00	2.200000e-13
2.040800e+00	1.686000e+00	4.400000e-13
2.083300e+00	1.685000e+00	8.600000e-13
2.127700e+00	1.684000e+00	1.600000e-12
2.173900e+00	1.683000e+00	2.900000e-12
2.222200e+00	1.682000e+00	5.200000e-12
2.272700e+00	1.681000e+00	9.000000e-12
2.325600e+00	1.680000e+00	1.600000e-11
2.381000e+00	1.679000e+00	2.700000e-11
2.439000e+00	1.678000e+00	4.600000e-11
2.500000e+00	1.677000e+00	8.000000e-11
2.564100e+00	1.675000e+00	1.400000e-10
2.631600e+00	1.674000e+00	2.400000e-10
2.702700e+00	1.672000e+00	4.200000e-10
2.777800e+00	1.671000e+00	7.300000e-10
2.900000e+00	1.669000e+00	1.300000e-09
2.941200e+00	1.667000e+00	2.300000e-09
3.030300e+00	1.664000e+00	4.100000e-09
3.125000e+00	1.662000e+00	7.500000e-09
3.225800e+00	1.659000e+00	1.400000e-08
3.333300e+00	1.656000e+00	2.400000e-08
3.448300e+00	1.653000e+00	4.500000e-08
3.571400e+00	1.649000e+00	8.400000e-08
3.703700e+00	1.645000e+00	1.600000e-07
3.846200e+00	1.640000e+00	3.100000e-07
4.000000e+00	1.635000e+00	5.900000e-07
4.166700e+00	1.629000e+00	1.100000e-06
4.347800e+00	1.622000e+00	2.100000e-06
4.545500e+00	1.612639e+00	4.100000e-06
4.761900e+00	1.601311e+00	8.600000e-06
5.000000e+00	1.587725e+00	1.800000e-05
5.128200e+00	1.579993e+00	2.600000e-05
5.263200e+00	1.571582e+00	3.700000e-05
5.405400e+00	1.562465e+00	5.200000e-05
5.555600e+00	1.552598e+00	7.100000e-05
5.714300e+00	1.541964e+00	1.000000e-04
5.882400e+00	1.530534e+00	1.400000e-04
6.060600e+00	1.518311e+00	2.000000e-04
6.250000e+00	1.505298e+00	2.900000e-04
6.451600e+00	1.491537e+00	4.400000e-04
6.666667e+00	1.477100e+00	6.899526e-04
6.671114e+00	1.476795e+00	6.962999e-04
6.675567e+00	1.476490e+00	7.027085e-04
6.680027e+00	1.476185e+00	7.091790e-04
6.684492e+00	1.475878e+00	7.157123e-04
6.688963e+00	1.475570e+00	7.223090e-04
6.693440e+00	1.475262e+00	7.289700e-04
6.697924e+00	1.474953e+00	7.356960e-04
6.702413e+00	1.474643e+00	7.424878e-04
6.706908e+00	1.474333e+00	7.493463e-04
6.711409e+00	1.474021e+00	7.562721e-04
6.715917e+00	1.473709e+00	7.632662e-04
6.720430e+00	1.473396e+00	7.703295e-04
6.724950e+00	1.473082e+00	7.774627e-04
6.729475e+00	1.472767e+00	7.846667e-04
6.734007e+00	1.472451e+00	7.919424e-04
6.738544e+00	1.472135e+00	7.992908e-04
6.743088e+00	1.471818e+00	8.067127e-04
6.747638e+00	1.471500e+00	8.142090e-04
6.752194e+00	1.471181e+00	8.217808e-04
6.756757e+00	1.470861e+00	8.294289e-04
6.761325e+00	1.470540e+00	8.371544e-04
6.765900e+00	1.470219e+00	8.449582e-04
6.770481e+00	1.469896e+00	8.528414e-04
6.775068e+00	1.469573e+00	8.608049e-04
6.779661e+00	1.469249e+00	8.688499e-04
6.784261e+00	1.468924e+00	8.769774e-04
6.788866e+00	1.468598e+00	8.851884e-04
6.793478e+00	1.468272e+00	8.934841e-04
6.798097e+00	1.467944e+00	9.018655e-04
6.802721e+00	1.467616e+00	9.103339e-04
6.807352e+00	1.467287e+00	9.188904e-04
6.811989e+00	1.466956e+00	9.275361e-04
6.816633e+00	1.466625e+00	9.362723e-04
6.821282e+00	1.466293e+00	9.451001e-04
6.825939e+00	1.465961e+00	9.540208e-04
6.830601e+00	1.465627e+00	9.630357e-04
6.835270e+00	1.465292e+00	9.721461e-04
6.839945e+00	1.464957e+00	9.813532e-04
6.844627e+00	1.464620e+00	9.906584e-04
6.849315e+00	1.464283e+00	1.000063e-03
6.854010e+00	1.463945e+00	1.009568e-03
6.858711e+00	1.463605e+00	1.019176e-03
6.863418e+00	1.463265e+00	1.028887e-03
6.868132e+00	1.462924e+00	1.038704e-03
6.872852e+00	1.462582e+00	1.048627e-03
6.877579e+00	1.462239e+00	1.058658e-03
6.882312e+00	1.461896e+00	1.068798e-03
6.887052e+00	1.461551e+00	1.079050e-03
6.891799e+00	1.461205e+00	1.089414e-03
6.896552e+00	1.460858e+00	1.099893e-03
6.901311e+00	1.460511e+00	1.110502e-03
6.906077e+00	1.460162e+00	1.121257e-03
6.910850e+00	1.459813e+00	1.132158e-03
6.915629e+00	1.459462e+00	1.143206e-03
6.920415e+00	1.459111e+00	1.154401e-03
6.925208e+00	1.458758e+00	1.165743e-03
6.930007e+00	1.458405e+00	1.177233e-03
6.934813e+00	1.458050e+00	1.188870e-03
6.939625e+00	1.457695e+00	1.200655e-03
6.944444e+00	1.457339e+00	1.212588e-03
6.949270e+00	1.456981e+00	1.224669e-03
6.954103e+00	1.456623e+00	1.236897e-03
6.958942e+00	1.456264e+00	1.249273e-03
6.963788e+00	1.455903e+00	1.261796e-03
6.968641e+00	1.455542e+00	1.274466e-03
6.973501e+00	1.455180e+00	1.287282e-03
6.978367e+00	1.454816e+00	1.300244e-03
6.983240e+00	1.454452e+00	1.313352e-03
6.988120e+00	1.454087e+00	1.326604e-03
6.993007e+00	1.453720e+00	1.340001e-03
6.997901e+00	1.453353e+00	1.353540e-03
7.002801e+00	1.452984e+00	1.367221e-03
7.007708e+00	1.452615e+00	1.381043e-03
7.012623e+00	1.452244e+00	1.395005e-03
7.017544e+00	1.451873e+00	1.409106e-03
7.022472e+00	1.451500e+00	1.423343e-03
7.027407e+00	1.451126e+00	1.437716e-03
7.032349e+00	1.450752e+00	1.452222e-03
7.037298e+00	1.450376e+00	1.466860e-03
7.042254e+00	1.449999e+00	1.481628e-03
7.047216e+00	1.449621e+00	1.496524e-03
7.052186e+00	1.449242e+00	1.511545e-03
7.057163e+00	1.448862e+00	1.526689e-03
7.062147e+00	1.448481e+00	1.541954e-03
7.067138e+00	1.448098e+00	1.557337e-03
7.072136e+00	1.447715e+00	1.572835e-03
7.077141e+00	1.447331e+00	1.588444e-03
7.082153e+00	1.446945e+00	1.604163e-03
7.087172e+00	1.446558e+00	1.619987e-03
7.092199e+00	1.446171e+00	1.635913e-03
7.097232e+00	1.445782e+00	1.651937e-03
7.102273e+00	1.445392e+00	1.668055e-03
7.107321e+00	1.445000e+00	1.684263e-03
7.112376e+00	1.444608e+00	1.700557e-03
7.117438e+00	1.444215e+00	1.716933e-03
7.122507e+00	1.443820e+00	1.733385e-03
7.127584e+00	1.443424e+00	1.749909e-03
7.132668e+00	1.443028e+00	1.766500e-03
7.137759e+00	1.442630e+00	1.783152e-03
7.142857e+00	1.442230e+00	1.799859e-03
7.147963e+00	1.441830e+00	1.816637e-03
7.153076e+00	1.441429e+00	1.833503e-03
7.158196e+00	1.441026e+00	1.850459e-03
7.163324e+00	1.440622e+00	1.867506e-03
7.168459e+00	1.440217e+00	1.884647e-03
7.173601e+00	1.439811e+00	1.901883e-03
7.178751e+00	1.439404e+00	1.919216e-03
7.183908e+00	1.438995e+00	1.936648e-03
7.189073e+00	1.438585e+00	1.954182e-03
7.194245e+00	1.438174e+00	1.971818e-03
7.199424e+00	1.437762e+00	1.989559e-03
7.204611e+00	1.437348e+00	2.007408e-03
7.209805e+00	1.436934e+00	2.025368e-03
7.215007e+00	1.436518e+00	2.043439e-03
7.220217e+00	1.436101e+00	2.061626e-03
7.225434e+00	1.435682e+00	2.079931e-03
7.230658e+00	1.435263e+00	2.098356e-03
7.235890e+00	1.434842e+00	2.116905e-03
7.241130e+00	1.434420e+00	2.135581e-03
7.246377e+00	1.433996e+00	2.154386e-03
7.251632e+00	1.433572e+00	2.173325e-03
7.256894e+00	1.433146e+00	2.192400e-03
7.262164e+00	1.432719e+00	2.211615e-03
7.267442e+00	1.432290e+00	2.230973e-03
7.272727e+00	1.431860e+00	2.250479e-03
7.278020e+00	1.431429e+00	2.270135e-03
7.283321e+00	1.430997e+00	2.289947e-03
7.288630e+00	1.430563e+00	2.309919e-03
7.293946e+00	1.430128e+00	2.330054e-03
7.299270e+00	1.429692e+00	2.350357e-03
7.304602e+00	1.429255e+00	2.370833e-03
7.309942e+00	1.428816e+00	2.391486e-03
7.315289e+00	1.428375e+00	2.412322e-03
7.320644e+00	1.427934e+00	2.433345e-03
7.326007e+00	1.427491e+00	2.454561e-03
7.331378e+00	1.427047e+00	2.475975e-03
7.336757e+00	1.426601e+00	2.497592e-03
7.342144e+00	1.426154e+00	2.519419e-03
7.347539e+00	1.425706e+00	2.541461e-03
7.352941e+00	1.425256e+00	2.563725e-03
7.358352e+00	1.424805e+00	2.586216e-03
7.363770e+00	1.424352e+00	2.608942e-03
7.369197e+00	1.423898e+00	2.631908e-03
7.374631e+00	1.423443e+00	2.655123e-03
7.380074e+00	1.422986e+00	2.678593e-03
7.385524e+00	1.422528e+00	2.702325e-03
7.390983e+00	1.422068e+00	2.726327e-03
7.396450e+00	1.421608e+00	2.750607e-03
7.401925e+00	1.421145e+00	2.775173e-03
7.407407e+00	1.420681e+00	2.800034e-03
7.412898e+00	1.420216e+00	2.825193e-03
7.418398e+00	1.419749e+00	2.850650e-03
7.423905e+00	1.419281e+00	2.876406e-03
7.429421e+00	1.418811e+00	2.902460e-03
7.434944e+00	1.418340e+00	2.928814e-03
7.440476e+00	1.417868e+00	2.955467e-03
7.446016e+00	1.417394e+00	2.982420e-03
7.451565e+00	1.416918e+00	3.009672e-03
7.457122e+00	1.416441e+00	3.037224e-03
7.462687e+00	1.415962e+00	3.065075e-03
7.468260e+00	1.415482e+00	3.093225e-03
7.473842e+00	1.415001e+00	3.121673e-03
7.479432e+00	1.414518e+00	3.150419e-03
7.485030e+00	1.414033e+00	3.179462e-03
7.490637e+00	1.413547e+00	3.208800e-03
7.496252e+00	1.413059e+00	3.238434e-03
7.501875e+00	1.412570e+00	3.268361e-03
7.507508e+00	1.412079e+00	3.298580e-03
7.513148e+00	1.411587e+00	3.329089e-03
7.518797e+00	1.411093e+00	3.359888e-03
7.524454e+00	1.410597e+00	3.390973e-03
7.530120e+00	1.410100e+00	3.422342e-03
7.535795e+00	1.409601e+00	3.453994e-03
7.541478e+00	1.409101e+00	3.485925e-03
7.547170e+00	1.408599e+00	3.518133e-03
7.552870e+00	1.408095e+00	3.550615e-03
7.558579e+00	1.407590e+00	3.583368e-03
7.564297e+00	1.407083e+00	3.616387e-03
7.570023e+00	1.406575e+00	3.649670e-03
7.575758e+00	1.406065e+00	3.683213e-03
7.581501e+00	1.405553e+00	3.717011e-03
7.587253e+00	1.405039e+00	3.751060e-03
7.593014e+00	1.404524e+00	3.785354e-03
7.598784e+00	1.404007e+00	3.819890e-03
7.604563e+00	1.403489e+00	3.854662e-03
7.610350e+00	1.402969e+00	3.889664e-03
7.616146e+00	1.402447e+00	3.924891e-03
7.621951e+00	1.401923e+00	3.960336e-03
7.627765e+00	1.401398e+00	3.995994e-03
7.633588e+00	1.400871e+00	4.031856e-03
7.639419e+00	1.400342e+00	4.067916e-03
7.645260e+00	1.399812e+00	4.104168e-03
7.651109e+00	1.399279e+00	4.140602e-03
7.656968e+00	1.398745e+00	4.177212e-03
7.662835e+00	1.398209e+00	4.213988e-03
7.668712e+00	1.397672e+00	4.250922e-03
7.674597e+00	1.397132e+00	4.288004e-03
7.680492e+00	1.396591e+00	4.325226e-03
7.686395e+00	1.396048e+00	4.362578e-03
7.692308e+00	1.395503e+00	4.400049e-03
7.698229e+00	1.394957e+00	4.437676e-03
7.704160e+00	1.394408e+00	4.475503e-03
7.710100e+00	1.393858e+00	4.513534e-03
7.716049e+00	1.393306e+00	4.551770e-03
7.722008e+00	1.392752e+00	4.590215e-03
7.727975e+00	1.392196e+00	4.628869e-03
7.733952e+00	1.391638e+00	4.667737e-03
7.739938e+00	1.391079e+00	4.706821e-03
7.745933e+00	1.390517e+00	4.746124e-03
7.751938e+00	1.389954e+00	4.785648e-03
7.757952e+00	1.389388e+00	4.825397e-03
7.763975e+00	1.388821e+00	4.865375e-03
7.770008e+00	1.388252e+00	4.905584e-03
7.776050e+00	1.387681e+00	4.946027e-03
7.782101e+00	1.387108e+00	4.986710e-03
7.788162e+00	1.386533e+00	5.027634e-03
7.794232e+00	1.385956e+00	5.068805e-03
7.800312e+00	1.385377e+00	5.110225e-03
7.806401e+00	1.384796e+00	5.151900e-03
7.812500e+00	1.384213e+00	5.193833e-03
7.818608e+00	1.383628e+00	5.236029e-03
7.824726e+00	1.383041e+00	5.278493e-03
7.830854e+00	1.382452e+00	5.321228e-03
7.836991e+00	1.381860e+00	5.364241e-03
7.843137e+00	1.381267e+00	5.407535e-03
7.849294e+00	1.380672e+00	5.451117e-03
7.855460e+00	1.380075e+00	5.494991e-03
7.861635e+00	1.379475e+00	5.539163e-03
7.867821e+00	1.378874e+00	5.583639e-03
7.874016e+00	1.378270e+00	5.628425e-03
7.880221e+00	1.377665e+00	5.673526e-03
7.886435e+00	1.377057e+00	5.718950e-03
7.892660e+00	1.376447e+00	5.764701e-03
7.898894e+00	1.375835e+00	5.810788e-03
7.905138e+00	1.375221e+00	5.857217e-03
7.911392e+00	1.374604e+00	5.903994e-03
7.917656e+00	1.373985e+00	5.951128e-03
7.923930e+00	1.373365e+00	5.998625e-03
7.930214e+00	1.372742e+00	6.046494e-03
7.936508e+00	1.372116e+00	6.094742e-03
7.942812e+00	1.371489e+00	6.143378e-03
7.949126e+00	1.370859e+00	6.192409e-03
7.955449e+00	1.370227e+00	6.241845e-03
7.961783e+00	1.369593e+00	6.291694e-03
7.968127e+00	1.368957e+00	6.341965e-03
7.974482e+00	1.368318e+00	6.392669e-03
7.980846e+00	1.367677e+00	6.443814e-03
7.987220e+00	1.367033e+00	6.495411e-03
7.993605e+00	1.366388e+00	6.547469e-03
8.000000e+00	1.365740e+00	6.600000e-03
8.006405e+00	1.365089e+00	6.653010e-03
8.012821e+00	1.364436e+00	6.706498e-03
8.019246e+00	1.363781e+00	6.760464e-03
8.025682e+00	1.363124e+00	6.814909e-03
8.032129e+00	1.362464e+00	6.869834e-03
8.038585e+00	1.361801e+00	6.925237e-03
8.045052e+00	1.361137e+00	6.981118e-03
8.051530e+00	1.360470e+00	7.037477e-03
8.058018e+00	1.359800e+00	7.094314e-03
8.064516e+00	1.359128e+00	7.151628e-03
8.071025e+00	1.358453e+00	7.209418e-03
8.077544e+00	1.357776e+00	7.267682e-03
8.084074e+00	1.357097e+00	7.326421e-03
8.090615e+00	1.356414e+00	7.385631e-03
8.097166e+00	1.355730e+00	7.445312e-03
8.103728e+00	1.355043e+00	7.505461e-03
8.110300e+00	1.354353e+00	7.566077e-03
8.116883e+00	1.353661e+00	7.627158e-03
8.123477e+00	1.352966e+00	7.688701e-03
8.130081e+00	1.352268e+00	7.750703e-03
8.136697e+00	1.351568e+00	7.813161e-03
8.143322e+00	1.350865e+00	7.876073e-03
8.149959e+00	1.350160e+00	7.939435e-03
8.156607e+00	1.349452e+00	8.003243e-03
8.163265e+00	1.348741e+00	8.067494e-03
8.169935e+00	1.348028e+00	8.132183e-03
8.176615e+00	1.347311e+00	8.197306e-03
8.183306e+00	1.346593e+00	8.262858e-03
8.190008e+00	1.345871e+00	8.328835e-03
8.196721e+00	1.345147e+00	8.395231e-03
8.203445e+00	1.344420e+00	8.462040e-03
8.210181e+00	1.343690e+00	8.529258e-03
8.216927e+00	1.342957e+00	8.596877e-03
8.223684e+00	1.342221e+00	8.664892e-03
8.230453e+00	1.341483e+00	8.733295e-03
8.237232e+00	1.340742e+00	8.802080e-03
8.244023e+00	1.339998e+00	8.871240e-03
8.250825e+00	1.339251e+00	8.940765e-03
8.257638e+00	1.338501e+00	9.010649e-03
8.264463e+00	1.337748e+00	9.080883e-03
8.271299e+00	1.336993e+00	9.151459e-03
8.278146e+00	1.336234e+00	9.222366e-03
8.285004e+00	1.335473e+00	9.293596e-03
8.291874e+00	1.334708e+00	9.365138e-03
8.298755e+00	1.333941e+00	9.436982e-03
8.305648e+00	1.333170e+00	9.509119e-03
8.312552e+00	1.332396e+00	9.581536e-03
8.319468e+00	1.331620e+00	9.654221e-03
8.326395e+00	1.330840e+00	9.727164e-03
8.333333e+00	1.330057e+00	9.800352e-03
8.340284e+00	1.329271e+00	9.873806e-03
8.347245e+00	1.328482e+00	9.947561e-03
8.354219e+00	1.327690e+00	1.002162e-02
8.361204e+00	1.326895e+00	1.009599e-02
8.368201e+00	1.326096e+00	1.017067e-02
8.375209e+00	1.325295e+00	1.024568e-02
8.382230e+00	1.324490e+00	1.032101e-02
8.389262e+00	1.323682e+00	1.039667e-02
8.396306e+00	1.322870e+00	1.047267e-02
8.403361e+00	1.322055e+00	1.054902e-02
8.410429e+00	1.321237e+00	1.062572e-02
8.417508e+00	1.320416e+00	1.070278e-02
8.424600e+00	1.319592e+00	1.078020e-02
8.431703e+00	1.318764e+00	1.085800e-02
8.438819e+00	1.317932e+00	1.093618e-02
8.445946e+00	1.317097e+00	1.101475e-02
8.453085e+00	1.316259e+00	1.109371e-02
8.460237e+00	1.315418e+00	1.117309e-02
8.467401e+00	1.314573e+00	1.125288e-02
8.474576e+00	1.313724e+00	1.133309e-02
8.481764e+00	1.312872e+00	1.141375e-02
8.488964e+00	1.312017e+00	1.149484e-02
8.496177e+00	1.311157e+00	1.157639e-02
8.503401e+00	1.310295e+00	1.165841e-02
8.510638e+00	1.309428e+00	1.174091e-02
8.517888e+00	1.308559e+00	1.182389e-02
8.525149e+00	1.307685e+00	1.190738e-02
8.532423e+00	1.306808e+00	1.199138e-02
8.539710e+00	1.305927e+00	1.207590e-02
8.547009e+00	1.305043e+00	1.216096e-02
8.554320e+00	1.304154e+00	1.224658e-02
8.561644e+00	1.303262e+00	1.233276e-02
8.568980e+00	1.302367e+00	1.241952e-02
8.576329e+00	1.301467e+00	1.250688e-02
8.583691e+00	1.300564e+00	1.259485e-02
8.591065e+00	1.299656e+00	1.268344e-02
8.598452e+00	1.298745e+00	1.277267e-02
8.605852e+00	1.297830e+00	1.286257e-02
8.613264e+00	1.296911e+00	1.295313e-02
8.620690e+00	1.295989e+00	1.304439e-02
8.628128e+00	1.295062e+00	1.313637e-02
8.635579e+00	1.294131e+00	1.322907e-02
8.643042e+00	1.293196e+00	1.332252e-02
8.650519e+00	1.292257e+00	1.341674e-02
8.658009e+00	1.291314e+00	1.351175e-02
8.665511e+00	1.290367e+00	1.360756e-02
8.673027e+00	1.289416e+00	1.370421e-02
8.680556e+00	1.288461e+00	1.380171e-02
8.688097e+00	1.287501e+00	1.390009e-02
8.695652e+00	1.286537e+00	1.399937e-02
8.703220e+00	1.285569e+00	1.409952e-02
8.710801e+00	1.284597e+00	1.420050e-02
8.718396e+00	1.283621e+00	1.430232e-02
8.726003e+00	1.282640e+00	1.440498e-02
8.733624e+00	1.281655e+00	1.450847e-02
8.741259e+00	1.280665e+00	1.461280e-02
8.748906e+00	1.279671e+00	1.471796e-02
8.756567e+00	1.278673e+00	1.482397e-02
8.764242e+00	1.277670e+00	1.493081e-02
8.771930e+00	1.276663e+00	1.503849e-02
8.779631e+00	1.275651e+00	1.514702e-02
8.787346e+00	1.274634e+00	1.525637e-02
8.795075e+00	1.273613e+00	1.536657e-02
8.802817e+00	1.272587e+00	1.547761e-02
8.810573e+00	1.271557e+00	1.558948e-02
8.818342e+00	1.270522e+00	1.570218e-02
8.826125e+00	1.269482e+00	1.581572e-02
8.833922e+00	1.268438e+00	1.593008e-02
8.841733e+00	1.267389e+00	1.604528e-02
8.849558e+00	1.266335e+00	1.616130e-02
8.857396e+00	1.265276e+00	1.627815e-02
8.865248e+00	1.264212e+00	1.639581e-02
8.873114e+00	1.263143e+00	1.651430e-02
8.880995e+00	1.262069e+00	1.663359e-02
8.888889e+00	1.260991e+00	1.675370e-02
8.896797e+00	1.259907e+00	1.687461e-02
8.904720e+00	1.258818e+00	1.699632e-02
8.912656e+00	1.257725e+00	1.711883e-02
8.920607e+00	1.256626e+00	1.724213e-02
8.928571e+00	1.255521e+00	1.736621e-02
8.936550e+00	1.254412e+00	1.749107e-02
8.944544e+00	1.253298e+00	1.761670e-02
8.952551e+00	1.252178e+00	1.774310e-02
8.960573e+00	1.251053e+00	1.787025e-02
8.968610e+00	1.249922e+00	1.799816e-02
8.976661e+00	1.248786e+00	1.812681e-02
8.984726e+00	1.247645e+00	1.825619e-02
8.992806e+00	1.246498e+00	1.838629e-02
9.000900e+00	1.245346e+00	1.851711e-02
9.009009e+00	1.244188e+00	1.864864e-02
9.017133e+00	1.243024e+00	1.878086e-02
9.025271e+00	1.241855e+00	1.891376e-02
9.033424e+00	1.240680e+00	1.904734e-02
9.041591e+00	1.239500e+00	1.918158e-02
9.049774e+00	1.238314e+00	1.931646e-02
9.057971e+00	1.237122e+00	1.945199e-02
9.066183e+00	1.235924e+00	1.958813e-02
9.074410e+00	1.234720e+00	1.972488e-02
9.082652e+00	1.233510e+00	1.986223e-02
9.090909e+00	1.232294e+00	2.000015e-02
9.099181e+00	1.231073e+00	2.013856e-02
9.107468e+00	1.229845e+00	2.027737e-02
9.115770e+00	1.228611e+00	2.041661e-02
9.124088e+00	1.227371e+00	2.055630e-02
9.132420e+00	1.226125e+00	2.069644e-02
9.140768e+00	1.224872e+00	2.083707e-02
9.149131e+00	1.223613e+00	2.097821e-02
9.157509e+00	1.222348e+00	2.111987e-02
9.165903e+00	1.221076e+00	2.126208e-02
9.174312e+00	1.219798e+00	2.140487e-02
9.182736e+00	1.218514e+00	2.154825e-02
9.191176e+00	1.217223e+00	2.169226e-02
9.199632e+00	1.215925e+00	2.183692e-02
9.208103e+00	1.214621e+00	2.198226e-02
9.216590e+00	1.213309e+00	2.212830e-02
9.225092e+00	1.211992e+00	2.227509e-02
9.233610e+00	1.210667e+00	2.242264e-02
9.242144e+00	1.209335e+00	2.257099e-02
9.250694e+00	1.207997e+00	2.272017e-02
9.259259e+00	1.206651e+00	2.287022e-02
9.267841e+00	1.205299e+00	2.302118e-02
9.276438e+00	1.203939e+00	2.317307e-02
9.285051e+00	1.202573e+00	2.332594e-02
9.293680e+00	1.201199e+00	2.347982e-02
9.302326e+00	1.199817e+00	2.363477e-02
9.310987e+00	1.198429e+00	2.379081e-02
9.319664e+00	1.197033e+00	2.394799e-02
9.328358e+00	1.195629e+00	2.410636e-02
9.337068e+00	1.194219e+00	2.426596e-02
9.345794e+00	1.192800e+00	2.442683e-02
9.354537e+00	1.191374e+00	2.458904e-02
9.363296e+00	1.189940e+00	2.475262e-02
9.372071e+00	1.188499e+00	2.491763e-02
9.380863e+00	1.187049e+00	2.508413e-02
9.389671e+00	1.185592e+00	2.525216e-02
9.398496e+00	1.184127e+00	2.542178e-02
9.407338e+00	1.182653e+00	2.559306e-02
9.416196e+00	1.181172e+00	2.576606e-02
9.425071e+00	1.179682e+00	2.594082e-02
9.433962e+00	1.178185e+00	2.611743e-02
9.442871e+00	1.176679e+00	2.629594e-02
9.451796e+00	1.175164e+00	2.647643e-02
9.460738e+00	1.173641e+00	2.665896e-02
9.469697e+00	1.172110e+00	2.684360e-02
9.478673e+00	1.170570e+00	2.703044e-02
9.487666e+00	1.169021e+00	2.721954e-02
9.496676e+00	1.167463e+00	2.741098e-02
9.505703e+00	1.165897e+00	2.760485e-02
9.514748e+00	1.164322e+00	2.780123e-02
9.523810e+00	1.162738e+00	2.800021e-02
9.532888e+00	1.161144e+00	2.820135e-02
9.541985e+00	1.159542e+00	2.840419e-02
9.551098e+00	1.157930e+00	2.860876e-02
9.560229e+00	1.156310e+00	2.881508e-02
9.569378e+00	1.154679e+00	2.902320e-02
9.578544e+00	1.153039e+00	2.923316e-02
9.587728e+00	1.151390e+00	2.944497e-02
9.596929e+00	1.149731e+00	2.965869e-02
9.606148e+00	1.148062e+00	2.987434e-02
9.615385e+00	1.146384e+00	3.009197e-02
9.624639e+00	1.144695e+00	3.031161e-02
9.633911e+00	1.142997e+00	3.053331e-02
9.643202e+00	1.141288e+00	3.075710e-02
9.652510e+00	1.139569e+00	3.098303e-02
9.661836e+00	1.137840e+00	3.121114e-02
9.671180e+00	1.136101e+00	3.144147e-02
9.680542e+00	1.134351e+00	3.167407e-02
9.689922e+00	1.132590e+00	3.190899e-02
9.699321e+00	1.130819e+00	3.214627e-02
9.708738e+00	1.129037e+00	3.238597e-02
9.718173e+00	1.127244e+00	3.262812e-02
9.727626e+00	1.125440e+00	3.287279e-02
9.737098e+00	1.123625e+00	3.312003e-02
9.746589e+00	1.121799e+00	3.336988e-02
9.756098e+00	1.119961e+00	3.362241e-02
9.765625e+00	1.118112e+00	3.387768e-02
9.775171e+00	1.116252e+00	3.413573e-02
9.784736e+00	1.114380e+00	3.439663e-02
9.794319e+00	1.112496e+00	3.466044e-02
9.803922e+00	1.110600e+00	3.492723e-02
9.813543e+00	1.108692e+00	3.519705e-02
9.823183e+00	1.106772e+00	3.546998e-02
9.832842e+00	1.104840e+00	3.574608e-02
9.842520e+00	1.102895e+00	3.602542e-02
9.852217e+00	1.100938e+00	3.630807e-02
9.861933e+00	1.098969e+00	3.659411e-02
9.871668e+00	1.096986e+00	3.688361e-02
9.881423e+00	1.094991e+00	3.717665e-02
9.891197e+00	1.092983e+00	3.747330e-02
9.900990e+00	1.090961e+00	3.777365e-02
9.910803e+00	1.088926e+00	3.807778e-02
9.920635e+00	1.086878e+00	3.838578e-02
9.930487e+00	1.084817e+00	3.869774e-02
9.940358e+00	1.082741e+00	3.901373e-02
9.950249e+00	1.080652e+00	3.933387e-02
9.960159e+00	1.078549e+00	3.965823e-02
9.970090e+00	1.076431e+00	3.998693e-02
9.980040e+00	1.074300e+00	4.032005e-02
9.990010e+00	1.072154e+00	4.065771e-02
1.000000e+01	1.069993e+00	4.100000e-02
1.001001e+01	1.067818e+00	4.134640e-02
1.002004e+01	1.065627e+00	4.169649e-02
1.003009e+01	1.063422e+00	4.205053e-02
1.004016e+01	1.061201e+00	4.240883e-02
1.005025e+01	1.058965e+00	4.277166e-02
1.006036e+01	1.056713e+00	4.313935e-02
1.007049e+01	1.054446e+00	4.351223e-02
1.008065e+01	1.052163e+00	4.389061e-02
1.009082e+01	1.049863e+00	4.427486e-02
1.010101e+01	1.047548e+00	4.466534e-02
1.011122e+01	1.045216e+00	4.506242e-02
1.012146e+01	1.042867e+00	4.546649e-02
1.013171e+01	1.040501e+00	4.587798e-02
1.014199e+01	1.038119e+00	4.629730e-02
1.015228e+01	1.035719e+00	4.672489e-02
1.016260e+01	1.033302e+00	4.716122e-02
1.017294e+01	1.030867e+00	4.760676e-02
1.018330e+01	1.028414e+00	4.806202e-02
1.019368e+01	1.025943e+00	4.852751e-02
1.020408e+01	1.023454e+00	4.900378e-02
1.021450e+01	1.020947e+00	4.949334e-02
1.022495e+01	1.018421e+00	4.999800e-02
1.023541e+01	1.015876e+00	5.051732e-02
1.024590e+01	1.013312e+00	5.105084e-02
1.025641e+01	1.010729e+00	5.159806e-02
1.026694e+01	1.008126e+00	5.215845e-02
1.027749e+01	1.005503e+00	5.273142e-02
1.028807e+01	1.002860e+00	5.331638e-02
1.029866e+01	1.000197e+00	5.391265e-02
1.030928e+01	9.975134e-01	5.451954e-02
1.031992e+01	9.948090e-01	5.513630e-02
1.033058e+01	9.920836e-01	5.576211e-02
1.034126e+01	9.893369e-01	5.639613e-02
1.035197e+01	9.865687e-01	5.703744e-02
1.036269e+01	9.837786e-01	5.768506e-02
1.037344e+01	9.809665e-01	5.833798e-02
1.038422e+01	9.781319e-01	5.899508e-02
1.039501e+01	9.752748e-01	5.965523e-02
1.040583e+01	9.723947e-01	6.031718e-02
1.041667e+01	9.694914e-01	6.097966e-02
1.042753e+01	9.665646e-01	6.163702e-02
1.043841e+01	9.636140e-01	6.228503e-02
1.044932e+01	9.606393e-01	6.292544e-02
1.046025e+01	9.576402e-01	6.356010e-02
1.047120e+01	9.546163e-01	6.419101e-02
1.048218e+01	9.515674e-01	6.482026e-02
1.049318e+01	9.484931e-01	6.545009e-02
1.050420e+01	9.453931e-01	6.608284e-02
1.051525e+01	9.422671e-01	6.672099e-02
1.052632e+01	9.391147e-01	6.736713e-02
1.053741e+01	9.359356e-01	6.802400e-02
1.054852e+01	9.327295e-01	6.869447e-02
1.055966e+01	9.294959e-01	6.938156e-02
1.057082e+01	9.262345e-01	7.008843e-02
1.058201e+01	9.229451e-01	7.081841e-02
1.059322e+01	9.196270e-01	7.157501e-02
1.060445e+01	9.162801e-01	7.236193e-02
1.061571e+01	9.129040e-01	7.318305e-02
1.062699e+01	9.094981e-01	7.404249e-02
1.063830e+01	9.060623e-01	7.494462e-02
1.064963e+01	9.025959e-01	7.589404e-02
1.066098e+01	8.990988e-01	7.689568e-02
1.067236e+01	8.955703e-01	7.795476e-02
1.068376e+01	8.920102e-01	7.907699e-02
1.069519e+01	8.884180e-01	8.029858e-02
1.070664e+01	8.847932e-01	8.164195e-02
1.071811e+01	8.811355e-01	8.310299e-02
1.072961e+01	8.774444e-01	8.467730e-02
1.074114e+01	8.737195e-01	8.636009e-02
1.075269e+01	8.699603e-01	8.814606e-02
1.076426e+01	8.661664e-01	9.002926e-02
1.077586e+01	8.623373e-01	9.200301e-02
1.078749e+01	8.584726e-01	9.405976e-02
1.079914e+01	8.545717e-01	9.619096e-02
1.081081e+01	8.506344e-01	9.838700e-02
1.082251e+01	8.466599e-01	1.006371e-01
1.083424e+01	8.426480e-01	1.029290e-01
1.084599e+01	8.385981e-01	1.052495e-01
1.085776e+01	8.345098e-01	1.075834e-01
1.086957e+01	8.303826e-01	1.099145e-01
1.088139e+01	8.262160e-01	1.122471e-01
1.089325e+01	8.220095e-01	1.146033e-01
1.090513e+01	8.177627e-01	1.169883e-01
1.091703e+01	8.134751e-01	1.194077e-01
1.092896e+01	8.091462e-01	1.218679e-01
1.094092e+01	8.047756e-01	1.243756e-01
1.095290e+01	8.003629e-01	1.269383e-01
1.096491e+01	7.959075e-01	1.295639e-01
1.097695e+01	7.914091e-01	1.322613e-01
1.098901e+01	7.868673e-01	1.350399e-01
1.100110e+01	7.822815e-01	1.379099e-01
1.101322e+01	7.776515e-01	1.408826e-01
1.102536e+01	7.729769e-01	1.439699e-01
1.103753e+01	7.682572e-01	1.471849e-01
1.104972e+01	7.634922e-01	1.505417e-01
1.106195e+01	7.586817e-01	1.540557e-01
1.107420e+01	7.538252e-01	1.577435e-01
1.108647e+01	7.489226e-01	1.616234e-01
1.109878e+01	7.439736e-01	1.657150e-01
1.111111e+01	7.389782e-01	1.700401e-01
1.112347e+01	7.339362e-01	1.749929e-01
1.113586e+01	7.288475e-01	1.807639e-01
1.114827e+01	7.237123e-01	1.870643e-01
1.116071e+01	7.185304e-01	1.935586e-01
1.117318e+01	7.133022e-01	1.998572e-01
1.118568e+01	7.080278e-01	2.055155e-01
1.119821e+01	7.027075e-01	2.100422e-01
1.121076e+01	6.973418e-01	2.131128e-01
1.122334e+01	6.919312e-01	2.162668e-01
1.123596e+01	6.864763e-01	2.195072e-01
1.124859e+01	6.809778e-01	2.228370e-01
1.126126e+01	6.754368e-01	2.262591e-01
1.127396e+01	6.698542e-01	2.297768e-01
1.128668e+01	6.642313e-01	2.333933e-01
1.129944e+01	6.585695e-01	2.371118e-01
1.131222e+01	6.528703e-01	2.409358e-01
1.132503e+01	6.471356e-01	2.448687e-01
1.133787e+01	6.413674e-01	2.489139e-01
1.135074e+01	6.355678e-01	2.530749e-01
1.136364e+01	6.297395e-01	2.573554e-01
1.137656e+01	6.238851e-01	2.617588e-01
1.138952e+01	6.180077e-01	2.662886e-01
1.140251e+01	6.121107e-01	2.709484e-01
1.141553e+01	6.061976e-01	2.757417e-01
1.142857e+01	6.002723e-01	2.806717e-01
1.144165e+01	5.943392e-01	2.857418e-01
1.145475e+01	5.884028e-01	2.909551e-01
1.146789e+01	5.824681e-01	2.963146e-01
1.148106e+01	5.765402e-01	3.018230e-01
1.149425e+01	5.706248e-01	3.074828e-01
1.150748e+01	5.647278e-01	3.132963e-01
1.152074e+01	5.588552e-01	3.192654e-01
1.153403e+01	5.530137e-01	3.253915e-01
1.154734e+01	5.472099e-01	3.316760e-01
1.156069e+01	5.414508e-01	3.381195e-01
1.157407e+01	5.357436e-01	3.447222e-01
1.158749e+01	5.300956e-01	3.514839e-01
1.160093e+01	5.245141e-01	3.584039e-01
1.161440e+01	5.190067e-01	3.654807e-01
1.162791e+01	5.135808e-01	3.727126e-01
1.164144e+01	5.082439e-01	3.800970e-01
1.165501e+01	5.030031e-01	3.876310e-01
1.166861e+01	4.978657e-01	3.953110e-01
1.168224e+01	4.928385e-01	4.031328e-01
1.169591e+01	4.879280e-01	4.110918e-01
1.170960e+01	4.831405e-01	4.191829e-01
1.172333e+01	4.784817e-01	4.274006e-01
1.173709e+01	4.739572e-01	4.357388e-01
1.175088e+01	4.695718e-01	4.441913e-01
1.176471e+01	4.653299e-01	4.527516e-01
1.177856e+01	4.612355e-01	4.614127e-01
1.179245e+01	4.572920e-01	4.701677e-01
1.180638e+01	4.535022e-01	4.790095e-01
1.182033e+01	4.498685e-01	4.879309e-01
1.183432e+01	4.463927e-01	4.969246e-01
1.184834e+01	4.430762e-01	5.059835e-01
1.186240e+01	4.399200e-01	5.151005e-01
1.187648e+01	4.369244e-01	5.242685e-01
1.189061e+01	4.340896e-01	5.334806e-01
1.190476e+01	4.314152e-01	5.427302e-01
1.191895e+01	4.289005e-01	5.520106e-01
1.193317e+01	4.265445e-01	5.613155e-01
1.194743e+01	4.243461e-01	5.706388e-01
1.196172e+01	4.223036e-01	5.799744e-01
1.197605e+01	4.204154e-01	5.893166e-01
1.199041e+01	4.186795e-01	5.986599e-01
1.200480e+01	4.170938e-01	6.079989e-01
1.201923e+01	4.156560e-01	6.173285e-01
1.203369e+01	4.143637e-01	6.266435e-01
1.204819e+01	4.132144e-01	6.359393e-01
1.206273e+01	4.122053e-01	6.452111e-01
1.207729e+01	4.113339e-01	6.544545e-01
1.209190e+01	4.105971e-01	6.636649e-01
1.210654e+01	4.099920e-01	6.728382e-01
1.212121e+01	4.095156e-01	6.819702e-01
1.213592e+01	4.091647e-01	6.910569e-01
1.215067e+01	4.089360e-01	7.000942e-01
1.216545e+01	4.088261e-01	7.090783e-01
1.218027e+01	4.088316e-01	7.180054e-01
1.219512e+01	4.089487e-01	7.268717e-01
1.221001e+01	4.091738e-01	7.356736e-01
1.222494e+01	4.095027e-01	7.444075e-01
1.223990e+01	4.099315e-01	7.530699e-01
1.225490e+01	4.104558e-01	7.616574e-01
1.226994e+01	4.110712e-01	7.701667e-01
1.228501e+01	4.117728e-01	7.785946e-01
1.230012e+01	4.125558e-01	7.869379e-01
1.231527e+01	4.134151e-01	7.951938e-01
1.233046e+01	4.143451e-01	8.033595e-01
1.234568e+01	4.153403e-01	8.114322e-01
1.236094e+01	4.163946e-01	8.194098e-01
1.237624e+01	4.175019e-01	8.272899e-01
1.239157e+01	4.186557e-01	8.350708e-01
1.240695e+01	4.198492e-01	8.427509e-01
1.242236e+01	4.210755e-01	8.503289e-01
1.243781e+01	4.223272e-01	8.578040e-01
1.245330e+01	4.235970e-01	8.651758e-01
1.246883e+01	4.248771e-01	8.724443e-01
1.248439e+01	4.261596e-01	8.796100e-01
1.250000e+01	4.274365e-01	8.866739e-01
1.251564e+01	4.286997e-01	8.936378e-01
1.253133e+01	4.299409e-01	9.005038e-01
1.254705e+01	4.311519e-01	9.072748e-01
1.256281e+01	4.323244e-01	9.139543e-01
1.257862e+01	4.334505e-01	9.205464e-01
1.259446e+01	4.345221e-01	9.270560e-01
1.261034e+01	4.355315e-01	9.334887e-01
1.262626e+01	4.364712e-01	9.398505e-01
1.264223e+01	4.373343e-01	9.461485e-01
1.265823e+01	4.381140e-01	9.523902e-01
1.267427e+01	4.388044e-01	9.585836e-01
1.269036e+01	4.393997e-01	9.647375e-01
1.270648e+01	4.398952e-01	9.708612e-01
1.272265e+01	4.402866e-01	9.769644e-01
1.273885e+01	4.405705e-01	9.830572e-01
1.275510e+01	4.407443e-01	9.891500e-01
1.277139e+01	4.408061e-01	9.952536e-01
1.278772e+01	4.407550e-01	1.001379e+00
1.280410e+01	4.405909e-01	1.007537e+00
1.282051e+01	4.403147e-01	1.013738e+00
1.283697e+01	4.399280e-01	1.019994e+00
1.285347e+01	4.394334e-01	1.026315e+00
1.287001e+01	4.388344e-01	1.032712e+00
1.288660e+01	4.381350e-01	1.039194e+00
1.290323e+01	4.373402e-01	1.045772e+00
1.291990e+01	4.364558e-01	1.052454e+00
1.293661e+01	4.354879e-01	1.059249e+00
1.295337e+01	4.344434e-01	1.066165e+00
1.297017e+01	4.333296e-01	1.073210e+00
1.298701e+01	4.321544e-01	1.080390e+00
1.300390e+01	4.309258e-01	1.087711e+00
1.302083e+01	4.296522e-01	1.095179e+00
1.303781e+01	4.283421e-01	1.102799e+00
1.305483e+01	4.270043e-01	1.110573e+00
1.307190e+01	4.256475e-01	1.118506e+00
1.308901e+01	4.242804e-01	1.126601e+00
1.310616e+01	4.229117e-01	1.134858e+00
1.312336e+01	4.215499e-01	1.143280e+00
1.314060e+01	4.202034e-01	1.151867e+00
1.315789e+01	4.188802e-01	1.160620e+00
1.317523e+01	4.175884e-01	1.169539e+00
1.319261e+01	4.163355e-01	1.178622e+00
1.321004e+01	4.151288e-01	1.187870e+00
1.322751e+01	4.139752e-01	1.197280e+00
1.324503e+01	4.128816e-01	1.206851e+00
1.326260e+01	4.118542e-01	1.216582e+00
1.328021e+01	4.108990e-01	1.226470e+00
1.329787e+01	4.100216e-01	1.236514e+00
1.331558e+01	4.092276e-01	1.246710e+00
1.333333e+01	4.085218e-01	1.257058e+00
1.335113e+01	4.079091e-01	1.267553e+00
1.336898e+01	4.073940e-01	1.278194e+00
1.338688e+01	4.069807e-01	1.288979e+00
1.340483e+01	4.066731e-01	1.299906e+00
1.342282e+01	4.064750e-01	1.310971e+00
1.344086e+01	4.063901e-01	1.322173e+00
1.345895e+01	4.064216e-01	1.333509e+00
1.347709e+01	4.065730e-01	1.344978e+00
1.349528e+01	4.068472e-01	1.356577e+00
1.351351e+01	4.072473e-01	1.368306e+00
1.353180e+01	4.077763e-01	1.380161e+00
1.355014e+01	4.084370e-01	1.392142e+00
1.356852e+01	4.092322e-01	1.404248e+00
1.358696e+01	4.101648e-01	1.416476e+00
1.360544e+01	4.112376e-01	1.428826e+00
1.362398e+01	4.124533e-01	1.441296e+00
1.364256e+01	4.138150e-01	1.453887e+00
1.366120e+01	4.153254e-01	1.466597e+00
1.367989e+01	4.169877e-01	1.479425e+00
1.369863e+01	4.188048e-01	1.492371e+00
1.371742e+01	4.207801e-01	1.505435e+00
1.373626e+01	4.229169e-01	1.518616e+00
1.375516e+01	4.252186e-01	1.531914e+00
1.377410e+01	4.276889e-01	1.545329e+00
1.379310e+01	4.303316e-01	1.558861e+00
1.381215e+01	4.331508e-01	1.572510e+00
1.383126e+01	4.361505e-01	1.586276e+00
1.385042e+01	4.393354e-01	1.600159e+00
1.386963e+01	4.427100e-01	1.614159e+00
1.388889e+01	4.462793e-01	1.628276e+00
1.390821e+01	4.500485e-01	1.642512e+00
1.392758e+01	4.540231e-01	1.656865e+00
1.394700e+01	4.582089e-01	1.671337e+00
1.396648e+01	4.626119e-01	1.685926e+00
1.398601e+01	4.672387e-01	1.700634e+00
1.400560e+01	4.720960e-01	1.715460e+00
1.402525e+01	4.771910e-01	1.730405e+00
1.404494e+01	4.825312e-01	1.745468e+00
1.406470e+01	4.881247e-01	1.760648e+00
1.408451e+01	4.939796e-01	1.775946e+00
1.410437e+01	5.001050e-01	1.791360e+00
1.412429e+01	5.065101e-01	1.806891e+00
1.414427e+01	5.132045e-01	1.822536e+00
1.416431e+01	5.201986e-01	1.838294e+00
1.418440e+01	5.275031e-01	1.854164e+00
1.420455e+01	5.351294e-01	1.870143e+00
1.422475e+01	5.430892e-01	1.886230e+00
1.424501e+01	5.513949e-01	1.902420e+00
1.426534e+01	5.600596e-01	1.918711e+00
1.428571e+01	5.690969e-01	1.935099e+00
1.430615e+01	5.785209e-01	1.951579e+00
1.432665e+01	5.883465e-01	1.968145e+00
1.434720e+01	5.985891e-01	1.984792e+00
1.436782e+01	6.092649e-01	2.001512e+00
1.438849e+01	6.203905e-01	2.018298e+00
1.440922e+01	6.319834e-01	2.035140e+00
1.443001e+01	6.440614e-01	2.052029e+00
1.445087e+01	6.566433e-01	2.068954e+00
1.447178e+01	6.697483e-01	2.085901e+00
1.449275e+01	6.833960e-01	2.102857e+00
1.451379e+01	6.976067e-01	2.119805e+00
1.453488e+01	7.124012e-01	2.136728e+00
1.455604e+01	7.278006e-01	2.153607e+00
1.457726e+01	7.438263e-01	2.170421e+00
1.459854e+01	7.604998e-01	2.187144e+00
1.461988e+01	7.778428e-01	2.203753e+00
1.464129e+01	7.958770e-01	2.220216e+00
1.466276e+01	8.146235e-01	2.236504e+00
1.468429e+01	8.341034e-01	2.252582e+00
1.470588e+01	8.543365e-01	2.268412e+00
1.472754e+01	8.753422e-01	2.283954e+00
1.474926e+01	8.971382e-01	2.299163e+00
1.477105e+01	9.197405e-01	2.313992e+00
1.479290e+01	9.431634e-01	2.328389e+00
1.481481e+01	9.674182e-01	2.342299e+00
1.483680e+01	9.925136e-01	2.355663e+00
1.485884e+01	1.018454e+00	2.368418e+00
1.488095e+01	1.045241e+00	2.380498e+00
1.490313e+01	1.072870e+00	2.391833e+00
1.492537e+01	1.101332e+00	2.402348e+00
1.494768e+01	1.130611e+00	2.411969e+00
1.497006e+01	1.160685e+00	2.420614e+00
1.499250e+01	1.191523e+00	2.428203e+00
1.501502e+01	1.223089e+00	2.434654e+00
1.503759e+01	1.255333e+00	2.439882e+00
1.506024e+01	1.288202e+00	2.443805e+00
1.508296e+01	1.321627e+00	2.446342e+00
1.510574e+01	1.355533e+00	2.447413e+00
1.512859e+01	1.389833e+00	2.446945e+00
1.515152e+01	1.424429e+00	2.444867e+00
1.517451e+01	1.459216e+00	2.441119e+00
1.519757e+01	1.494075e+00	2.435645e+00
1.522070e+01	1.528882e+00	2.428404e+00
1.524390e+01	1.563502e+00	2.419364e+00
1.526718e+01	1.597798e+00	2.408505e+00
1.529052e+01	1.631623e+00	2.395824e+00
1.531394e+01	1.664831e+00	2.381331e+00
1.533742e+01	1.697274e+00	2.365053e+00
1.536098e+01	1.728804e+00	2.347034e+00
1.538462e+01	1.759277e+00	2.327330e+00
1.540832e+01	1.788557e+00	2.306018e+00
1.543210e+01	1.816513e+00	2.283186e+00
1.545595e+01	1.843024e+00	2.258937e+00
1.547988e+01	1.867984e+00	2.233386e+00
1.550388e+01	1.891297e+00	2.206659e+00
1.552795e+01	1.912882e+00	2.178888e+00
1.555210e+01	1.932674e+00	2.150215e+00
1.557632e+01	1.950623e+00	2.120782e+00
1.560062e+01	1.966695e+00	2.090735e+00
1.562500e+01	1.980872e+00	2.060220e+00
1.564945e+01	1.993148e+00	2.029379e+00
1.567398e+01	2.003533e+00	1.998350e+00
1.569859e+01	2.012051e+00	1.967269e+00
1.572327e+01	2.018734e+00	1.936260e+00
1.574803e+01	2.023626e+00	1.905443e+00
1.577287e+01	2.026779e+00	1.874927e+00
1.579779e+01	2.028253e+00	1.844813e+00
1.582278e+01	2.028112e+00	1.815193e+00
1.584786e+01	2.026426e+00	1.786150e+00
1.587302e+01	2.023266e+00	1.757755e+00
1.589825e+01	2.018707e+00	1.730074e+00
1.592357e+01	2.012822e+00	1.703161e+00
1.594896e+01	2.005688e+00	1.677065e+00
1.597444e+01	1.997377e+00	1.651824e+00
1.600000e+01	1.987961e+00	1.627473e+00
1.602564e+01	1.977512e+00	1.604038e+00
1.605136e+01	1.966097e+00	1.581540e+00
1.607717e+01	1.953781e+00	1.559998e+00
1.610306e+01	1.940626e+00	1.539421e+00
1.612903e+01	1.926692e+00	1.519820e+00
1.615509e+01	1.912033e+00	1.501199e+00
1.618123e+01	1.896704e+00	1.483561e+00
1.620746e+01	1.880753e+00	1.466907e+00
1.623377e+01	1.864228e+00	1.451235e+00
1.626016e+01	1.847171e+00	1.436544e+00
1.628664e+01	1.829625e+00	1.422830e+00
1.631321e+01	1.811628e+00	1.410089e+00
1.633987e+01	1.793215e+00	1.398316e+00
1.636661e+01	1.774421e+00	1.387507e+00
1.639344e+01	1.755278e+00	1.377658e+00
1.642036e+01	1.735815e+00	1.368764e+00
1.644737e+01	1.716063e+00	1.360822e+00
1.647446e+01	1.696048e+00	1.353830e+00
1.650165e+01	1.675797e+00	1.347783e+00
1.652893e+01	1.655336e+00	1.342681e+00
1.655629e+01	1.634690e+00	1.338522e+00
1.658375e+01	1.613884e+00	1.335307e+00
1.661130e+01	1.592943e+00	1.333034e+00
1.663894e+01	1.571893e+00	1.331706e+00
1.666667e+01	1.550759e+00	1.331323e+00
1.669449e+01	1.529567e+00	1.331888e+00
1.672241e+01	1.508345e+00	1.333403e+00
1.675042e+01	1.487120e+00	1.335869e+00
1.677852e+01	1.465921e+00	1.339288e+00
1.680672e+01	1.444779e+00	1.343663e+00
1.683502e+01	1.423725e+00	1.348994e+00
1.686341e+01	1.402794e+00	1.355282e+00
1.689189e+01	1.382018e+00	1.362523e+00
1.692047e+01	1.361434e+00	1.370717e+00
1.694915e+01	1.341078e+00	1.379857e+00
1.697793e+01	1.320989e+00	1.389937e+00
1.700680e+01	1.301205e+00	1.400947e+00
1.703578e+01	1.281765e+00	1.412875e+00
1.706485e+01	1.262708e+00	1.425705e+00
1.709402e+01	1.244074e+00	1.439418e+00
1.712329e+01	1.225899e+00	1.453993e+00
1.715266e+01	1.208221e+00	1.469404e+00
1.718213e+01	1.191074e+00	1.485622e+00
1.721170e+01	1.174492e+00	1.502617e+00
1.724138e+01	1.158505e+00	1.520352e+00
1.727116e+01	1.143138e+00	1.538792e+00
1.730104e+01	1.128415e+00	1.557896e+00
1.733102e+01	1.114355e+00	1.577624e+00
1.736111e+01	1.100973e+00	1.597933e+00
1.739130e+01	1.088280e+00	1.618780e+00
1.742160e+01	1.076279e+00	1.640123e+00
1.745201e+01	1.064974e+00	1.661920e+00
1.748252e+01	1.054360e+00	1.684129e+00
1.751313e+01	1.044430e+00	1.706711e+00
1.754386e+01	1.035172e+00	1.729629e+00
1.757469e+01	1.026570e+00	1.752851e+00
1.760563e+01	1.018606e+00	1.776345e+00
1.763668e+01	1.011257e+00	1.800086e+00
1.766784e+01	1.004500e+00	1.824051e+00
1.769912e+01	9.983103e-01	1.848224e+00
1.773050e+01	9.926599e-01	1.872591e+00
1.776199e+01	9.875226e-01	1.897145e+00
1.779359e+01	9.828716e-01	1.921883e+00
1.782531e+01	9.786814e-01	1.946808e+00
1.785714e+01	9.749280e-01	1.971925e+00
1.788909e+01	9.715898e-01	1.997245e+00
1.792115e+01	9.686478e-01	2.022784e+00
1.795332e+01	9.660864e-01	2.048560e+00
1.798561e+01	9.638938e-01	2.074595e+00
1.801802e+01	9.620624e-01	2.100912e+00
1.805054e+01	9.605889e-01	2.127538e+00
1.808318e+01	9.594748e-01	2.154501e+00
1.811594e+01	9.587265e-01	2.181830e+00
1.814882e+01	9.583552e-01	2.209552e+00
1.818182e+01	9.583770e-01	2.237698e+00
1.821494e+01	9.588129e-01	2.266293e+00
1.824818e+01	9.596885e-01	2.295364e+00
1.828154e+01	9.610340e-01	2.324934e+00
1.831502e+01	9.628836e-01	2.355026e+00
1.834862e+01	9.652755e-01	2.385655e+00
1.838235e+01	9.682512e-01	2.416838e+00
1.841621e+01	9.718557e-01	2.448584e+00
1.845018e+01	9.761362e-01	2.480901e+00
1.848429e+01	9.811421e-01	2.513788e+00
1.851852e+01	9.869248e-01	2.547244e+00
1.855288e+01	9.935364e-01	2.581260e+00
1.858736e+01	1.001030e+00	2.615823e+00
1.862197e+01	1.009457e+00	2.650915e+00
1.865672e+01	1.018872e+00	2.686513e+00
1.869159e+01	1.029324e+00	2.722588e+00
1.872659e+01	1.040863e+00	2.759106e+00
1.876173e+01	1.053536e+00	2.796030e+00
1.879699e+01	1.067386e+00	2.833318e+00
1.883239e+01	1.082456e+00	2.870922e+00
1.886792e+01	1.098782e+00	2.908794e+00
1.890359e+01	1.116396e+00	2.946879e+00
1.893939e+01	1.135327e+00	2.985123e+00
1.897533e+01	1.155598e+00	3.023468e+00
1.901141e+01	1.177228e+00	3.061854e+00
1.904762e+01	1.200231e+00	3.100223e+00
1.908397e+01	1.224615e+00	3.138515e+00
1.912046e+01	1.250383e+00	3.176671e+00
1.915709e+01	1.277535e+00	3.214634e+00
1.919386e+01	1.306064e+00	3.252351e+00
1.923077e+01	1.335963e+00	3.289767e+00
1.926782e+01	1.367217e+00	3.326835e+00
1.930502e+01	1.399812e+00	3.363509e+00
1.934236e+01	1.433732e+00	3.399748e+00
1.937984e+01	1.468956e+00	3.435516e+00
1.941748e+01	1.505467e+00	3.470779e+00
1.945525e+01	1.543247e+00	3.505509e+00
1.949318e+01	1.582278e+00	3.539683e+00
1.953125e+01	1.622545e+00	3.573282e+00
1.956947e+01	1.664037e+00	3.606287e+00
1.960784e+01	1.706746e+00	3.638687e+00
1.964637e+01	1.750666e+00	3.670471e+00
1.968504e+01	1.795798e+00	3.701629e+00
1.972387e+01	1.842150e+00	3.732154e+00
1.976285e+01	1.889733e+00	3.762037e+00
1.980198e+01	1.938565e+00	3.791271e+00
1.984127e+01	1.988670e+00	3.819843e+00
1.988072e+01	2.040081e+00	3.847742e+00
1.992032e+01	2.092833e+00	3.874948e+00
1.996008e+01	2.146972e+00	3.901439e+00
2.000000e+01	2.202548e+00	3.927186e+00
2.004008e+01	2.259617e+00	3.952153e+00
2.008032e+01	2.318241e+00	3.976293e+00
2.012072e+01	2.378486e+00	3.999550e+00
2.016129e+01	2.440423e+00	4.021857e+00
2.020202e+01	2.504126e+00	4.043134e+00
2.024291e+01	2.569671e+00	4.063286e+00
2.028398e+01	2.637134e+00	4.082201e+00
2.032520e+01	2.706590e+00	4.099753e+00
2.036660e+01	2.778113e+00	4.115793e+00
2.040816e+01	2.851769e+00	4.130156e+00
2.044990e+01	2.927617e+00	4.142655e+00
2.049180e+01	3.005705e+00	4.153077e+00
2.053388e+01	3.086067e+00	4.161192e+00
2.057613e+01	3.168716e+00	4.166741e+00
2.061856e+01	3.253643e+00	4.169446e+00
2.066116e+01	3.340810e+00	4.169005e+00
2.070393e+01	3.430145e+00	4.165094e+00
2.074689e+01	3.521535e+00	4.157375e+00
2.079002e+01	3.614820e+00	4.145492e+00
2.083333e+01	3.709791e+00	4.129085e+00
2.087683e+01	3.806177e+00	4.107790e+00
2.092050e+01	3.903647e+00	4.081253e+00
2.096436e+01	4.001802e+00	4.049137e+00
2.100840e+01	4.100176e+00	4.011140e+00
2.105263e+01	4.198236e+00	3.967001e+00
2.109705e+01	4.295382e+00	3.916522e+00
2.114165e+01	4.390962e+00	3.859579e+00
2.118644e+01	4.484277e+00	3.796138e+00
2.123142e+01	4.574596e+00	3.726266e+00
2.127660e+01	4.661177e+00	3.650142e+00
2.132196e+01	4.743288e+00	3.568061e+00
2.136752e+01	4.820229e+00	3.480437e+00
2.141328e+01	4.891356e+00	3.387797e+00
2.145923e+01	4.956103e+00	3.290767e+00
2.150538e+01	5.014005e+00	3.190063e+00
2.155172e+01	5.064708e+00	3.086462e+00
2.159827e+01	5.107986e+00	2.980784e+00
2.164502e+01	5.143738e+00	2.873868e+00
2.169197e+01	5.171992e+00	2.766539e+00
2.173913e+01	5.192897e+00	2.659593e+00
2.178649e+01	5.206707e+00	2.553775e+00
2.183406e+01	5.213770e+00	2.449757e+00
2.188184e+01	5.214507e+00	2.348136e+00
2.192982e+01	5.209396e+00	2.249417e+00
2.197802e+01	5.198953e+00	2.154020e+00
2.202643e+01	5.183713e+00	2.062274e+00
2.207506e+01	5.164218e+00	1.974423e+00
2.212389e+01	5.141002e+00	1.890633e+00
2.217295e+01	5.114581e+00	1.811002e+00
2.222222e+01	5.085447e+00	1.735564e+00
2.227171e+01	5.054060e+00	1.664300e+00
2.232143e+01	5.020845e+00	1.597149e+00
2.237136e+01	4.986191e+00	1.534013e+00
2.242152e+01	4.950449e+00	1.474764e+00
2.247191e+01	4.913933e+00	1.419257e+00
2.252252e+01	4.876923e+00	1.367326e+00
2.257336e+01	4.839663e+00	1.318799e+00
2.262443e+01	4.802367e+00	1.273494e+00
2.267574e+01	4.765218e+00	1.231230e+00
2.272727e+01	4.728375e+00	1.191822e+00
2.277904e+01	4.691969e+00	1.155091e+00
2.283105e+01	4.656112e+00	1.120858e+00
2.288330e+01	4.620895e+00	1.088953e+00
2.293578e+01	4.586393e+00	1.059212e+00
2.298851e+01	4.552664e+00	1.031476e+00
2.304147e+01	4.519753e+00	1.005594e+00
2.309469e+01	4.487693e+00	9.814253e-01
2.314815e+01	4.456507e+00	9.588345e-01
2.320186e+01	4.426209e+00	9.376954e-01
2.325581e+01	4.396804e+00	9.178893e-01
2.331002e+01	4.368293e+00	8.993055e-01
2.336449e+01	4.340667e+00	8.818404e-01
2.341920e+01	4.313918e+00	8.653979e-01
2.347418e+01	4.288028e+00	8.498887e-01
2.352941e+01	4.262980e+00	8.352302e-01
2.358491e+01	4.238753e+00	8.213460e-01
2.364066e+01	4.215323e+00	8.081657e-01
2.369668e+01	4.192665e+00	7.956246e-01
2.375297e+01	4.170752e+00	7.836633e-01
2.380952e+01	4.149559e+00	7.722273e-01
2.386635e+01	4.129055e+00	7.612668e-01
2.392344e+01	4.109214e+00	7.507365e-01
2.398082e+01	4.090007e+00	7.405951e-01
2.403846e+01	4.071406e+00	7.308051e-01
2.409639e+01	4.053382e+00	7.213325e-01
2.415459e+01	4.035909e+00	7.121467e-01
2.421308e+01	4.018959e+00	7.032200e-01
2.427184e+01	4.002506e+00	6.945276e-01
2.433090e+01	3.986524e+00	6.860471e-01
2.439024e+01	3.970989e+00	6.777588e-01
2.444988e+01	3.955877e+00	6.696447e-01
2.450980e+01	3.941164e+00	6.616892e-01
2.457002e+01	3.926829e+00	6.538784e-01
2.463054e+01	3.912850e+00	6.462000e-01
2.469136e+01	3.899207e+00	6.386431e-01
2.475248e+01	3.885880e+00	6.311985e-01
2.481390e+01	3.872852e+00	6.238578e-01
2.487562e+01	3.860105e+00	6.166140e-01
2.493766e+01	3.847621e+00	6.094611e-01
2.500000e+01	3.835387e+00	6.023938e-01
2.506266e+01	3.823385e+00	5.954078e-01
2.512563e+01	3.811603e+00	5.884994e-01
2.518892e+01	3.800028e+00	5.816657e-01
2.525253e+01	3.788646e+00	5.749040e-01
2.531646e+01	3.777445e+00	5.682125e-01
2.538071e+01	3.766416e+00	5.615896e-01
2.544529e+01	3.755548e+00	5.550342e-01
2.551020e+01	3.744830e+00	5.485455e-01
2.557545e+01	3.734253e+00	5.421228e-01
2.564103e+01	3.723810e+00	5.357660e-01
2.570694e+01	3.713491e+00	5.294749e-01
2.577320e+01	3.703290e+00	5.232497e-01
2.583979e+01	3.693199e+00	5.170906e-01
2.590674e+01	3.683211e+00	5.109981e-01
2.597403e+01	3.673321e+00	5.049725e-01
2.604167e+01	3.663522e+00	4.990145e-01
2.610966e+01	3.653809e+00	4.931247e-01
2.617801e+01	3.644177e+00	4.873039e-01
2.624672e+01	3.634620e+00	4.815527e-01
2.631579e+01	3.625135e+00	4.758720e-01
2.638522e+01	3.615717e+00	4.702626e-01
2.645503e+01	3.606361e+00	4.647252e-01
2.652520e+01	3.597065e+00	4.592608e-01
2.659574e+01	3.587823e+00	4.538702e-01
2.666667e+01	3.578633e+00	4.485543e-01
2.673797e+01	3.569492e+00	4.433139e-01
2.680965e+01	3.560395e+00	4.381499e-01
2.688172e+01	3.551340e+00	4.330631e-01
2.695418e+01	3.542324e+00	4.280546e-01
2.702703e+01	3.533344e+00	4.231252e-01
2.710027e+01	3.524396e+00	4.182757e-01
2.717391e+01	3.515479e+00	4.135072e-01
2.724796e+01	3.506589e+00	4.088207e-01
2.732240e+01	3.497723e+00	4.042171e-01
2.739726e+01	3.488879e+00	3.996975e-01
2.747253e+01	3.480054e+00	3.952629e-01
2.754821e+01	3.471245e+00	3.909146e-01
2.762431e+01	3.462450e+00	3.866538e-01
2.770083e+01	3.453665e+00	3.824817e-01
2.777778e+01	3.444888e+00	3.783997e-01
2.785515e+01	3.436116e+00	3.744095e-01
2.793296e+01	3.427345e+00	3.705124e-01
2.801120e+01	3.418572e+00	3.667104e-01
2.808989e+01	3.409795e+00	3.630054e-01
2.816901e+01	3.401010e+00	3.593993e-01
2.824859e+01	3.392213e+00	3.558946e-01
2.832861e+01	3.383400e+00	3.524937e-01
2.840909e+01	3.374569e+00	3.491994e-01
2.849003e+01	3.365714e+00	3.460147e-01
2.857143e+01	3.356832e+00	3.429430e-01
2.865330e+01	3.347918e+00	3.399881e-01
2.873563e+01	3.338968e+00	3.371540e-01
2.881844e+01	3.329976e+00	3.344454e-01
2.890173e+01	3.320938e+00	3.318673e-01
2.898551e+01	3.311848e+00	3.294255e-01
2.906977e+01	3.302700e+00	3.271262e-01
2.915452e+01	3.293488e+00	3.249765e-01
2.923977e+01	3.284207e+00	3.229844e-01
2.932551e+01	3.274848e+00	3.211586e-01
2.941176e+01	3.265404e+00	3.195090e-01
2.949853e+01	3.255869e+00	3.180468e-01
2.958580e+01	3.246235e+00	3.167845e-01
2.967359e+01	3.236492e+00	3.157361e-01
2.976190e+01	3.226632e+00	3.149174e-01
2.985075e+01	3.216647e+00	3.143465e-01
2.994012e+01	3.206526e+00	3.140436e-01
3.003003e+01	3.196260e+00	3.140316e-01
3.012048e+01	3.185838e+00	3.143367e-01
3.021148e+01	3.175252e+00	3.149886e-01
3.030303e+01	3.164491e+00	3.160211e-01
3.039514e+01	3.153546e+00	3.174728e-01
3.048780e+01	3.142407e+00	3.193881e-01
3.058104e+01	3.131068e+00	3.218174e-01
3.067485e+01	3.119523e+00	3.248188e-01
3.076923e+01	3.107769e+00	3.284591e-01
3.086420e+01	3.095808e+00	3.328149e-01
3.095975e+01	3.083645e+00	3.379743e-01
3.105590e+01	3.071297e+00	3.440385e-01
3.115265e+01	3.058788e+00	3.511238e-01
3.125000e+01	3.046158e+00	3.593630e-01
3.134796e+01	3.033467e+00	3.689078e-01
3.144654e+01	3.020801e+00	3.799298e-01
3.154574e+01	3.008280e+00	3.926210e-01
3.164557e+01	2.996072e+00	4.071935e-01
3.174603e+01	2.984403e+00	4.238755e-01
3.184713e+01	2.973580e+00	4.429040e-01
3.194888e+01	2.964004e+00	4.645106e-01
3.205128e+01	2.956199e+00	4.888977e-01
3.215434e+01	2.950829e+00	5.162012e-01
3.225806e+01	2.948713e+00	5.464353e-01
3.236246e+01	2.950827e+00	5.794182e-01
3.246753e+01	2.958268e+00	6.146773e-01
3.257329e+01	2.972175e+00	6.513477e-01
3.267974e+01	2.993591e+00	6.880843e-01
3.278689e+01	3.023240e+00	7.230293e-01
3.289474e+01	3.061277e+00	7.538840e-01
3.300330e+01	3.107032e+00	7.781275e-01
3.311258e+01	3.158868e+00	7.933857e-01
3.322259e+01	3.214242e+00	7.978843e-01
3.333333e+01	3.270008e+00	7.908535e-01
3.344482e+01	3.322928e+00	7.727309e-01
3.355705e+01	3.370212e+00	7.450702e-01
3.367003e+01	3.409930e+00	7.101888e-01
3.378378e+01	3.441167e+00	6.706922e-01
3.389831e+01	3.463927e+00	6.290398e-01
3.401361e+01	3.478888e+00	5.872608e-01
3.412969e+01	3.487109e+00	5.468411e-01
3.424658e+01	3.489789e+00	5.087420e-01
3.436426e+01	3.488093e+00	4.734907e-01
3.448276e+01	3.483060e+00	4.412924e-01
3.460208e+01	3.475563e+00	4.121357e-01
3.472222e+01	3.466306e+00	3.858759e-01
3.484321e+01	3.455843e+00	3.622960e-01
3.496503e+01	3.444595e+00	3.411479e-01
3.508772e+01	3.432883e+00	3.221784e-01
3.521127e+01	3.420941e+00	3.051442e-01
3.533569e+01	3.408940e+00	2.898199e-01
3.546099e+01	3.397005e+00	2.760021e-01
3.558719e+01	3.385221e+00	2.635094e-01
3.571429e+01	3.373647e+00	2.521819e-01
3.584229e+01	3.362322e+00	2.418798e-01
3.597122e+01	3.351268e+00	2.324810e-01
3.610108e+01	3.340500e+00	2.238793e-01
3.623188e+01	3.330020e+00	2.159825e-01
3.636364e+01	3.319828e+00	2.087106e-01
3.649635e+01	3.309920e+00	2.019938e-01
3.663004e+01	3.300286e+00	1.957717e-01
3.676471e+01	3.290918e+00	1.899913e-01
3.690037e+01	3.281804e+00	1.846066e-01
3.703704e+01	3.272933e+00	1.795775e-01
3.717472e+01	3.264292e+00	1.748687e-01
3.731343e+01	3.255870e+00	1.704493e-01
3.745318e+01	3.247653e+00	1.662922e-01
3.759398e+01	3.239630e+00	1.623736e-01
3.773585e+01	3.231789e+00	1.586727e-01
3.787879e+01	3.224119e+00	1.551709e-01
3.802281e+01	3.216607e+00	1.518520e-01
3.816794e+01	3.209243e+00	1.487019e-01
3.831418e+01	3.202017e+00	1.457080e-01
3.846154e+01	3.194916e+00	1.428596e-01
3.861004e+01	3.187930e+00	1.401472e-01
3.875969e+01	3.181049e+00	1.375628e-01
3.891051e+01	3.174263e+00	1.350996e-01
3.906250e+01	3.167560e+00	1.327522e-01
3.921569e+01	3.160929e+00	1.305163e-01
3.937008e+01	3.154361e+00	1.283889e-01
3.952569e+01	3.147842e+00	1.263682e-01
3.968254e+01	3.141362e+00	1.244541e-01
3.984064e+01	3.134908e+00	1.226478e-01
4.000000e+01	3.128467e+00	1.209524e-01
4.016064e+01	3.122025e+00	1.193732e-01
4.032258e+01	3.115567e+00	1.179179e-01
4.048583e+01	3.109077e+00	1.165974e-01
4.065041e+01	3.102538e+00	1.154263e-01
4.081633e+01	3.095933e+00	1.144241e-01
4.098361e+01	3.089241e+00	1.136163e-01
4.115226e+01	3.082445e+00	1.130362e-01
4.132231e+01	3.075523e+00	1.127269e-01
4.149378e+01	3.068458e+00	1.127445e-01
4.166667e+01	3.061236e+00	1.131613e-01
4.184100e+01	3.053852e+00	1.140703e-01
4.201681e+01	3.046315e+00	1.155907e-01
4.219409e+01	3.038663e+00	1.178723e-01
4.237288e+01	3.030978e+00	1.210993e-01
4.255319e+01	3.023414e+00	1.254881e-01
4.273504e+01	3.016240e+00	1.312710e-01
4.291845e+01	3.009878e+00	1.386547e-01
4.310345e+01	3.004952e+00	1.477318e-01
4.329004e+01	3.002278e+00	1.583343e-01
4.347826e+01	3.002747e+00	1.698467e-01
4.366812e+01	3.007034e+00	1.810801e-01
4.385965e+01	3.015160e+00	1.903911e-01
4.405286e+01	3.026196e+00	1.961695e-01
4.424779e+01	3.038409e+00	1.975036e-01
4.444444e+01	3.049901e+00	1.945461e-01
4.464286e+01	3.059279e+00	1.883083e-01
4.484305e+01	3.065938e+00	1.801143e-01
4.504505e+01	3.069925e+00	1.711340e-01
4.524887e+01	3.071639e+00	1.621825e-01
4.545455e+01	3.071587e+00	1.537292e-01
4.566210e+01	3.070240e+00	1.459894e-01
4.587156e+01	3.067983e+00	1.390221e-01
4.608295e+01	3.065108e+00	1.328013e-01
4.629630e+01	3.061827e+00	1.272622e-01
4.651163e+01	3.058291e+00	1.223262e-01
4.672897e+01	3.054604e+00	1.179150e-01
4.694836e+01	3.050839e+00	1.139565e-01
4.716981e+01	3.047047e+00	1.103870e-01
4.739336e+01	3.043261e+00	1.071514e-01
4.761905e+01	3.039503e+00	1.042030e-01
4.784689e+01	3.035789e+00	1.015024e-01
4.807692e+01	3.032128e+00	9.901622e-02
4.830918e+01	3.028526e+00	9.671632e-02
4.854369e+01	3.024985e+00	9.457903e-02
4.878049e+01	3.021508e+00	9.258431e-02
4.901961e+01	3.018094e+00	9.071516e-02
4.926108e+01	3.014744e+00	8.895708e-02
4.950495e+01	3.011455e+00	8.729771e-02
4.975124e+01	3.008226e+00	8.572644e-02
5.000000e+01	3.005056e+00	8.423411e-02
5.025126e+01	3.001942e+00	8.281283e-02
5.050505e+01	2.998884e+00	8.145573e-02
5.076142e+01	2.995878e+00	8.015681e-02
5.102041e+01	2.992923e+00	7.891086e-02
5.128205e+01	2.990018e+00	7.771327e-02
5.154639e+01	2.987161e+00	7.656000e-02
5.181347e+01	2.984350e+00	7.544746e-02
5.208333e+01	2.981583e+00	7.437246e-02
5.235602e+01	2.978860e+00	7.333220e-02
5.263158e+01	2.976178e+00	7.232412e-02
5.291005e+01	2.973536e+00	7.134598e-02
5.319149e+01	2.970933e+00	7.039574e-02
5.347594e+01	2.968368e+00	6.947155e-02
5.376344e+01	2.965840e+00	6.857178e-02
5.405405e+01	2.963348e+00	6.769492e-02
5.434783e+01	2.960890e+00	6.683960e-02
5.464481e+01	2.958466e+00	6.600458e-02
5.494505e+01	2.956075e+00	6.518873e-02
5.524862e+01	2.953715e+00	6.439102e-02
5.555556e+01	2.951387e+00	6.361049e-02
5.586592e+01	2.949089e+00	6.284627e-02
5.617978e+01	2.946820e+00	6.209755e-02
5.649718e+01	2.944581e+00	6.136360e-02
5.681818e+01	2.942369e+00	6.064371e-02
5.714286e+01	2.940186e+00	5.993727e-02
5.747126e+01	2.938029e+00	5.924368e-02
5.780347e+01	2.935898e+00	5.856238e-02
5.813953e+01	2.933794e+00	5.789288e-02
5.847953e+01	2.931715e+00	5.723468e-02
5.882353e+01	2.929660e+00	5.658734e-02
5.917160e+01	2.927630e+00	5.595045e-02
5.952381e+01	2.925624e+00	5.532361e-02
5.988024e+01	2.923641e+00	5.470646e-02
6.024096e+01	2.921681e+00	5.409865e-02
6.060606e+01	2.919744e+00	5.349985e-02
6.097561e+01	2.917829e+00	5.290976e-02
6.134969e+01	2.915936e+00	5.232809e-02
6.172840e+01	2.914064e+00	5.175455e-02
6.211180e+01	2.912214e+00	5.118890e-02
6.250000e+01	2.910384e+00	5.063089e-02
6.289308e+01	2.908575e+00	5.008028e-02
6.329114e+01	2.906786e+00	4.953685e-02
6.369427e+01	2.905017e+00	4.900040e-02
6.410256e+01	2.903267e+00	4.847071e-02
6.451613e+01	2.901537e+00	4.794760e-02
6.493506e+01	2.899825e+00	4.743088e-02
6.535948e+01	2.898132e+00	4.692039e-02
6.578947e+01	2.896458e+00	4.641595e-02
6.622517e+01	2.894802e+00	4.591740e-02
6.666667e+01	2.893164e+00	4.542460e-02
6.711409e+01	2.891544e+00	4.493739e-02
6.756757e+01	2.889942e+00	4.445564e-02
6.802721e+01	2.888356e+00	4.397921e-02
6.849315e+01	2.886788e+00	4.350797e-02
6.896552e+01	2.885237e+00	4.304179e-02
6.944444e+01	2.883703e+00	4.258057e-02
6.993007e+01	2.882185e+00	4.212417e-02
7.042254e+01	2.880683e+00	4.167249e-02
7.092199e+01	2.879197e+00	4.122543e-02
7.142857e+01	2.877728e+00	4.078287e-02
7.194245e+01	2.876274e+00	4.034472e-02
7.246377e+01	2.874836e+00	3.991089e-02
7.299270e+01	2.873413e+00	3.948127e-02
7.352941e+01	2.872006e+00	3.905579e-02
7.407407e+01	2.870614e+00	3.863434e-02
7.462687e+01	2.869236e+00	3.821685e-02
7.518797e+01	2.867874e+00	3.780324e-02
7.575758e+01	2.866526e+00	3.739341e-02
7.633588e+01	2.865193e+00	3.698731e-02
7.692308e+01	2.863874e+00	3.658485e-02
7.751938e+01	2.862570e+00	3.618596e-02
7.812500e+01	2.861279e+00	3.579057e-02
7.874016e+01	2.860003e+00	3.539860e-02
7.936508e+01	2.858741e+00	3.501000e-02
8.000000e+01	2.857492e+00	3.462470e-02
8.064516e+01	2.856257e+00	3.424264e-02
8.130081e+01	2.855035e+00	3.386375e-02
8.196721e+01	2.853827e+00	3.348797e-02
8.264463e+01	2.852632e+00	3.311524e-02
8.333333e+01	2.851451e+00	3.274551e-02
8.403361e+01	2.850282e+00	3.237873e-02
8.474576e+01	2.849127e+00	3.201483e-02
8.547009e+01	2.847984e+00	3.165377e-02
8.620690e+01	2.846854e+00	3.129549e-02
8.695652e+01	2.845737e+00	3.093994e-02
8.771930e+01	2.844632e+00	3.058707e-02
8.849558e+01	2.843540e+00	3.023684e-02
8.928571e+01	2.842460e+00	2.988920e-02
9.009009e+01	2.841393e+00	2.954409e-02
9.090909e+01	2.840338e+00	2.920148e-02
9.174312e+01	2.839294e+00	2.886133e-02
9.259259e+01	2.838263e+00	2.852358e-02
9.345794e+01	2.837244e+00	2.818820e-02
9.433962e+01	2.836237e+00	2.785514e-02
9.523810e+01	2.835241e+00	2.752437e-02
9.615385e+01	2.834257e+00	2.719584e-02
9.708738e+01	2.833285e+00	2.686952e-02
9.803922e+01	2.832325e+00	2.654536e-02
9.900990e+01	2.831375e+00	2.622333e-02
1.000000e+02	2.830438e+00	2.590339e-02
1.010101e+02	2.829511e+00	2.558551e-02
1.020408e+02	2.828596e+00	2.526965e-02
1.030928e+02	2.827692e+00	2.495577e-02
1.041667e+02	2.826799e+00	2.464384e-02
1.052632e+02	2.825917e+00	2.433383e-02
1.063830e+02	2.825047e+00	2.402571e-02
1.075269e+02	2.824187e+00	2.371943e-02
1.086957e+02	2.823338e+00	2.341498e-02
1.098901e+02	2.822499e+00	2.311231e-02
1.111111e+02	2.821672e+00	2.281140e-02
1.123596e+02	2.820855e+00	2.251222e-02
1.136364e+02	2.820049e+00	2.221474e-02
1.149425e+02	2.819254e+00	2.191892e-02
1.162791e+02	2.818468e+00	2.162474e-02
1.176471e+02	2.817694e+00	2.133217e-02
1.190476e+02	2.816930e+00	2.104118e-02
1.204819e+02	2.816176e+00	2.075175e-02
1.219512e+02	2.815432e+00	2.046384e-02
1.234568e+02	2.814699e+00	2.017743e-02
1.250000e+02	2.813976e+00	1.989249e-02
1.265823e+02	2.813263e+00	1.960901e-02
1.282051e+02	2.812560e+00	1.932694e-02
1.298701e+02	2.811867e+00	1.904627e-02
1.315789e+02	2.811185e+00	1.876697e-02
1.333333e+02	2.810512e+00	1.848902e-02
1.351351e+02	2.809849e+00	1.821238e-02
1.369863e+02	2.809196e+00	1.793705e-02
1.388889e+02	2.808553e+00	1.766299e-02
1.408451e+02	2.807919e+00	1.739018e-02
1.428571e+02	2.807295e+00	1.711860e-02
1.449275e+02	2.806682e+00	1.684822e-02
1.470588e+02	2.806077e+00	1.657902e-02
1.492537e+02	2.805483e+00	1.631099e-02
1.515152e+02	2.804898e+00	1.604409e-02
1.538462e+02	2.804322e+00	1.577831e-02
1.562500e+02	2.803756e+00	1.551362e-02
1.587302e+02	2.803200e+00	1.525000e-02
1.612903e+02	2.802652e+00	1.498744e-02
1.639344e+02	2.802115e+00	1.472590e-02
1.666667e+02	2.801587e+00	1.446538e-02
1.694915e+02	2.801068e+00	1.420585e-02
1.724138e+02	2.800558e+00	1.394728e-02
1.754386e+02	2.800058e+00	1.368967e-02
1.785714e+02	2.799567e+00	1.343299e-02
1.818182e+02	2.799085e+00	1.317721e-02
1.851852e+02	2.798612e+00	1.292233e-02
1.886792e+02	2.798148e+00	1.266832e-02
1.923077e+02	2.797694e+00	1.241516e-02
1.960784e+02	2.797249e+00	1.216284e-02
2.000000e+02	2.796813e+00	1.191133e-02
2.040816e+02	2.796386e+00	1.166062e-02
2.083333e+02	2.795967e+00	1.141069e-02
2.127660e+02	2.795558e+00	1.116151e-02
2.173913e+02	2.795158e+00	1.091308e-02
2.222222e+02	2.794767e+00	1.066538e-02
2.272727e+02	2.794385e+00	1.041838e-02
2.325581e+02	2.794011e+00	1.017207e-02
2.380952e+02	2.793647e+00	9.926428e-03
2.439024e+02	2.793291e+00	9.681444e-03
2.500000e+02	2.792945e+00	9.437096e-03
2.564103e+02	2.792607e+00	9.193369e-03
2.631579e+02	2.792278e+00	8.950244e-03
2.702703e+02	2.791957e+00	8.707706e-03
2.777778e+02	2.791646e+00	8.465737e-03
2.857143e+02	2.791343e+00	8.224321e-03
2.941176e+02	2.791049e+00	7.983441e-03
3.030303e+02	2.790763e+00	7.743081e-03
3.125000e+02	2.790487e+00	7.503225e-03
3.225806e+02	2.790218e+00	7.263856e-03
3.333333e+02	2.789959e+00	7.024958e-03
3.448276e+02	2.789708e+00	6.786515e-03
3.571429e+02	2.789466e+00	6.548511e-03
3.703704e+02	2.789233e+00	6.310931e-03
3.846154e+02	2.789008e+00	6.073758e-03
4.000000e+02	2.788792e+00	5.836977e-03
4.166667e+02	2.788584e+00	5.600573e-03
4.347826e+02	2.788385e+00	5.364528e-03
4.545455e+02	2.788194e+00	5.128829e-03
4.761905e+02	2.788012e+00	4.893460e-03
5.000000e+02	2.787839e+00	4.658405e-03
5.263158e+02	2.787674e+00	4.423648e-03
5.555556e+02	2.787517e+00	4.189175e-03
5.882353e+02	2.787369e+00	3.954971e-03
6.250000e+02	2.787230e+00	3.721020e-03
6.666667e+02	2.787099e+00	3.487307e-03
7.142857e+02	2.786977e+00	3.253817e-03
7.692308e+02	2.786863e+00	3.020534e-03
8.333333e+02	2.786757e+00	2.787445e-03
9.090909e+02	2.786660e+00	2.554534e-03
1.000000e+03	2.786571e+00	2.321786e-03
1.111111e+03	2.786491e+00	2.089186e-03
1.250000e+03	2.786420e+00	1.856719e-03
1.428571e+03	2.786356e+00	1.624370e-03
1.666667e+03	2.786302e+00	1.392125e-03
2.000000e+03	2.786255e+00	1.159969e-03
2.500000e+03	2.786217e+00	9.278865e-04
3.333333e+03	2.786188e+00	6.958632e-04
5.000000e+03	2.786167e+00	4.638842e-04
1.000000e+04	2.786154e+00	2.319347e-04
