#Refractive index of MgCaSi2O6[s]; Arnold et al. (2014), American Mineralogist, Volume 99, pages 1942–1955
#Data points: 667
#Wavelength (micron) n  k      
      6.700000e+00       1.319373e+00       1.050254e-02 
      6.750000e+00       1.306105e+00       1.001447e-02 
      6.800000e+00       1.300446e+00       1.036897e-02 
      6.850000e+00       1.299496e+00       1.077729e-02 
      6.900000e+00       1.294946e+00       1.120251e-02 
      6.950000e+00       1.287160e+00       1.147061e-02 
      7.000000e+00       1.285990e+00       1.173561e-02 
      7.050000e+00       1.279182e+00       1.207376e-02 
      7.100000e+00       1.273018e+00       1.254085e-02 
      7.150000e+00       1.268747e+00       1.301341e-02 
      7.200000e+00       1.263220e+00       1.349945e-02 
      7.250000e+00       1.259720e+00       1.401119e-02 
      7.300000e+00       1.254894e+00       1.459139e-02 
      7.350000e+00       1.249452e+00       1.520535e-02 
      7.400000e+00       1.244548e+00       1.584684e-02 
      7.450000e+00       1.239431e+00       1.651447e-02 
      7.500000e+00       1.234347e+00       1.720143e-02 
      7.550000e+00       1.229215e+00       1.796187e-02 
      7.600000e+00       1.223344e+00       1.879083e-02 
      7.650000e+00       1.217548e+00       1.970630e-02 
      7.700000e+00       1.211696e+00       2.076095e-02 
      7.750000e+00       1.205453e+00       2.193619e-02 
      7.800000e+00       1.198490e+00       2.337709e-02 
      7.850000e+00       1.190246e+00       2.569282e-02 
      7.900000e+00       1.176820e+00       2.861551e-02 
      7.950000e+00       1.162062e+00       3.263445e-02 
      8.000000e+00       1.146384e+00       3.634888e-02 
      8.050000e+00       1.127199e+00       3.965946e-02 
      8.100000e+00       1.105587e+00       4.260001e-02 
      8.150000e+00       1.079801e+00       4.551028e-02 
      8.200000e+00       1.049775e+00       4.884183e-02 
      8.250000e+00       1.017951e+00       5.268764e-02 
      8.300000e+00       9.847833e-01       5.720738e-02 
      8.350000e+00       9.476671e-01       6.272045e-02 
      8.400000e+00       8.997759e-01       6.866953e-02 
      8.450000e+00       8.455901e-01       7.711893e-02 
      8.500000e+00       7.849441e-01       8.650155e-02 
      8.550000e+00       7.231437e-01       9.907770e-02 
      8.600000e+00       6.548751e-01       1.144325e-01 
      8.650000e+00       5.740774e-01       1.319432e-01 
      8.700000e+00       4.460441e-01       1.686826e-01 
      8.750000e+00       3.374563e-01       2.288420e-01 
      8.800000e+00       2.718101e-01       3.276633e-01 
      8.850000e+00       2.284740e-01       4.599302e-01 
      8.900000e+00       1.968357e-01       5.791993e-01 
      8.950000e+00       1.862620e-01       7.350334e-01 
      9.000000e+00       1.805124e-01       8.673785e-01 
      9.050000e+00       1.820676e-01       1.001071e+00 
      9.100000e+00       1.855299e-01       1.138200e+00 
      9.150000e+00       2.003516e-01       1.282094e+00 
      9.200000e+00       2.194184e-01       1.439882e+00 
      9.250000e+00       2.546069e-01       1.611951e+00 
      9.300000e+00       2.997311e-01       1.821161e+00 
      9.350000e+00       4.013542e-01       2.053444e+00 
      9.400000e+00       6.333919e-01       2.333289e+00 
      9.450000e+00       1.475704e+00       2.621073e+00 
      9.500000e+00       2.657567e+00       2.924016e+00 
      9.550000e+00       2.624168e+00       2.754162e+00 
      9.600000e+00       2.448977e+00       2.551277e+00 
      9.650000e+00       2.854682e+00       1.714052e+00 
      9.700000e+00       2.638122e+00       1.508506e+00 
      9.750000e+00       2.178372e+00       8.184989e-01 
      9.800000e+00       1.850134e+00       6.175797e-01 
      9.850000e+00       1.553664e+00       5.170151e-01 
      9.900000e+00       1.246789e+00       4.853808e-01 
      9.950000e+00       1.039636e+00       4.537466e-01 
      1.000000e+01       9.286058e-01       3.872483e-01 
      1.005000e+01       8.419754e-01       3.244328e-01 
      1.010000e+01       7.935292e-01       3.071817e-01 
      1.015000e+01       7.450830e-01       3.105275e-01 
      1.020000e+01       7.061495e-01       3.260122e-01 
      1.025000e+01       6.691224e-01       3.433513e-01 
      1.030000e+01       6.324630e-01       3.657163e-01 
      1.035000e+01       5.973704e-01       3.880814e-01 
      1.040000e+01       5.622778e-01       4.263405e-01 
      1.045000e+01       5.358827e-01       4.716084e-01 
      1.050000e+01       5.189913e-01       5.212771e-01 
      1.055000e+01       5.020999e-01       5.770397e-01 
      1.060000e+01       5.038605e-01       6.337384e-01 
      1.065000e+01       5.136100e-01       6.951171e-01 
      1.070000e+01       5.233595e-01       7.564958e-01 
      1.075000e+01       5.566328e-01       8.313479e-01 
      1.080000e+01       5.937847e-01       9.085090e-01 
      1.085000e+01       6.298698e-01       9.681631e-01 
      1.090000e+01       6.621513e-01       1.020301e+00 
      1.095000e+01       6.944329e-01       1.054387e+00 
      1.100000e+01       7.142853e-01       1.071501e+00 
      1.105000e+01       7.222954e-01       1.088615e+00 
      1.110000e+01       7.303054e-01       1.119870e+00 
      1.115000e+01       7.478082e-01       1.167858e+00 
      1.120000e+01       7.772075e-01       1.215845e+00 
      1.125000e+01       8.066067e-01       1.270199e+00 
      1.130000e+01       8.561599e-01       1.339437e+00 
      1.135000e+01       9.250523e-01       1.408676e+00 
      1.140000e+01       1.022026e+00       1.477475e+00 
      1.145000e+01       1.121093e+00       1.536520e+00 
      1.150000e+01       1.244017e+00       1.595565e+00 
      1.155000e+01       1.397694e+00       1.654610e+00 
      1.160000e+01       1.560177e+00       1.668811e+00 
      1.165000e+01       1.724367e+00       1.663644e+00 
      1.170000e+01       1.887336e+00       1.658476e+00 
      1.175000e+01       2.052046e+00       1.626404e+00 
      1.180000e+01       2.151453e+00       1.525294e+00 
      1.185000e+01       2.259132e+00       1.424183e+00 
      1.190000e+01       2.339706e+00       1.286867e+00 
      1.195000e+01       2.393835e+00       1.104192e+00 
      1.200000e+01       2.429515e+00       9.759155e-01 
      1.205000e+01       2.431587e+00       8.561600e-01 
      1.210000e+01       2.433660e+00       7.790519e-01 
      1.215000e+01       2.435732e+00       7.044134e-01 
      1.220000e+01       2.422595e+00       6.343141e-01 
      1.225000e+01       2.402583e+00       5.642148e-01 
      1.230000e+01       2.382571e+00       5.148700e-01 
      1.235000e+01       2.362560e+00       4.871814e-01 
      1.240000e+01       2.344010e+00       4.594928e-01 
      1.245000e+01       2.325636e+00       4.318042e-01 
      1.250000e+01       2.307263e+00       4.161369e-01 
      1.255000e+01       2.288889e+00       4.030781e-01 
      1.260000e+01       2.277758e+00       3.900192e-01 
      1.265000e+01       2.266796e+00       3.769603e-01 
      1.270000e+01       2.255835e+00       3.680588e-01 
      1.275000e+01       2.244874e+00       3.597400e-01 
      1.280000e+01       2.235447e+00       3.514212e-01 
      1.285000e+01       2.226117e+00       3.431024e-01 
      1.290000e+01       2.216786e+00       4.963127e-01 
      1.295000e+01       2.207456e+00       5.359120e-01 
      1.300000e+01       2.195951e+00       4.376361e-01 
      1.305000e+01       2.183815e+00       3.393601e-01 
      1.310000e+01       2.171679e+00       2.934787e-01 
      1.315000e+01       2.159543e+00       2.835072e-01 
      1.320000e+01       2.146378e+00       2.735357e-01 
      1.325000e+01       2.132039e+00       2.635642e-01 
      1.330000e+01       2.117699e+00       2.542760e-01 
      1.335000e+01       2.103360e+00       2.469793e-01 
      1.340000e+01       2.089005e+00       2.396827e-01 
      1.345000e+01       2.073211e+00       2.323860e-01 
      1.350000e+01       2.057417e+00       2.250893e-01 
      1.355000e+01       2.041623e+00       2.200590e-01 
      1.360000e+01       2.025829e+00       2.157201e-01 
      1.365000e+01       2.009839e+00       2.113812e-01 
      1.370000e+01       1.993554e+00       2.070423e-01 
      1.375000e+01       1.977268e+00       2.030123e-01 
      1.380000e+01       1.960983e+00       2.014426e-01 
      1.385000e+01       1.944698e+00       1.998729e-01 
      1.390000e+01       1.928088e+00       1.983031e-01 
      1.395000e+01       1.911284e+00       1.967334e-01 
      1.400000e+01       1.894479e+00       1.957942e-01 
      1.405000e+01       1.877675e+00       1.964911e-01 
      1.410000e+01       1.860871e+00       1.971880e-01 
      1.415000e+01       1.842877e+00       1.978849e-01 
      1.420000e+01       1.824319e+00       1.985818e-01 
      1.425000e+01       1.805761e+00       1.999213e-01 
      1.430000e+01       1.787203e+00       2.031300e-01 
      1.435000e+01       1.768645e+00       2.063388e-01 
      1.440000e+01       1.747944e+00       2.095476e-01 
      1.445000e+01       1.725487e+00       2.127563e-01 
      1.450000e+01       1.703030e+00       2.160763e-01 
      1.455000e+01       1.680573e+00       2.228488e-01 
      1.460000e+01       1.658116e+00       2.296212e-01 
      1.465000e+01       1.629861e+00       2.363937e-01 
      1.470000e+01       1.599312e+00       2.431661e-01 
      1.475000e+01       1.568764e+00       2.499386e-01 
      1.480000e+01       1.537250e+00       2.589649e-01 
      1.485000e+01       1.495035e+00       2.695723e-01 
      1.490000e+01       1.452821e+00       2.801797e-01 
      1.495000e+01       1.410684e+00       2.907871e-01 
      1.500000e+01       1.368794e+00       3.013946e-01 
      1.505000e+01       1.326905e+00       3.120020e-01 
      1.510000e+01       1.284466e+00       3.253700e-01 
      1.515000e+01       1.240667e+00       3.389840e-01 
      1.520000e+01       1.196869e+00       3.525979e-01 
      1.525000e+01       1.165486e+00       3.662119e-01 
      1.530000e+01       1.141449e+00       3.798259e-01 
      1.535000e+01       1.117413e+00       4.022540e-01 
      1.540000e+01       1.098180e+00       4.363303e-01 
      1.545000e+01       1.114123e+00       4.704066e-01 
      1.550000e+01       1.130066e+00       5.073570e-01 
      1.555000e+01       1.146010e+00       5.657246e-01 
      1.560000e+01       1.161953e+00       6.240922e-01 
      1.565000e+01       1.223844e+00       6.824598e-01 
      1.570000e+01       1.357166e+00       7.943936e-01 
      1.575000e+01       1.507540e+00       9.303418e-01 
      1.580000e+01       1.624686e+00       1.040347e+00 
      1.585000e+01       1.915242e+00       1.150352e+00 
      1.590000e+01       2.152560e+00       1.228560e+00 
      1.595000e+01       2.327554e+00       1.304331e+00 
      1.600000e+01       2.450143e+00       1.380103e+00 
      1.605000e+01       2.533533e+00       1.431511e+00 
      1.610000e+01       2.561143e+00       1.392252e+00 
      1.615000e+01       2.588753e+00       1.352994e+00 
      1.620000e+01       2.595911e+00       1.313736e+00 
      1.625000e+01       2.564684e+00       1.205666e+00 
      1.630000e+01       2.533457e+00       9.893365e-01 
      1.635000e+01       2.502230e+00       8.221909e-01 
      1.640000e+01       2.471003e+00       6.972484e-01 
      1.645000e+01       2.432656e+00       5.954268e-01 
      1.650000e+01       2.390683e+00       5.298925e-01 
      1.655000e+01       2.348711e+00       4.721526e-01 
      1.660000e+01       2.309235e+00       4.205013e-01 
      1.665000e+01       2.275813e+00       3.841218e-01 
      1.670000e+01       2.242392e+00       3.477423e-01 
      1.675000e+01       2.208970e+00       3.169268e-01 
      1.680000e+01       2.180444e+00       2.930390e-01 
      1.685000e+01       2.153054e+00       2.691513e-01 
      1.690000e+01       2.125665e+00       2.542789e-01 
      1.695000e+01       2.099494e+00       2.447474e-01 
      1.700000e+01       2.080566e+00       2.352158e-01 
      1.705000e+01       2.061639e+00       2.256843e-01 
      1.710000e+01       2.042711e+00       2.161528e-01 
      1.715000e+01       2.023783e+00       2.112409e-01 
      1.720000e+01       2.004856e+00       2.068715e-01 
      1.725000e+01       1.985877e+00       2.025020e-01 
      1.730000e+01       1.966358e+00       1.981326e-01 
      1.735000e+01       1.946840e+00       1.937632e-01 
      1.740000e+01       1.927321e+00       1.893938e-01 
      1.745000e+01       1.907802e+00       1.850244e-01 
      1.750000e+01       1.888284e+00       1.844607e-01 
      1.755000e+01       1.869412e+00       1.840202e-01 
      1.760000e+01       1.851150e+00       1.835798e-01 
      1.765000e+01       1.832888e+00       1.831393e-01 
      1.770000e+01       1.814626e+00       1.826989e-01 
      1.775000e+01       1.796363e+00       1.822584e-01 
      1.780000e+01       1.778101e+00       1.818180e-01 
      1.785000e+01       1.759820e+00       1.818186e-01 
      1.790000e+01       1.741532e+00       1.847576e-01 
      1.795000e+01       1.723244e+00       1.876966e-01 
      1.800000e+01       1.704957e+00       1.906356e-01 
      1.805000e+01       1.686669e+00       1.935746e-01 
      1.810000e+01       1.668382e+00       1.965136e-01 
      1.815000e+01       1.649725e+00       1.994526e-01 
      1.820000e+01       1.630985e+00       2.023916e-01 
      1.825000e+01       1.612244e+00       2.053306e-01 
      1.830000e+01       1.593504e+00       2.112143e-01 
      1.835000e+01       1.574763e+00       2.175592e-01 
      1.840000e+01       1.555938e+00       2.239041e-01 
      1.845000e+01       1.535628e+00       2.302490e-01 
      1.850000e+01       1.515317e+00       2.365939e-01 
      1.855000e+01       1.495007e+00       2.429388e-01 
      1.860000e+01       1.474697e+00       2.492837e-01 
      1.865000e+01       1.454386e+00       2.556286e-01 
      1.870000e+01       1.435426e+00       2.651880e-01 
      1.875000e+01       1.424377e+00       2.787427e-01 
      1.880000e+01       1.413328e+00       2.922973e-01 
      1.885000e+01       1.402279e+00       3.058520e-01 
      1.890000e+01       1.391230e+00       3.194067e-01 
      1.895000e+01       1.380181e+00       3.382965e-01 
      1.900000e+01       1.369131e+00       3.609444e-01 
      1.905000e+01       1.358082e+00       3.835923e-01 
      1.910000e+01       1.347033e+00       4.062402e-01 
      1.915000e+01       1.356180e+00       4.363095e-01 
      1.920000e+01       1.379312e+00       4.690101e-01 
      1.925000e+01       1.402444e+00       5.017106e-01 
      1.930000e+01       1.425576e+00       5.365693e-01 
      1.935000e+01       1.448709e+00       5.785233e-01 
      1.940000e+01       1.471841e+00       6.204774e-01 
      1.945000e+01       1.494973e+00       6.624315e-01 
      1.950000e+01       1.443927e+00       6.940024e-01 
      1.955000e+01       1.501708e+00       7.202394e-01 
      1.960000e+01       1.559489e+00       7.464764e-01 
      1.965000e+01       1.617270e+00       7.727135e-01 
      1.970000e+01       1.675051e+00       7.989505e-01 
      1.975000e+01       1.728304e+00       8.251876e-01 
      1.980000e+01       1.671735e+00       8.179461e-01 
      1.985000e+01       1.615165e+00       8.004974e-01 
      1.990000e+01       1.615699e+00       7.830487e-01 
      1.995000e+01       1.627610e+00       7.656000e-01 
      2.000000e+01       1.639521e+00       7.481513e-01 
      2.005000e+01       1.651432e+00       7.307026e-01 
      2.010000e+01       1.645062e+00       7.023039e-01 
      2.015000e+01       1.626820e+00       6.713972e-01 
      2.020000e+01       1.608578e+00       6.404906e-01 
      2.025000e+01       1.590336e+00       6.095839e-01 
      2.030000e+01       1.572094e+00       6.038643e-01 
      2.035000e+01       1.559668e+00       6.141988e-01 
      2.040000e+01       1.574769e+00       6.245334e-01 
      2.045000e+01       1.589870e+00       6.348680e-01 
      2.050000e+01       1.604971e+00       6.452025e-01 
      2.055000e+01       1.620071e+00       6.555371e-01 
      2.060000e+01       1.635172e+00       6.658717e-01 
      2.065000e+01       1.650273e+00       6.762062e-01 
      2.070000e+01       1.665373e+00       6.860261e-01 
      2.075000e+01       1.677622e+00       6.931484e-01 
      2.080000e+01       1.686458e+00       7.002706e-01 
      2.085000e+01       1.695295e+00       7.073929e-01 
      2.090000e+01       1.704131e+00       7.145152e-01 
      2.095000e+01       1.712967e+00       7.216374e-01 
      2.100000e+01       1.721804e+00       7.287597e-01 
      2.105000e+01       1.730640e+00       7.358820e-01 
      2.110000e+01       1.739477e+00       7.430042e-01 
      2.115000e+01       1.748313e+00       7.501265e-01 
      2.120000e+01       1.746502e+00       7.239007e-01 
      2.125000e+01       1.730384e+00       6.962615e-01 
      2.130000e+01       1.714266e+00       6.686224e-01 
      2.135000e+01       1.698149e+00       6.409833e-01 
      2.140000e+01       1.682031e+00       6.133442e-01 
      2.145000e+01       1.665913e+00       5.857050e-01 
      2.150000e+01       1.649795e+00       5.701156e-01 
      2.155000e+01       1.633677e+00       5.556535e-01 
      2.160000e+01       1.615341e+00       5.411915e-01 
      2.165000e+01       1.593330e+00       5.267295e-01 
      2.170000e+01       1.571319e+00       5.122674e-01 
      2.175000e+01       1.549308e+00       4.978054e-01 
      2.180000e+01       1.527297e+00       4.833434e-01 
      2.185000e+01       1.505286e+00       4.707819e-01 
      2.190000e+01       1.483672e+00       4.689200e-01 
      2.195000e+01       1.462397e+00       4.670582e-01 
      2.200000e+01       1.441122e+00       4.651963e-01 
      2.205000e+01       1.419846e+00       4.633345e-01 
      2.210000e+01       1.398571e+00       4.614726e-01 
      2.215000e+01       1.377296e+00       4.596108e-01 
      2.220000e+01       1.352678e+00       4.577489e-01 
      2.225000e+01       1.328019e+00       4.558871e-01 
      2.230000e+01       1.303360e+00       4.540252e-01 
      2.235000e+01       1.278700e+00       4.521634e-01 
      2.240000e+01       1.257084e+00       4.503015e-01 
      2.245000e+01       1.235817e+00       4.484397e-01 
      2.250000e+01       1.214551e+00       4.548683e-01 
      2.255000e+01       1.193285e+00       4.630603e-01 
      2.260000e+01       1.171984e+00       4.712522e-01 
      2.265000e+01       1.150556e+00       4.794442e-01 
      2.270000e+01       1.129129e+00       4.876361e-01 
      2.275000e+01       1.107701e+00       4.958281e-01 
      2.280000e+01       1.086274e+00       5.040200e-01 
      2.285000e+01       1.064846e+00       5.122120e-01 
      2.290000e+01       1.042822e+00       5.204039e-01 
      2.295000e+01       1.020723e+00       5.285958e-01 
      2.300000e+01       9.986234e-01       5.367878e-01 
      2.305000e+01       9.765242e-01       5.449797e-01 
      2.310000e+01       9.544249e-01       5.647820e-01 
      2.315000e+01       9.399307e-01       5.853197e-01 
      2.320000e+01       9.268132e-01       6.058573e-01 
      2.325000e+01       9.136957e-01       6.263950e-01 
      2.330000e+01       9.005782e-01       6.469327e-01 
      2.335000e+01       8.874608e-01       6.674704e-01 
      2.340000e+01       8.743433e-01       6.880081e-01 
      2.345000e+01       8.612258e-01       7.085458e-01 
      2.350000e+01       8.481084e-01       7.290834e-01 
      2.355000e+01       8.471734e-01       7.519628e-01 
      2.360000e+01       8.465179e-01       7.777936e-01 
      2.365000e+01       8.458623e-01       8.036244e-01 
      2.370000e+01       8.452068e-01       8.294551e-01 
      2.375000e+01       8.445513e-01       8.552859e-01 
      2.380000e+01       8.438957e-01       8.811167e-01 
      2.385000e+01       8.432402e-01       9.069475e-01 
      2.390000e+01       8.425846e-01       9.327783e-01 
      2.395000e+01       8.419291e-01       9.586090e-01 
      2.400000e+01       8.412735e-01       9.844398e-01 
      2.405000e+01       8.406180e-01       1.010271e+00 
      2.410000e+01       8.399624e-01       1.036101e+00 
      2.415000e+01       8.393069e-01       1.062833e+00 
      2.420000e+01       8.386513e-01       1.101187e+00 
      2.425000e+01       8.379958e-01       1.139542e+00 
      2.430000e+01       8.493965e-01       1.177896e+00 
      2.435000e+01       8.610270e-01       1.216250e+00 
      2.440000e+01       8.726576e-01       1.254604e+00 
      2.445000e+01       8.842882e-01       1.292958e+00 
      2.450000e+01       8.959188e-01       1.331313e+00 
      2.455000e+01       9.075493e-01       1.369286e+00 
      2.460000e+01       9.191799e-01       1.406794e+00 
      2.465000e+01       9.308105e-01       1.444302e+00 
      2.470000e+01       9.424411e-01       1.481810e+00 
      2.475000e+01       9.540716e-01       1.519318e+00 
      2.480000e+01       9.714900e-01       1.556826e+00 
      2.485000e+01       9.970458e-01       1.594334e+00 
      2.490000e+01       1.022602e+00       1.631842e+00 
      2.495000e+01       1.048157e+00       1.669350e+00 
      2.500000e+01       1.073713e+00       1.706858e+00 
      2.505000e+01       1.099269e+00       1.741801e+00 
      2.510000e+01       1.128418e+00       1.774702e+00 
      2.515000e+01       1.162641e+00       1.807602e+00 
      2.520000e+01       1.196865e+00       1.840503e+00 
      2.525000e+01       1.231088e+00       1.873404e+00 
      2.530000e+01       1.271545e+00       1.906305e+00 
      2.535000e+01       1.314080e+00       1.939206e+00 
      2.540000e+01       1.356614e+00       1.972107e+00 
      2.545000e+01       1.397099e+00       2.005008e+00 
      2.550000e+01       1.437393e+00       2.037909e+00 
      2.555000e+01       1.477687e+00       2.070810e+00 
      2.560000e+01       1.557094e+00       2.103711e+00 
      2.565000e+01       1.639003e+00       2.136612e+00 
      2.570000e+01       1.683784e+00       2.154756e+00 
      2.575000e+01       1.728566e+00       2.170518e+00 
      2.580000e+01       1.773347e+00       2.186280e+00 
      2.585000e+01       1.831376e+00       2.202042e+00 
      2.590000e+01       1.900103e+00       2.217804e+00 
      2.595000e+01       1.968831e+00       2.233566e+00 
      2.600000e+01       2.022929e+00       2.249328e+00 
      2.605000e+01       2.076665e+00       2.265090e+00 
      2.610000e+01       2.130402e+00       2.280852e+00 
      2.615000e+01       2.182513e+00       2.296614e+00 
      2.620000e+01       2.233990e+00       2.312376e+00 
      2.625000e+01       2.285467e+00       2.328138e+00 
      2.630000e+01       2.324953e+00       2.343900e+00 
      2.635000e+01       2.355334e+00       2.359662e+00 
      2.640000e+01       2.385715e+00       2.375423e+00 
      2.645000e+01       2.416096e+00       2.391185e+00 
      2.650000e+01       2.446477e+00       2.388717e+00 
      2.655000e+01       2.456977e+00       2.360168e+00 
      2.660000e+01       2.466592e+00       2.331619e+00 
      2.665000e+01       2.476207e+00       2.303070e+00 
      2.670000e+01       2.485822e+00       2.274521e+00 
      2.675000e+01       2.495438e+00       2.245972e+00 
      2.680000e+01       2.505053e+00       2.217423e+00 
      2.685000e+01       2.514668e+00       2.188874e+00 
      2.690000e+01       2.514279e+00       2.160325e+00 
      2.695000e+01       2.500456e+00       2.131776e+00 
      2.700000e+01       2.486633e+00       2.103227e+00 
      2.705000e+01       2.472810e+00       2.074678e+00 
      2.710000e+01       2.458987e+00       2.046129e+00 
      2.715000e+01       2.445164e+00       2.017580e+00 
      2.720000e+01       2.431341e+00       1.984916e+00 
      2.725000e+01       2.417518e+00       1.931829e+00 
      2.730000e+01       2.403694e+00       1.878741e+00 
      2.735000e+01       2.389871e+00       1.825654e+00 
      2.740000e+01       2.376048e+00       1.772566e+00 
      2.745000e+01       2.356491e+00       1.719479e+00 
      2.750000e+01       2.327815e+00       1.666391e+00 
      2.755000e+01       2.299139e+00       1.613304e+00 
      2.760000e+01       2.270463e+00       1.595016e+00 
      2.765000e+01       2.241787e+00       1.578836e+00 
      2.770000e+01       2.213160e+00       1.562656e+00 
      2.775000e+01       2.186717e+00       1.546477e+00 
      2.780000e+01       2.160274e+00       1.530297e+00 
      2.785000e+01       2.133831e+00       1.514117e+00 
      2.790000e+01       2.107388e+00       1.497937e+00 
      2.795000e+01       2.080945e+00       1.481758e+00 
      2.800000e+01       2.055552e+00       1.465578e+00 
      2.805000e+01       2.030435e+00       1.449398e+00 
      2.810000e+01       2.005319e+00       1.433219e+00 
      2.815000e+01       1.980202e+00       1.417039e+00 
      2.820000e+01       1.955085e+00       1.400859e+00 
      2.825000e+01       1.940104e+00       1.394656e+00 
      2.830000e+01       1.931289e+00       1.402988e+00 
      2.835000e+01       1.922475e+00       1.411320e+00 
      2.840000e+01       1.913660e+00       1.419652e+00 
      2.845000e+01       1.904846e+00       1.427984e+00 
      2.850000e+01       1.896032e+00       1.436316e+00 
      2.855000e+01       1.887217e+00       1.444648e+00 
      2.860000e+01       1.878403e+00       1.452980e+00 
      2.865000e+01       1.869588e+00       1.461312e+00 
      2.870000e+01       1.860774e+00       1.469644e+00 
      2.875000e+01       1.851960e+00       1.477976e+00 
      2.880000e+01       1.848336e+00       1.486308e+00 
      2.885000e+01       1.860664e+00       1.494640e+00 
      2.890000e+01       1.872992e+00       1.502972e+00 
      2.895000e+01       1.885319e+00       1.511304e+00 
      2.900000e+01       1.897647e+00       1.519636e+00 
      2.905000e+01       1.909975e+00       1.527968e+00 
      2.910000e+01       1.922302e+00       1.536300e+00 
      2.915000e+01       1.934630e+00       1.544632e+00 
      2.920000e+01       1.946958e+00       1.570541e+00 
      2.925000e+01       1.959285e+00       1.600982e+00 
      2.930000e+01       1.971613e+00       1.631422e+00 
      2.935000e+01       1.983941e+00       1.661863e+00 
      2.940000e+01       1.996268e+00       1.692303e+00 
      2.945000e+01       2.008596e+00       1.722744e+00 
      2.950000e+01       2.020924e+00       1.753184e+00 
      2.955000e+01       2.029977e+00       1.783624e+00 
      2.960000e+01       2.071400e+00       1.814065e+00 
      2.965000e+01       2.112823e+00       1.844505e+00 
      2.970000e+01       2.154246e+00       1.874946e+00 
      2.975000e+01       2.195669e+00       1.905386e+00 
      2.980000e+01       2.240708e+00       1.938742e+00 
      2.985000e+01       2.288944e+00       1.975114e+00 
      2.990000e+01       2.337180e+00       2.011486e+00 
      2.995000e+01       2.385416e+00       2.047858e+00 
      3.000000e+01       2.448316e+00       2.084230e+00 
      3.005000e+01       2.513201e+00       2.120602e+00 
      3.010000e+01       2.643863e+00       2.156973e+00 
      3.015000e+01       2.714601e+00       2.193345e+00 
      3.020000e+01       2.769329e+00       2.229717e+00 
      3.025000e+01       2.824058e+00       2.266089e+00 
      3.030000e+01       2.878787e+00       2.302461e+00 
      3.035000e+01       2.933592e+00       2.338833e+00 
      3.040000e+01       2.974952e+00       2.375204e+00 
      3.045000e+01       3.016311e+00       2.411576e+00 
      3.050000e+01       3.057671e+00       2.447948e+00 
      3.055000e+01       3.099031e+00       2.484320e+00 
      3.060000e+01       3.130903e+00       2.486129e+00 
      3.065000e+01       3.162060e+00       2.479877e+00 
      3.070000e+01       3.193218e+00       2.473626e+00 
      3.075000e+01       3.224375e+00       2.467374e+00 
      3.080000e+01       3.255532e+00       2.461122e+00 
      3.085000e+01       3.276682e+00       2.454870e+00 
      3.090000e+01       3.282520e+00       2.448619e+00 
      3.095000e+01       3.288357e+00       2.442367e+00 
      3.100000e+01       3.294194e+00       2.436115e+00 
      3.105000e+01       3.300031e+00       2.429863e+00 
      3.110000e+01       3.305868e+00       2.423612e+00 
      3.115000e+01       3.311705e+00       2.417360e+00 
      3.120000e+01       3.317542e+00       2.411108e+00 
      3.125000e+01       3.323379e+00       2.404856e+00 
      3.130000e+01       3.329217e+00       2.398605e+00 
      3.135000e+01       3.335054e+00       2.392353e+00 
      3.140000e+01       3.340891e+00       2.386101e+00 
      3.145000e+01       3.339707e+00       2.379849e+00 
      3.150000e+01       3.338430e+00       2.373598e+00 
      3.155000e+01       3.337153e+00       2.367346e+00 
      3.160000e+01       3.335876e+00       2.361094e+00 
      3.165000e+01       3.334599e+00       2.329165e+00 
      3.170000e+01       3.333322e+00       2.293237e+00 
      3.175000e+01       3.332045e+00       2.257309e+00 
      3.180000e+01       3.330768e+00       2.221382e+00 
      3.185000e+01       3.329491e+00       2.185454e+00 
      3.190000e+01       3.328214e+00       2.149526e+00 
      3.195000e+01       3.326937e+00       2.113599e+00 
      3.200000e+01       3.325660e+00       2.077671e+00 
      3.205000e+01       3.324383e+00       2.041743e+00 
      3.210000e+01       3.323106e+00       2.005816e+00 
      3.215000e+01       3.321829e+00       1.969888e+00 
      3.220000e+01       3.320552e+00       1.933960e+00 
      3.225000e+01       3.319275e+00       1.909706e+00 
      3.230000e+01       3.317998e+00       1.908840e+00 
      3.235000e+01       3.316721e+00       1.907973e+00 
      3.240000e+01       3.315444e+00       1.907107e+00 
      3.245000e+01       3.314167e+00       1.906241e+00 
      3.250000e+01       3.324776e+00       1.905374e+00 
      3.255000e+01       3.342268e+00       1.904508e+00 
      3.260000e+01       3.359759e+00       1.903641e+00 
      3.265000e+01       3.377251e+00       1.902775e+00 
      3.270000e+01       3.394743e+00       1.901909e+00 
      3.275000e+01       3.412234e+00       1.901042e+00 
      3.280000e+01       3.429726e+00       1.900176e+00 
      3.285000e+01       3.447218e+00       1.899309e+00 
      3.290000e+01       3.464709e+00       1.898443e+00 
      3.295000e+01       3.485009e+00       1.897577e+00 
      3.300000e+01       3.538112e+00       1.896710e+00 
      3.305000e+01       3.591215e+00       1.895844e+00 
      3.310000e+01       3.644318e+00       1.894977e+00 
      3.315000e+01       3.679311e+00       1.894111e+00 
      3.320000e+01       3.707469e+00       1.893245e+00 
      3.325000e+01       3.735628e+00       1.892378e+00 
      3.330000e+01       3.763786e+00       1.891512e+00 
      3.335000e+01       3.791944e+00       1.890645e+00 
      3.340000e+01       3.820103e+00       1.889779e+00 
      3.345000e+01       3.847120e+00       1.888912e+00 
      3.350000e+01       3.874136e+00       1.888046e+00 
      3.355000e+01       3.901152e+00       1.887180e+00 
      3.360000e+01       3.928168e+00       1.885861e+00 
      3.365000e+01       3.955183e+00       1.878011e+00 
      3.370000e+01       3.975146e+00       1.870161e+00 
      3.375000e+01       3.989424e+00       1.862311e+00 
      3.380000e+01       4.003702e+00       1.854461e+00 
      3.385000e+01       4.017980e+00       1.846612e+00 
      3.390000e+01       4.032258e+00       1.838762e+00 
      3.395000e+01       4.046536e+00       1.830912e+00 
      3.400000e+01       4.060813e+00       1.823062e+00 
      3.405000e+01       4.075091e+00       1.815212e+00 
      3.410000e+01       4.089369e+00       1.807363e+00 
      3.415000e+01       4.100955e+00       1.799513e+00 
      3.420000e+01       4.101216e+00       1.791663e+00 
      3.425000e+01       4.101476e+00       1.783813e+00 
      3.430000e+01       4.101737e+00       1.775963e+00 
      3.435000e+01       4.101998e+00       1.768113e+00 
      3.440000e+01       4.102259e+00       1.760264e+00 
      3.445000e+01       4.102520e+00       1.752414e+00 
      3.450000e+01       4.102781e+00       1.744564e+00 
      3.455000e+01       4.103041e+00       1.736714e+00 
      3.460000e+01       4.103302e+00       1.728864e+00 
      3.465000e+01       4.103563e+00       1.721015e+00 
      3.470000e+01       4.103824e+00       1.713165e+00 
      3.475000e+01       4.104085e+00       1.705315e+00 
      3.480000e+01       4.104346e+00       1.684734e+00 
      3.485000e+01       4.104606e+00       1.650479e+00 
      3.490000e+01       4.104867e+00       1.616225e+00 
      3.495000e+01       4.103336e+00       1.581970e+00 
      3.500000e+01       4.094740e+00       1.547715e+00 
      3.505000e+01       4.086144e+00       1.513460e+00 
      3.510000e+01       4.077548e+00       1.479205e+00 
      3.515000e+01       4.068952e+00       1.444951e+00 
      3.520000e+01       4.060357e+00       1.410696e+00 
      3.525000e+01       4.051761e+00       1.376441e+00 
      3.530000e+01       4.043165e+00       1.345871e+00 
      3.535000e+01       4.034569e+00       1.318624e+00 
      3.540000e+01       4.025973e+00       1.291377e+00 
      3.545000e+01       4.017377e+00       1.264129e+00 
      3.550000e+01       4.008781e+00       1.236882e+00 
      3.555000e+01       4.000185e+00       1.209635e+00 
      3.560000e+01       3.991589e+00       1.182388e+00 
      3.565000e+01       3.982993e+00       1.155140e+00 
      3.570000e+01       3.974300e+00       1.127893e+00 
      3.575000e+01       3.965575e+00       1.100646e+00 
      3.580000e+01       3.956850e+00       1.073398e+00 
      3.585000e+01       3.948125e+00       1.048053e+00 
      3.590000e+01       3.939399e+00       1.026253e+00 
      3.595000e+01       3.930674e+00       1.004454e+00 
      3.600000e+01       3.921949e+00       9.826548e-01 
      3.605000e+01       3.913224e+00       9.608555e-01 
      3.610000e+01       3.904499e+00       9.390562e-01 
      3.615000e+01       3.895774e+00       9.172569e-01 
      3.620000e+01       3.887048e+00       8.954575e-01 
      3.625000e+01       3.878323e+00       8.736582e-01 
      3.630000e+01       3.869598e+00       8.518589e-01 
      3.635000e+01       3.860928e+00       8.300596e-01 
      3.640000e+01       3.852454e+00       8.089121e-01 
      3.645000e+01       3.843979e+00       7.937779e-01 
      3.650000e+01       3.835505e+00       7.786437e-01 
      3.655000e+01       3.827031e+00       7.635094e-01 
      3.660000e+01       3.818556e+00       7.483752e-01 
      3.665000e+01       3.810082e+00       7.332409e-01 
      3.670000e+01       3.801608e+00       7.181067e-01 
      3.675000e+01       3.793133e+00       7.029724e-01 
      3.680000e+01       3.784659e+00       6.878382e-01 
      3.685000e+01       3.776185e+00       6.727040e-01 
      3.690000e+01       3.767711e+00       6.575697e-01 
      3.695000e+01       3.759236e+00       6.424355e-01 
      3.700000e+01       3.751491e+00       6.273012e-01 
      3.705000e+01       3.743991e+00       6.124578e-01 
      3.710000e+01       3.736491e+00       6.014259e-01 
      3.715000e+01       3.728991e+00       5.903940e-01 
      3.720000e+01       3.721491e+00       5.793622e-01 
      3.725000e+01       3.713991e+00       5.683303e-01 
      3.730000e+01       3.706491e+00       5.572985e-01 
      3.735000e+01       3.698991e+00       5.462666e-01 
      3.740000e+01       3.691491e+00       5.352347e-01 
      3.745000e+01       3.683991e+00       5.242029e-01 
      3.750000e+01       3.676491e+00       5.131710e-01 
      3.755000e+01       3.668991e+00       5.021392e-01 
      3.760000e+01       3.661490e+00       4.911073e-01 
      3.765000e+01       3.653990e+00       4.800754e-01 
      3.770000e+01       3.646759e+00       4.709745e-01 
      3.775000e+01       3.640505e+00       4.644128e-01 
      3.780000e+01       3.634250e+00       4.578511e-01 
      3.785000e+01       3.627996e+00       4.512894e-01 
      3.790000e+01       3.621741e+00       4.447277e-01 
      3.795000e+01       3.615487e+00       4.381660e-01 
      3.800000e+01       3.609233e+00       4.316043e-01 
      3.805000e+01       3.602978e+00       4.250426e-01 
      3.810000e+01       3.596724e+00       4.184809e-01 
      3.815000e+01       3.590470e+00       4.119192e-01 
      3.820000e+01       3.584215e+00       4.053575e-01 
      3.825000e+01       3.577961e+00       3.987958e-01 
      3.830000e+01       3.571706e+00       3.922341e-01 
      3.835000e+01       3.565452e+00       3.856724e-01 
      3.840000e+01       3.559198e+00       3.791107e-01 
      3.845000e+01       3.552943e+00       3.725490e-01 
      3.850000e+01       3.546689e+00       3.762893e-01 
      3.855000e+01       3.540434e+00       3.859253e-01 
      3.860000e+01       3.534180e+00       3.955612e-01 
      3.865000e+01       3.527926e+00       4.051972e-01 
      3.870000e+01       3.521671e+00       4.148331e-01 
      3.875000e+01       3.528352e+00       4.244691e-01 
      3.880000e+01       3.535548e+00       4.341050e-01 
      3.885000e+01       3.542743e+00       4.437410e-01 
      3.890000e+01       3.549939e+00       4.533769e-01 
      3.895000e+01       3.557134e+00       4.630128e-01 
      3.900000e+01       3.564330e+00       4.726488e-01 
      3.905000e+01       3.571525e+00       4.822847e-01 
      3.910000e+01       3.578721e+00       4.919207e-01 
      3.915000e+01       3.585916e+00       5.015566e-01 
      3.920000e+01       3.593112e+00       5.111926e-01 
      3.925000e+01       3.600307e+00       5.208285e-01 
      3.930000e+01       3.607503e+00       5.304645e-01 
      3.935000e+01       3.614698e+00       5.401004e-01 
      3.940000e+01       3.621894e+00       5.497364e-01 
      3.945000e+01       3.629089e+00       5.593723e-01 
      3.950000e+01       3.636285e+00       5.690083e-01 
      3.955000e+01       3.643480e+00       5.786442e-01 
      3.960000e+01       3.650676e+00       5.882802e-01 
      3.965000e+01       3.657871e+00       5.979161e-01 
      3.970000e+01       3.665067e+00       6.075520e-01 
      3.975000e+01       3.672262e+00       6.171880e-01 
      3.980000e+01       3.679458e+00       6.268239e-01 
      3.985000e+01       3.686653e+00       6.364599e-01 
      3.990000e+01       3.693849e+00       6.460958e-01 
      3.995000e+01       3.701044e+00       6.557318e-01 
      4.000000e+01       3.708240e+00       6.653677e-01 
