#Refractive index of MgTiO3[s]; Hsiao, C.-Y., Shih, C.-F., Chien, C.-H. and Huang, C.-L. (2011), MgTiO3 (003) Thin Film Deposited on Sapphire (0001) by Sputtering. Journal of the American Ceramic Society, 94: 363-366. https://doi.org/10.1111/j.1551-2916.2010.04331.x
#Data points: 375
#Wavelength (micron) n  k      
      2.520000e-01       1.989893e+02       2.319811e+02 
      2.540000e-01       2.016849e+02       2.270095e+02 
      2.560000e-01       2.043804e+02       2.220380e+02 
      2.580000e-01       2.070759e+02       2.170665e+02 
      2.600000e-01       2.090554e+02       2.120949e+02 
      2.620000e-01       2.107685e+02       2.071234e+02 
      2.640000e-01       2.124817e+02       2.025350e+02 
      2.660000e-01       2.141949e+02       1.981746e+02 
      2.680000e-01       2.159081e+02       1.938141e+02 
      2.700000e-01       2.176213e+02       1.894537e+02 
      2.720000e-01       2.175385e+02       1.850933e+02 
      2.740000e-01       2.173660e+02       1.805098e+02 
      2.760000e-01       2.171934e+02       1.750086e+02 
      2.780000e-01       2.170209e+02       1.695074e+02 
      2.800000e-01       2.168484e+02       1.640062e+02 
      2.820000e-01       2.166758e+02       1.589368e+02 
      2.840000e-01       2.157143e+02       1.560199e+02 
      2.860000e-01       2.141801e+02       1.531031e+02 
      2.880000e-01       2.126459e+02       1.501862e+02 
      2.900000e-01       2.111117e+02       1.472694e+02 
      2.920000e-01       2.092857e+02       1.443525e+02 
      2.940000e-01       2.070018e+02       1.419805e+02 
      2.960000e-01       2.047179e+02       1.398925e+02 
      2.980000e-01       2.025477e+02       1.378046e+02 
      3.000000e-01       2.003817e+02       1.357166e+02 
      3.020000e-01       1.982157e+02       1.336286e+02 
      3.040000e-01       1.960497e+02       1.323093e+02 
      3.060000e-01       1.940516e+02       1.311868e+02 
      3.080000e-01       1.922560e+02       1.300643e+02 
      3.100000e-01       1.904604e+02       1.289419e+02 
      3.120000e-01       1.886594e+02       1.278194e+02 
      3.140000e-01       1.868373e+02       1.266970e+02 
      3.160000e-01       1.850152e+02       1.255745e+02 
      3.180000e-01       1.832512e+02       1.251381e+02 
      3.200000e-01       1.815681e+02       1.247585e+02 
      3.220000e-01       1.798850e+02       1.243789e+02 
      3.240000e-01       1.782019e+02       1.239992e+02 
      3.260000e-01       1.768073e+02       1.236196e+02 
      3.280000e-01       1.755372e+02       1.232400e+02 
      3.300000e-01       1.742671e+02       1.228603e+02 
      3.320000e-01       1.729970e+02       1.224807e+02 
      3.340000e-01       1.717269e+02       1.221010e+02 
      3.360000e-01       1.705329e+02       1.217304e+02 
      3.380000e-01       1.693583e+02       1.216384e+02 
      3.400000e-01       1.681837e+02       1.215464e+02 
      3.420000e-01       1.670091e+02       1.214545e+02 
      3.440000e-01       1.658345e+02       1.213625e+02 
      3.460000e-01       1.646598e+02       1.212706e+02 
      3.480000e-01       1.636289e+02       1.211786e+02 
      3.500000e-01       1.627481e+02       1.210866e+02 
      3.520000e-01       1.618674e+02       1.209947e+02 
      3.540000e-01       1.609867e+02       1.209423e+02 
      3.560000e-01       1.601059e+02       1.209532e+02 
      3.580000e-01       1.592252e+02       1.209640e+02 
      3.600000e-01       1.583444e+02       1.209748e+02 
      3.620000e-01       1.575593e+02       1.209857e+02 
      3.640000e-01       1.568869e+02       1.209965e+02 
      3.660000e-01       1.562146e+02       1.210073e+02 
      3.680000e-01       1.555422e+02       1.210182e+02 
      3.700000e-01       1.548699e+02       1.210227e+02 
      3.720000e-01       1.541975e+02       1.210227e+02 
      3.740000e-01       1.535251e+02       1.210227e+02 
      3.760000e-01       1.528528e+02       1.210227e+02 
      3.780000e-01       1.522817e+02       1.210227e+02 
      3.800000e-01       1.517522e+02       1.210227e+02 
      3.820000e-01       1.512227e+02       1.210227e+02 
      3.840000e-01       1.506932e+02       1.210227e+02 
      3.860000e-01       1.501637e+02       1.210227e+02 
      3.880000e-01       1.496342e+02       1.210192e+02 
      3.900000e-01       1.491047e+02       1.210092e+02 
      3.920000e-01       1.485752e+02       1.209993e+02 
      3.940000e-01       1.480701e+02       1.209893e+02 
      3.960000e-01       1.476409e+02       1.209794e+02 
      3.980000e-01       1.472117e+02       1.209695e+02 
      4.000000e-01       1.467826e+02       1.209595e+02 
      4.020000e-01       1.463534e+02       1.209496e+02 
      4.040000e-01       1.459242e+02       1.209397e+02 
      4.060000e-01       1.454951e+02       1.209297e+02 
      4.080000e-01       1.450659e+02       1.209198e+02 
      4.100000e-01       1.446368e+02       1.209098e+02 
      4.120000e-01       1.442922e+02       1.208999e+02 
      4.140000e-01       1.439732e+02       1.208900e+02 
      4.160000e-01       1.436542e+02       1.208800e+02 
      4.180000e-01       1.433351e+02       1.208701e+02 
      4.200000e-01       1.430161e+02       1.208602e+02 
      4.220000e-01       1.426971e+02       1.208641e+02 
      4.240000e-01       1.423781e+02       1.208953e+02 
      4.260000e-01       1.420591e+02       1.209266e+02 
      4.280000e-01       1.417514e+02       1.209579e+02 
      4.300000e-01       1.414724e+02       1.209891e+02 
      4.320000e-01       1.411934e+02       1.210204e+02 
      4.340000e-01       1.409143e+02       1.210517e+02 
      4.360000e-01       1.406353e+02       1.210829e+02 
      4.380000e-01       1.403563e+02       1.211142e+02 
      4.400000e-01       1.400773e+02       1.211160e+02 
      4.420000e-01       1.397982e+02       1.211039e+02 
      4.440000e-01       1.395192e+02       1.210917e+02 
      4.460000e-01       1.392958e+02       1.210796e+02 
      4.480000e-01       1.390867e+02       1.210675e+02 
      4.500000e-01       1.388776e+02       1.210553e+02 
      4.520000e-01       1.386684e+02       1.210432e+02 
      4.540000e-01       1.384593e+02       1.210311e+02 
      4.560000e-01       1.382502e+02       1.210188e+02 
      4.580000e-01       1.380411e+02       1.210063e+02 
      4.600000e-01       1.378320e+02       1.209937e+02 
      4.620000e-01       1.376319e+02       1.209812e+02 
      4.640000e-01       1.374527e+02       1.209686e+02 
      4.660000e-01       1.372735e+02       1.209561e+02 
      4.680000e-01       1.370943e+02       1.209435e+02 
      4.700000e-01       1.369151e+02       1.209310e+02 
      4.720000e-01       1.367359e+02       1.209238e+02 
      4.740000e-01       1.365567e+02       1.209351e+02 
      4.760000e-01       1.363775e+02       1.209465e+02 
      4.780000e-01       1.361983e+02       1.209578e+02 
      4.800000e-01       1.360352e+02       1.209692e+02 
      4.820000e-01       1.358760e+02       1.209805e+02 
      4.840000e-01       1.357167e+02       1.209919e+02 
      4.860000e-01       1.355575e+02       1.210033e+02 
      4.880000e-01       1.353982e+02       1.210146e+02 
      4.900000e-01       1.352390e+02       1.210256e+02 
      4.920000e-01       1.350797e+02       1.210355e+02 
      4.940000e-01       1.349205e+02       1.210454e+02 
      4.960000e-01       1.347734e+02       1.210554e+02 
      4.980000e-01       1.346541e+02       1.210653e+02 
      5.000000e-01       1.345347e+02       1.210752e+02 
      5.020000e-01       1.344153e+02       1.210852e+02 
      5.040000e-01       1.342959e+02       1.210951e+02 
      5.060000e-01       1.341765e+02       1.211050e+02 
      5.080000e-01       1.340571e+02       1.210996e+02 
      5.100000e-01       1.339377e+02       1.210897e+02 
      5.120000e-01       1.338183e+02       1.210798e+02 
      5.140000e-01       1.337070e+02       1.210698e+02 
      5.160000e-01       1.335975e+02       1.210599e+02 
      5.180000e-01       1.334881e+02       1.210499e+02 
      5.200000e-01       1.333787e+02       1.210400e+02 
      5.220000e-01       1.332693e+02       1.210301e+02 
      5.240000e-01       1.331598e+02       1.210227e+02 
      5.260000e-01       1.330504e+02       1.210227e+02 
      5.280000e-01       1.329410e+02       1.210227e+02 
      5.300000e-01       1.328346e+02       1.210227e+02 
      5.320000e-01       1.327351e+02       1.210227e+02 
      5.340000e-01       1.326356e+02       1.210227e+02 
      5.360000e-01       1.325362e+02       1.210227e+02 
      5.380000e-01       1.324367e+02       1.210227e+02 
      5.400000e-01       1.323372e+02       1.210227e+02 
      5.420000e-01       1.322378e+02       1.210376e+02 
      5.440000e-01       1.321383e+02       1.210575e+02 
      5.460000e-01       1.320388e+02       1.210773e+02 
      5.480000e-01       1.319552e+02       1.210972e+02 
      5.500000e-01       1.318757e+02       1.211171e+02 
      5.520000e-01       1.317961e+02       1.211369e+02 
      5.540000e-01       1.317166e+02       1.211568e+02 
      5.560000e-01       1.316370e+02       1.211767e+02 
      5.580000e-01       1.315574e+02       1.211899e+02 
      5.600000e-01       1.314779e+02       1.211814e+02 
      5.620000e-01       1.313983e+02       1.211729e+02 
      5.640000e-01       1.313188e+02       1.211643e+02 
      5.660000e-01       1.312392e+02       1.211558e+02 
      5.680000e-01       1.311596e+02       1.211473e+02 
      5.700000e-01       1.310801e+02       1.211388e+02 
      5.720000e-01       1.310005e+02       1.211303e+02 
      5.740000e-01       1.309210e+02       1.211218e+02 
      5.760000e-01       1.308414e+02       1.211132e+02 
      5.780000e-01       1.307619e+02       1.211043e+02 
      5.800000e-01       1.306823e+02       1.210944e+02 
      5.820000e-01       1.306106e+02       1.210844e+02 
      5.840000e-01       1.305410e+02       1.210745e+02 
      5.860000e-01       1.304714e+02       1.210645e+02 
      5.880000e-01       1.304018e+02       1.210546e+02 
      5.900000e-01       1.303321e+02       1.210447e+02 
      5.920000e-01       1.302625e+02       1.210347e+02 
      5.940000e-01       1.301929e+02       1.210248e+02 
      5.960000e-01       1.301233e+02       1.210137e+02 
      5.980000e-01       1.300593e+02       1.210024e+02 
      6.000000e-01       1.300096e+02       1.209910e+02 
      6.020000e-01       1.299599e+02       1.209797e+02 
      6.040000e-01       1.299102e+02       1.209683e+02 
      6.060000e-01       1.298605e+02       1.209569e+02 
      6.080000e-01       1.298108e+02       1.209456e+02 
      6.100000e-01       1.297611e+02       1.209342e+02 
      6.120000e-01       1.297113e+02       1.209229e+02 
      6.140000e-01       1.296616e+02       1.209320e+02 
      6.160000e-01       1.296119e+02       1.209445e+02 
      6.180000e-01       1.295622e+02       1.209571e+02 
      6.200000e-01       1.295125e+02       1.209696e+02 
      6.220000e-01       1.294628e+02       1.209822e+02 
      6.240000e-01       1.294131e+02       1.209947e+02 
      6.260000e-01       1.293634e+02       1.210073e+02 
      6.280000e-01       1.293137e+02       1.210198e+02 
      6.300000e-01       1.292640e+02       1.210320e+02 
      6.320000e-01       1.292090e+02       1.210442e+02 
      6.340000e-01       1.291394e+02       1.210563e+02 
      6.360000e-01       1.290698e+02       1.210684e+02 
      6.380000e-01       1.290002e+02       1.210805e+02 
      6.400000e-01       1.289306e+02       1.210927e+02 
      6.420000e-01       1.288610e+02       1.211048e+02 
      6.440000e-01       1.287914e+02       1.211169e+02 
      6.460000e-01       1.287217e+02       1.211118e+02 
      6.480000e-01       1.286521e+02       1.210805e+02 
      6.500000e-01       1.286127e+02       1.210493e+02 
      6.520000e-01       1.285829e+02       1.210180e+02 
      6.540000e-01       1.285531e+02       1.209867e+02 
      6.560000e-01       1.285233e+02       1.209554e+02 
      6.580000e-01       1.284934e+02       1.209241e+02 
      6.600000e-01       1.284636e+02       1.208928e+02 
      6.620000e-01       1.284338e+02       1.208615e+02 
      6.640000e-01       1.284040e+02       1.208610e+02 
      6.660000e-01       1.283717e+02       1.208709e+02 
      6.680000e-01       1.283319e+02       1.208808e+02 
      6.700000e-01       1.282922e+02       1.208908e+02 
      6.720000e-01       1.282524e+02       1.209007e+02 
      6.740000e-01       1.282126e+02       1.209106e+02 
      6.760000e-01       1.281729e+02       1.209206e+02 
      6.780000e-01       1.281331e+02       1.209305e+02 
      6.800000e-01       1.280933e+02       1.209404e+02 
      6.820000e-01       1.280536e+02       1.209504e+02 
      6.840000e-01       1.280065e+02       1.209603e+02 
      6.860000e-01       1.279568e+02       1.209703e+02 
      6.880000e-01       1.279070e+02       1.209802e+02 
      6.900000e-01       1.278573e+02       1.209901e+02 
      6.920000e-01       1.278076e+02       1.210001e+02 
      6.940000e-01       1.277579e+02       1.210100e+02 
      6.960000e-01       1.277082e+02       1.210199e+02 
      6.980000e-01       1.276585e+02       1.210288e+02 
      7.000000e-01       1.276180e+02       1.210374e+02 
      7.020000e-01       1.276081e+02       1.210459e+02 
      7.040000e-01       1.275981e+02       1.210544e+02 
      7.060000e-01       1.275882e+02       1.210629e+02 
      7.080000e-01       1.275783e+02       1.210714e+02 
      7.100000e-01       1.275683e+02       1.210799e+02 
      7.120000e-01       1.275584e+02       1.210885e+02 
      7.140000e-01       1.275485e+02       1.210970e+02 
      7.160000e-01       1.275385e+02       1.211055e+02 
      7.180000e-01       1.274999e+02       1.210917e+02 
      7.200000e-01       1.274502e+02       1.210718e+02 
      7.220000e-01       1.274005e+02       1.210519e+02 
      7.240000e-01       1.273508e+02       1.210320e+02 
      7.260000e-01       1.273011e+02       1.210122e+02 
      7.280000e-01       1.272514e+02       1.209923e+02 
      7.300000e-01       1.272017e+02       1.209724e+02 
      7.320000e-01       1.271520e+02       1.209525e+02 
      7.340000e-01       1.271107e+02       1.209409e+02 
      7.360000e-01       1.271008e+02       1.209508e+02 
      7.380000e-01       1.270908e+02       1.209608e+02 
      7.400000e-01       1.270809e+02       1.209707e+02 
      7.420000e-01       1.270710e+02       1.209806e+02 
      7.440000e-01       1.270610e+02       1.209906e+02 
      7.460000e-01       1.270511e+02       1.210005e+02 
      7.480000e-01       1.270411e+02       1.210104e+02 
      7.500000e-01       1.270312e+02       1.210204e+02 
      7.520000e-01       1.270004e+02       1.210379e+02 
      7.540000e-01       1.269606e+02       1.210578e+02 
      7.560000e-01       1.269208e+02       1.210776e+02 
      7.580000e-01       1.268811e+02       1.210975e+02 
      7.600000e-01       1.268413e+02       1.211174e+02 
      7.620000e-01       1.268015e+02       1.211372e+02 
      7.640000e-01       1.267618e+02       1.211571e+02 
      7.660000e-01       1.267220e+02       1.211770e+02 
      7.680000e-01       1.266880e+02       1.211894e+02 
      7.700000e-01       1.266780e+02       1.211795e+02 
      7.720000e-01       1.266681e+02       1.211696e+02 
      7.740000e-01       1.266582e+02       1.211596e+02 
      7.760000e-01       1.266482e+02       1.211497e+02 
      7.780000e-01       1.266383e+02       1.211397e+02 
      7.800000e-01       1.266284e+02       1.211298e+02 
      7.820000e-01       1.266184e+02       1.211199e+02 
      7.840000e-01       1.266085e+02       1.211099e+02 
      7.860000e-01       1.265715e+02       1.211003e+02 
      7.880000e-01       1.265218e+02       1.210909e+02 
      7.900000e-01       1.264721e+02       1.210814e+02 
      7.920000e-01       1.264223e+02       1.210719e+02 
      7.940000e-01       1.263726e+02       1.210625e+02 
      7.960000e-01       1.263229e+02       1.210530e+02 
      7.980000e-01       1.262732e+02       1.210435e+02 
      8.000000e-01       1.262235e+02       1.210341e+02 
      8.020000e-01       1.261807e+02       1.210246e+02 
      8.040000e-01       1.261707e+02       1.210311e+02 
      8.060000e-01       1.261608e+02       1.210416e+02 
      8.080000e-01       1.261509e+02       1.210520e+02 
      8.100000e-01       1.261409e+02       1.210625e+02 
      8.120000e-01       1.261310e+02       1.210729e+02 
      8.140000e-01       1.261210e+02       1.210834e+02 
      8.160000e-01       1.261111e+02       1.210938e+02 
      8.180000e-01       1.261012e+02       1.211043e+02 
      8.200000e-01       1.260978e+02       1.211002e+02 
      8.220000e-01       1.260978e+02       1.210903e+02 
      8.240000e-01       1.260978e+02       1.210804e+02 
      8.260000e-01       1.260978e+02       1.210704e+02 
      8.280000e-01       1.260978e+02       1.210605e+02 
      8.300000e-01       1.260978e+02       1.210505e+02 
      8.320000e-01       1.260978e+02       1.210406e+02 
      8.340000e-01       1.260978e+02       1.210307e+02 
      8.360000e-01       1.260948e+02       1.210202e+02 
      8.380000e-01       1.260750e+02       1.210077e+02 
      8.400000e-01       1.260551e+02       1.209951e+02 
      8.420000e-01       1.260352e+02       1.209825e+02 
      8.440000e-01       1.260153e+02       1.209700e+02 
      8.460000e-01       1.259955e+02       1.209574e+02 
      8.480000e-01       1.259756e+02       1.209449e+02 
      8.500000e-01       1.259557e+02       1.209323e+02 
      8.520000e-01       1.259358e+02       1.209214e+02 
      8.540000e-01       1.259033e+02       1.209233e+02 
      8.560000e-01       1.258635e+02       1.209252e+02 
      8.580000e-01       1.258237e+02       1.209271e+02 
      8.600000e-01       1.257840e+02       1.209290e+02 
      8.620000e-01       1.257442e+02       1.209309e+02 
      8.640000e-01       1.257044e+02       1.209328e+02 
      8.660000e-01       1.256647e+02       1.209347e+02 
      8.680000e-01       1.256249e+02       1.209366e+02 
      8.700000e-01       1.255903e+02       1.209399e+02 
      8.720000e-01       1.255903e+02       1.209498e+02 
      8.740000e-01       1.255903e+02       1.209598e+02 
      8.760000e-01       1.255903e+02       1.209697e+02 
      8.780000e-01       1.255903e+02       1.209796e+02 
      8.800000e-01       1.255903e+02       1.209896e+02 
      8.820000e-01       1.255903e+02       1.209995e+02 
      8.840000e-01       1.255903e+02       1.210095e+02 
      8.860000e-01       1.255903e+02       1.210194e+02 
      8.880000e-01       1.255903e+02       1.210161e+02 
      8.900000e-01       1.255903e+02       1.210062e+02 
      8.920000e-01       1.255903e+02       1.209963e+02 
      8.940000e-01       1.255903e+02       1.209863e+02 
      8.960000e-01       1.255903e+02       1.209764e+02 
      8.980000e-01       1.255903e+02       1.209664e+02 
      9.000000e-01       1.255903e+02       1.209565e+02 
      9.020000e-01       1.255903e+02       1.209466e+02 
      9.040000e-01       1.255841e+02       1.209366e+02 
      9.060000e-01       1.255244e+02       1.209267e+02 
      9.080000e-01       1.254647e+02       1.209168e+02 
      9.100000e-01       1.254051e+02       1.209068e+02 
      9.120000e-01       1.253454e+02       1.208969e+02 
      9.140000e-01       1.252858e+02       1.208869e+02 
      9.160000e-01       1.252261e+02       1.208770e+02 
      9.180000e-01       1.251665e+02       1.208671e+02 
      9.200000e-01       1.251068e+02       1.208571e+02 
      9.220000e-01       1.250828e+02       1.208886e+02 
      9.240000e-01       1.250828e+02       1.209433e+02 
      9.260000e-01       1.250828e+02       1.209980e+02 
      9.280000e-01       1.250828e+02       1.210527e+02 
      9.300000e-01       1.250828e+02       1.211074e+02 
      9.320000e-01       1.250828e+02       1.211621e+02 
      9.340000e-01       1.250828e+02       1.212168e+02 
      9.360000e-01       1.250828e+02       1.212715e+02 
      9.380000e-01       1.250828e+02       1.213262e+02 
      9.400000e-01       1.250828e+02       1.213014e+02 
      9.420000e-01       1.250828e+02       1.212751e+02 
      9.440000e-01       1.250828e+02       1.212489e+02 
      9.460000e-01       1.250828e+02       1.212226e+02 
      9.480000e-01       1.250828e+02       1.211963e+02 
      9.500000e-01       1.250828e+02       1.211700e+02 
      9.520000e-01       1.250828e+02       1.211437e+02 
      9.540000e-01       1.250828e+02       1.211175e+02 
      9.560000e-01       1.250828e+02       1.211012e+02 
      9.580000e-01       1.250828e+02       1.210913e+02 
      9.600000e-01       1.250828e+02       1.210813e+02 
      9.620000e-01       1.250828e+02       1.210714e+02 
      9.640000e-01       1.250828e+02       1.210615e+02 
      9.660000e-01       1.250828e+02       1.210515e+02 
      9.680000e-01       1.250828e+02       1.210416e+02 
      9.700000e-01       1.250828e+02       1.210316e+02 
      9.720000e-01       1.250822e+02       1.210248e+02 
      9.740000e-01       1.250722e+02       1.210446e+02 
      9.760000e-01       1.250623e+02       1.210645e+02 
      9.780000e-01       1.250524e+02       1.210844e+02 
      9.800000e-01       1.250424e+02       1.211042e+02 
      9.820000e-01       1.250325e+02       1.211241e+02 
      9.840000e-01       1.250226e+02       1.211440e+02 
      9.860000e-01       1.250126e+02       1.211638e+02 
      9.880000e-01       1.250027e+02       1.211837e+02 
      9.900000e-01       1.249764e+02       1.211919e+02 
      9.920000e-01       1.249366e+02       1.211919e+02 
      9.940000e-01       1.248968e+02       1.211919e+02 
      9.960000e-01       1.248571e+02       1.211919e+02 
      9.980000e-01       1.248173e+02       1.211919e+02 
      1.000000e+00       1.247776e+02       1.211919e+02 
