#Refractive index of NaCl[s]; Eldrige & Palik (1985) in Palik: "Handbook of Optical Constants of Solids"
#Data points: 420
#Wavelength (micron) n  k
4.769000e-02	8.300000e-01	1.500000e-01
4.842000e-02	8.200000e-01	1.700000e-01
4.880000e-02	8.300000e-01	1.700000e-01
4.919000e-02	8.300000e-01	1.800000e-01
4.959000e-02	8.300000e-01	1.800000e-01
4.979000e-02	8.200000e-01	1.800000e-01
5.019000e-02	8.200000e-01	1.800000e-01
5.101000e-02	8.100000e-01	2.100000e-01
5.144000e-02	8.100000e-01	2.200000e-01
5.166000e-02	8.200000e-01	2.300000e-01
5.187000e-02	8.200000e-01	2.300000e-01
5.209000e-02	8.300000e-01	2.400000e-01
5.298000e-02	8.500000e-01	2.300000e-01
5.320000e-02	8.500000e-01	2.200000e-01
5.343000e-02	8.500000e-01	2.100000e-01
5.366000e-02	8.300000e-01	2.100000e-01
5.391000e-02	8.200000e-01	2.100000e-01
5.437000e-02	8.000000e-01	2.300000e-01
5.485000e-02	7.900000e-01	2.600000e-01
5.510000e-02	8.000000e-01	2.700000e-01
5.534000e-02	8.000000e-01	2.800000e-01
5.559000e-02	8.100000e-01	2.900000e-01
5.584000e-02	8.200000e-01	3.000000e-01
5.636000e-02	8.300000e-01	3.100000e-01
5.661000e-02	8.400000e-01	3.200000e-01
5.687000e-02	8.500000e-01	3.200000e-01
5.766000e-02	8.700000e-01	3.200000e-01
5.875000e-02	8.800000e-01	3.100000e-01
5.931000e-02	8.800000e-01	3.000000e-01
5.960000e-02	8.800000e-01	3.000000e-01
6.018000e-02	8.800000e-01	3.000000e-01
6.048000e-02	8.700000e-01	3.100000e-01
6.137000e-02	8.700000e-01	3.300000e-01
6.168000e-02	8.800000e-01	3.300000e-01
6.199000e-02	8.800000e-01	3.400000e-01
6.230000e-02	8.900000e-01	3.400000e-01
6.261000e-02	9.100000e-01	3.400000e-01
6.325000e-02	9.200000e-01	3.200000e-01
6.358000e-02	9.200000e-01	3.100000e-01
6.390000e-02	9.100000e-01	3.000000e-01
6.423000e-02	9.000000e-01	2.900000e-01
6.457000e-02	8.800000e-01	2.900000e-01
6.490000e-02	8.700000e-01	3.000000e-01
6.559000e-02	8.600000e-01	3.300000e-01
6.594000e-02	8.600000e-01	3.400000e-01
6.629000e-02	8.700000e-01	3.500000e-01
6.666000e-02	8.800000e-01	3.500000e-01
6.702000e-02	8.900000e-01	3.500000e-01
6.737000e-02	9.000000e-01	3.500000e-01
6.774000e-02	9.000000e-01	3.400000e-01
6.811000e-02	9.000000e-01	3.300000e-01
6.888000e-02	8.900000e-01	3.300000e-01
7.085000e-02	8.500000e-01	3.300000e-01
7.166000e-02	8.400000e-01	3.400000e-01
7.250000e-02	8.200000e-01	3.600000e-01
7.293000e-02	8.200000e-01	3.700000e-01
7.335000e-02	8.200000e-01	3.800000e-01
7.379000e-02	8.200000e-01	3.800000e-01
7.423000e-02	8.200000e-01	3.800000e-01
7.514000e-02	8.000000e-01	3.800000e-01
7.559000e-02	7.900000e-01	3.900000e-01
7.601000e-02	7.700000e-01	4.000000e-01
7.652000e-02	7.400000e-01	4.300000e-01
7.700000e-02	7.400000e-01	4.500000e-01
7.797000e-02	7.400000e-01	4.900000e-01
7.896000e-02	7.400000e-01	5.300000e-01
7.999000e-02	7.500000e-01	5.700000e-01
8.050000e-02	7.600000e-01	5.900000e-01
8.103000e-02	7.600000e-01	6.000000e-01
8.156000e-02	7.700000e-01	6.200000e-01
8.320000e-02	7.700000e-01	6.700000e-01
8.376000e-02	7.600000e-01	7.100000e-01
8.433000e-02	7.800000e-01	7.500000e-01
8.460000e-02	7.900000e-01	7.700000e-01
8.491000e-02	8.100000e-01	7.800000e-01
8.520000e-02	8.200000e-01	7.900000e-01
8.551000e-02	8.400000e-01	8.000000e-01
8.570000e-02	8.500000e-01	8.100000e-01
8.609000e-02	8.600000e-01	8.200000e-01
8.669000e-02	8.800000e-01	8.400000e-01
8.700000e-02	8.900000e-01	8.500000e-01
8.730000e-02	9.100000e-01	8.600000e-01
8.792000e-02	9.400000e-01	8.800000e-01
8.856000e-02	9.800000e-01	8.900000e-01
8.919000e-02	1.020000e+00	9.000000e-01
8.983000e-02	1.060000e+00	9.000000e-01
9.049000e-02	1.100000e+00	8.900000e-01
9.184000e-02	1.160000e+00	8.500000e-01
9.322000e-02	1.200000e+00	8.100000e-01
9.464000e-02	1.210000e+00	7.400000e-01
9.537000e-02	1.190000e+00	7.100000e-01
9.574000e-02	1.170000e+00	7.000000e-01
9.611000e-02	1.160000e+00	7.000000e-01
9.648000e-02	1.140000e+00	7.100000e-01
9.686000e-02	1.120000e+00	7.100000e-01
9.762000e-02	1.100000e+00	7.500000e-01
9.840000e-02	1.100000e+00	8.100000e-01
9.879000e-02	1.140000e+00	8.300000e-01
9.958000e-02	1.150000e+00	8.400000e-01
9.998000e-02	1.170000e+00	8.500000e-01
1.004000e-01	1.190000e+00	8.500000e-01
1.008000e-01	1.210000e+00	8.500000e-01
1.016000e-01	1.240000e+00	8.300000e-01
1.025000e-01	1.240000e+00	7.900000e-01
1.033000e-01	1.220000e+00	7.900000e-01
1.042000e-01	1.200000e+00	7.900000e-01
1.051000e-01	1.160000e+00	8.000000e-01
1.060000e-01	1.120000e+00	8.600000e-01
1.064000e-01	1.100000e+00	8.900000e-01
1.069000e-01	1.070000e+00	9.600000e-01
1.073000e-01	1.090000e+00	1.060000e+00
1.078000e-01	1.150000e+00	1.140000e+00
1.083000e-01	1.240000e+00	1.190000e+00
1.088000e-01	1.320000e+00	1.210000e+00
1.092000e-01	1.400000e+00	1.230000e+00
1.097000e-01	1.490000e+00	1.220000e+00
1.102000e-01	1.570000e+00	1.190000e+00
1.107000e-01	1.640000e+00	1.150000e+00
1.117000e-01	1.750000e+00	1.040000e+00
1.127000e-01	1.820000e+00	9.300000e-01
1.137000e-01	1.820000e+00	7.800000e-01
1.170000e-01	1.670000e+00	5.600000e-01
1.181000e-01	1.580000e+00	5.300000e-01
1.186000e-01	1.540000e+00	5.400000e-01
1.192000e-01	1.510000e+00	5.600000e-01
1.198000e-01	1.490000e+00	5.900000e-01
1.221000e-01	1.500000e+00	7.000000e-01
1.227000e-01	1.520000e+00	7.100000e-01
1.232000e-01	1.540000e+00	7.100000e-01
1.240000e-01	1.550000e+00	7.100000e-01
1.265000e-01	1.590000e+00	7.000000e-01
1.291000e-01	1.630000e+00	6.800000e-01
1.319000e-01	1.650000e+00	6.500000e-01
1.348000e-01	1.660000e+00	6.300000e-01
1.378000e-01	1.670000e+00	6.000000e-01
1.393000e-01	1.660000e+00	5.900000e-01
1.409000e-01	1.660000e+00	6.000000e-01
1.417000e-01	1.660000e+00	5.900000e-01
1.425000e-01	1.660000e+00	5.900000e-01
1.442000e-01	1.650000e+00	5.800000e-01
1.459000e-01	1.640000e+00	5.800000e-01
1.467000e-01	1.640000e+00	5.800000e-01
1.485000e-01	1.610000e+00	5.700000e-01
1.494000e-01	1.590000e+00	5.800000e-01
1.503000e-01	1.550000e+00	5.800000e-01
1.512000e-01	1.500000e+00	6.000000e-01
1.521000e-01	1.440000e+00	6.500000e-01
1.531000e-01	1.380000e+00	7.400000e-01
1.534000e-01	1.360000e+00	8.000000e-01
1.540000e-01	1.330000e+00	8.900000e-01
1.544000e-01	1.340000e+00	9.900000e-01
1.550000e-01	1.380000e+00	1.100000e+00
1.554000e-01	1.420000e+00	1.180000e+00
1.560000e-01	1.510000e+00	1.290000e+00
1.563000e-01	1.600000e+00	1.360000e+00
1.569000e-01	1.740000e+00	1.430000e+00
1.573000e-01	1.840000e+00	1.460000e+00
1.579000e-01	2.000000e+00	1.490000e+00
1.583000e-01	2.120000e+00	1.490000e+00
1.594000e-01	2.420000e+00	1.410000e+00
1.600000e-01	2.590000e+00	1.330000e+00
1.604000e-01	2.720000e+00	1.260000e+00
1.610000e-01	2.910000e+00	1.050000e+00
1.621000e-01	2.900000e+00	5.900000e-01
1.631000e-01	2.690000e+00	4.371867e-01
1.642000e-01	2.550000e+00	3.159653e-01
1.653000e-01	2.460000e+00	2.295348e-01
1.664000e-01	2.400000e+00	1.675913e-01
1.675000e-01	2.340000e+00	1.229721e-01
1.698000e-01	2.250000e+00	6.538353e-02
1.722000e-01	2.170000e+00	3.456637e-02
1.771000e-01	2.030000e+00	1.004326e-02
1.837000e-01	1.910000e+00	2.160841e-03
1.907000e-01	1.840000e+00	4.899760e-04
2.000000e-01	1.789900e+00	8.379793e-05
2.066000e-01	1.750000e+00	2.715739e-05
2.100000e-01	1.746760e+00	1.577438e-05
2.200000e-01	1.714990e+00	3.645925e-06
2.254000e-01	1.690000e+00	1.782770e-06
2.300000e-01	1.690560e+00	1.006790e-06
2.400000e-01	1.671180e+00	3.246311e-07
2.480000e-01	1.650000e+00	1.448517e-07
2.500000e-01	1.655370e+00	1.198804e-07
2.600000e-01	1.642270e+00	4.987223e-08
2.700000e-01	1.631240e+00	2.304640e-08
2.800000e-01	1.621840e+00	1.168748e-08
2.900000e-01	1.613740e+00	6.436754e-09
3.000000e-01	1.606690e+00	3.815027e-09
3.200000e-01	1.595060e+00	1.619920e-09
3.400000e-01	1.585900e+00	8.491856e-10
3.600000e-01	1.578520e+00	5.302816e-10
3.800000e-01	1.572480e+00	3.881175e-10
4.000000e-01	1.567460e+00	3.117409e-10
4.200000e-01	1.563240e+00	2.594254e-10
4.400000e-01	1.559650e+00	2.142400e-10
4.600000e-01	1.556570e+00	1.700023e-10
4.800000e-01	1.553900e+00	1.265460e-10
5.000000e-01	1.551570e+00	7.235895e-11
5.200000e-01	1.549530e+00	4.901737e-11
5.400000e-01	1.547730e+00	4.935569e-11
5.600000e-01	1.546130e+00	5.008473e-11
5.800000e-01	1.544710e+00	5.116344e-11
6.000000e-01	1.543430e+00	5.256274e-11
6.200000e-01	1.542280e+00	5.426223e-11
6.400000e-01	1.541240e+00	5.624797e-11
6.600000e-01	1.540300e+00	5.851083e-11
6.800000e-01	1.539440e+00	6.104538e-11
7.000000e-01	1.538650e+00	6.384900e-11
7.200000e-01	1.537940e+00	6.692124e-11
7.400000e-01	1.537280e+00	7.026338e-11
7.600000e-01	1.536670e+00	7.387799e-11
7.800000e-01	1.536110e+00	7.776868e-11
8.000000e-01	1.535600e+00	8.193987e-11
8.200000e-01	1.535120e+00	8.639656e-11
8.400000e-01	1.534670e+00	9.114419e-11
8.600000e-01	1.534260e+00	9.618852e-11
8.800000e-01	1.533870e+00	1.015355e-10
9.000000e-01	1.533510e+00	1.071912e-10
9.200000e-01	1.533170e+00	1.131617e-10
9.400000e-01	1.532850e+00	1.194531e-10
9.600000e-01	1.532550e+00	1.260711e-10
9.800000e-01	1.532270e+00	1.330216e-10
1.000000e+00	1.532000e+00	1.403100e-10
1.100000e+00	1.530880e+00	1.819896e-10
1.200000e+00	1.530000e+00	2.327271e-10
1.300000e+00	1.529300e+00	2.927124e-10
1.400000e+00	1.528730e+00	3.617641e-10
1.500000e+00	1.528240e+00	4.393043e-10
1.600000e+00	1.527820e+00	5.243672e-10
1.700000e+00	1.527450e+00	6.156377e-10
1.800000e+00	1.527120e+00	7.115123e-10
1.900000e+00	1.526820e+00	8.101772e-10
2.000000e+00	1.526540e+00	9.096938e-10
2.100000e+00	1.526270e+00	1.008086e-09
2.200000e+00	1.526020e+00	1.103424e-09
2.300000e+00	1.525780e+00	1.193895e-09
2.400000e+00	1.525540e+00	1.277868e-09
2.500000e+00	1.525310e+00	1.353937e-09
2.600000e+00	1.525090e+00	1.420956e-09
2.700000e+00	1.524860e+00	1.478051e-09
2.800000e+00	1.524630e+00	1.524630e-09
2.900000e+00	1.524410e+00	1.566151e-09
3.000000e+00	1.524180e+00	1.607403e-09
3.100000e+00	1.523950e+00	1.647097e-09
3.200000e+00	1.523720e+00	1.684072e-09
3.300000e+00	1.523490e+00	1.717291e-09
3.400000e+00	1.523250e+00	1.745845e-09
3.500000e+00	1.523010e+00	1.768958e-09
3.600000e+00	1.522770e+00	1.785994e-09
3.700000e+00	1.522520e+00	1.796458e-09
3.800000e+00	1.522260e+00	1.800000e-09
3.900000e+00	1.522010e+00	1.798217e-09
4.000000e+00	1.521740e+00	1.793430e-09
4.100000e+00	1.521480e+00	1.786403e-09
4.200000e+00	1.521210e+00	1.777809e-09
4.300000e+00	1.520930e+00	1.768230e-09
4.400000e+00	1.520650e+00	1.758169e-09
4.500000e+00	1.520360e+00	1.748058e-09
4.600000e+00	1.520060e+00	1.738267e-09
4.700000e+00	1.519770e+00	1.729108e-09
4.800000e+00	1.519460e+00	1.720851e-09
4.900000e+00	1.519150e+00	1.713722e-09
5.000000e+00	1.518830e+00	1.707916e-09
5.100000e+00	1.518510e+00	1.703600e-09
5.200000e+00	1.518180e+00	1.700919e-09
5.300000e+00	1.517850e+00	1.700000e-09
5.400000e+00	1.517510e+00	1.706837e-09
5.500000e+00	1.517160e+00	1.726717e-09
5.600000e+00	1.516810e+00	1.758952e-09
5.700000e+00	1.516450e+00	1.803148e-09
5.800000e+00	1.516090e+00	1.859148e-09
5.900000e+00	1.515720e+00	1.927000e-09
6.000000e+00	1.515340e+00	2.006925e-09
6.200000e+00	1.514570e+00	2.204646e-09
6.400000e+00	1.513770e+00	2.456972e-09
6.600000e+00	1.512940e+00	2.770581e-09
6.800000e+00	1.512090e+00	3.154054e-09
7.000000e+00	1.511220e+00	3.617853e-09
7.200000e+00	1.510310e+00	4.174353e-09
7.400000e+00	1.509380e+00	4.837900e-09
7.600000e+00	1.508420e+00	5.624867e-09
7.800000e+00	1.507440e+00	6.553710e-09
8.000000e+00	1.506430e+00	7.644986e-09
8.200000e+00	1.505390e+00	8.921340e-09
8.400000e+00	1.504320e+00	1.040745e-08
8.600000e+00	1.503220e+00	1.212989e-08
8.800000e+00	1.502100e+00	1.411696e-08
9.000000e+00	1.500940e+00	1.639839e-08
9.200000e+00	1.499960e+00	1.900503e-08
9.400000e+00	1.498550e+00	2.214009e-08
9.600000e+00	1.497310e+00	2.652198e-08
9.800000e+00	1.496040e+00	3.248605e-08
1.000000e+01	1.494730e+00	4.039488e-08
1.020000e+01	1.493400e+00	5.066518e-08
1.040000e+01	1.492040e+00	6.373339e-08
1.060000e+01	1.490650e+00	8.000000e-08
1.080000e+01	1.489220e+00	1.006483e-07
1.100000e+01	1.487760e+00	1.291034e-07
1.120000e+01	1.486280e+00	1.705534e-07
1.140000e+01	1.484760e+00	2.307391e-07
1.160000e+01	1.483200e+00	3.259506e-07
1.180000e+01	1.481620e+00	4.964055e-07
1.200000e+01	1.480000e+00	9.581562e-07
1.220000e+01	1.478340e+00	1.502824e-06
1.240000e+01	1.476650e+00	1.893033e-06
1.260000e+01	1.474930e+00	2.242839e-06
1.280000e+01	1.473180e+00	2.571425e-06
1.300000e+01	1.471380e+00	2.927741e-06
1.320000e+01	1.469560e+00	3.389380e-06
1.340000e+01	1.467690e+00	4.069515e-06
1.360000e+01	1.465790e+00	5.022884e-06
1.380000e+01	1.463850e+00	6.289748e-06
1.400000e+01	1.461880e+00	7.921243e-06
1.420000e+01	1.459860e+00	9.953033e-06
1.440000e+01	1.457810e+00	1.243998e-05
1.460000e+01	1.455720e+00	1.567275e-05
1.480000e+01	1.453590e+00	1.976894e-05
1.500000e+01	1.451400e+00	2.473992e-05
1.520000e+01	1.449200e+00	3.046242e-05
1.540000e+01	1.446900e+00	3.662562e-05
1.560000e+01	1.444600e+00	4.325175e-05
1.580000e+01	1.442300e+00	5.056918e-05
1.600000e+01	1.439900e+00	5.861083e-05
1.620000e+01	1.437500e+00	6.742014e-05
1.640000e+01	1.435100e+00	7.705450e-05
1.660000e+01	1.432500e+00	8.758872e-05
1.680000e+01	1.430000e+00	9.911889e-05
1.700000e+01	1.427400e+00	1.117665e-04
1.720000e+01	1.424700e+00	1.256833e-04
1.740000e+01	1.422000e+00	1.410568e-04
1.760000e+01	1.419300e+00	1.581170e-04
1.780000e+01	1.416490e+00	1.771445e-04
1.800000e+01	1.413640e+00	1.984812e-04
1.820000e+01	1.410740e+00	2.225448e-04
1.840000e+01	1.407790e+00	2.500717e-04
1.860000e+01	1.404780e+00	2.815610e-04
1.880000e+01	1.401730e+00	3.172354e-04
1.900000e+01	1.398610e+00	3.572456e-04
1.920000e+01	1.395440e+00	4.016393e-04
1.940000e+01	1.392220e+00	4.503267e-04
1.960000e+01	1.388930e+00	5.030469e-04
1.980000e+01	1.385590e+00	5.593360e-04
2.000000e+01	1.382200e+00	6.185007e-04
2.083000e+01	1.380000e+00	8.700000e-04
2.174000e+01	1.350000e+00	1.100000e-03
2.273000e+01	1.330000e+00	1.500000e-03
2.381000e+01	1.320000e+00	2.300000e-03
2.500000e+01	1.270000e+00	3.500000e-03
2.632000e+01	1.230000e+00	5.300000e-03
2.778000e+01	1.170000e+00	9.800000e-03
2.941000e+01	1.120000e+00	1.700000e-02
3.125000e+01	1.010000e+00	4.500000e-02
3.333000e+01	8.500000e-01	1.100000e-01
3.390000e+01	8.300000e-01	1.300000e-01
3.448000e+01	8.000000e-01	1.300000e-01
3.509000e+01	7.800000e-01	1.400000e-01
3.571000e+01	6.900000e-01	1.700000e-01
3.636000e+01	5.900000e-01	2.200000e-01
3.704000e+01	4.900000e-01	3.100000e-01
3.774000e+01	4.200000e-01	5.000000e-01
3.846000e+01	4.500000e-01	6.600000e-01
3.922000e+01	5.700000e-01	7.100000e-01
3.968000e+01	5.900000e-01	6.700000e-01
4.000000e+01	5.800000e-01	6.600000e-01
4.082000e+01	5.100000e-01	6.900000e-01
4.167000e+01	4.600000e-01	8.100000e-01
4.219000e+01	4.400000e-01	8.700000e-01
4.255000e+01	4.600000e-01	8.700000e-01
4.292000e+01	4.900000e-01	8.700000e-01
4.348000e+01	4.300000e-01	8.700000e-01
4.444000e+01	3.000000e-01	1.000000e+00
4.545000e+01	2.500000e-01	1.150000e+00
4.651000e+01	2.000000e-01	1.360000e+00
4.762000e+01	1.800000e-01	1.560000e+00
4.878000e+01	1.600000e-01	1.740000e+00
5.000000e+01	1.400000e-01	1.990000e+00
5.128000e+01	1.500000e-01	2.290000e+00
5.263000e+01	1.900000e-01	2.630000e+00
5.405000e+01	2.400000e-01	3.020000e+00
5.556000e+01	3.500000e-01	3.720000e+00
5.714000e+01	5.900000e-01	4.570000e+00
5.882000e+01	1.350000e+00	6.030000e+00
6.061000e+01	6.170000e+00	7.410000e+00
6.135000e+01	7.760000e+00	6.030000e+00
6.250000e+01	6.920000e+00	2.140000e+00
6.452000e+01	5.500000e+00	8.700000e-01
6.667000e+01	4.520000e+00	3.800000e-01
6.897000e+01	4.070000e+00	3.090000e-01
7.143000e+01	3.720000e+00	2.190000e-01
7.407000e+01	3.470000e+00	1.450000e-01
7.692000e+01	3.310000e+00	1.350000e-01
8.333000e+01	3.020000e+00	1.100000e-01
9.091000e+01	2.850000e+00	9.500000e-02
1.000000e+02	2.740000e+00	8.700000e-02
1.111000e+02	2.630000e+00	7.800000e-02
1.250000e+02	2.570000e+00	7.700000e-02
1.429000e+02	2.520000e+00	6.800000e-02
1.667000e+02	2.480000e+00	5.500000e-02
2.000000e+02	2.450000e+00	4.700000e-02
2.222000e+02	2.440000e+00	4.500000e-02
2.500000e+02	2.440000e+00	4.100000e-02
2.857000e+02	2.430000e+00	3.600000e-02
3.000000e+02	2.430000e+00	3.000000e-02
3.333000e+02	2.430000e+00	3.200000e-02
4.000000e+02	2.430000e+00	2.700000e-02
5.000000e+02	2.430000e+00	2.400000e-02
6.667000e+02	2.430000e+00	1.400000e-02
1.000000e+03	2.430000e+00	6.000000e-03
1.020000e+03	2.430000e+00	8.100000e-03
1.100000e+03	2.430000e+00	9.500000e-03
1.200000e+03	2.430000e+00	8.800000e-03
1.400000e+03	2.430000e+00	6.500000e-03
1.575000e+03	2.430000e+00	5.760000e-03
1.800000e+03	2.430000e+00	5.400000e-03
2.100000e+03	2.430000e+00	4.300000e-03
2.500000e+03	2.430000e+00	4.400000e-03
2.584000e+03	2.430000e+00	2.100000e-03
3.200000e+03	2.430000e+00	3.300000e-03
8.469000e+03	2.430000e+00	5.800000e-04
3.059000e+04	2.430000e+00	2.500000e-04
