#Refractive index of NH3[ice]; Reggie L. Hudson1, Perry A. Gerakines1, and Yukiko Y. Yarnall,  Ammonia Ices Revisited: New IR Intensities and Optical Constants for Solid NH3, 2022 ApJ, 925,  156
#Data points: 291
#Wavelength (micron) n  k      
      2.500000e+00       1.686447e+00       1.088564e-01 
      2.550000e+00       1.695047e+00       1.120482e-01 
      2.600000e+00       1.703647e+00       1.152400e-01 
      2.650000e+00       1.712247e+00       1.184318e-01 
      2.700000e+00       1.720847e+00       1.216235e-01 
      2.750000e+00       1.729447e+00       1.248153e-01 
      2.800000e+00       1.738047e+00       1.280071e-01 
      2.850000e+00       1.746647e+00       1.311989e-01 
      2.900000e+00       1.755247e+00       1.343907e-01 
      2.950000e+00       1.763847e+00       1.375825e-01 
      3.000000e+00       1.772447e+00       1.407742e-01 
      3.050000e+00       1.781047e+00       1.439660e-01 
      3.100000e+00       1.789647e+00       1.471578e-01 
      3.150000e+00       1.798247e+00       1.503496e-01 
      3.200000e+00       1.806847e+00       1.535414e-01 
      3.250000e+00       1.815446e+00       1.567332e-01 
      3.300000e+00       1.824046e+00       1.599249e-01 
      3.350000e+00       1.832646e+00       1.631167e-01 
      3.400000e+00       1.841246e+00       1.663085e-01 
      3.450000e+00       1.849846e+00       1.695003e-01 
      3.500000e+00       1.858446e+00       1.726921e-01 
      3.550000e+00       1.867046e+00       1.758839e-01 
      3.600000e+00       1.875646e+00       1.790756e-01 
      3.650000e+00       1.884246e+00       1.822674e-01 
      3.700000e+00       1.892846e+00       1.854592e-01 
      3.750000e+00       1.901446e+00       1.886510e-01 
      3.800000e+00       1.910046e+00       1.918428e-01 
      3.850000e+00       1.918646e+00       1.950346e-01 
      3.900000e+00       1.927246e+00       1.982263e-01 
      3.950000e+00       1.935846e+00       2.014181e-01 
      4.000000e+00       1.944446e+00       2.046099e-01 
      4.050000e+00       1.953046e+00       2.078017e-01 
      4.100000e+00       1.961646e+00       2.109935e-01 
      4.150000e+00       1.970246e+00       2.141853e-01 
      4.200000e+00       1.978846e+00       2.173770e-01 
      4.250000e+00       1.987446e+00       2.205688e-01 
      4.300000e+00       1.996046e+00       2.237606e-01 
      4.350000e+00       2.004646e+00       2.269524e-01 
      4.400000e+00       2.013246e+00       2.301442e-01 
      4.450000e+00       2.021846e+00       2.333360e-01 
      4.500000e+00       2.030446e+00       2.365277e-01 
      4.550000e+00       2.039046e+00       2.397195e-01 
      4.600000e+00       2.047646e+00       2.429113e-01 
      4.650000e+00       2.056246e+00       2.461031e-01 
      4.700000e+00       2.064846e+00       2.492949e-01 
      4.750000e+00       2.073446e+00       2.524866e-01 
      4.800000e+00       2.082046e+00       2.556784e-01 
      4.850000e+00       2.090646e+00       2.588702e-01 
      4.900000e+00       2.099246e+00       2.620620e-01 
      4.950000e+00       2.107845e+00       2.652538e-01 
      5.000000e+00       2.116445e+00       2.684456e-01 
      5.050000e+00       2.125045e+00       2.716373e-01 
      5.100000e+00       2.133645e+00       2.748291e-01 
      5.150000e+00       2.142245e+00       2.780209e-01 
      5.200000e+00       2.150845e+00       2.812127e-01 
      5.250000e+00       2.159445e+00       2.844045e-01 
      5.300000e+00       2.168045e+00       2.875963e-01 
      5.350000e+00       2.176645e+00       2.907880e-01 
      5.400000e+00       2.185245e+00       2.939798e-01 
      5.450000e+00       2.193845e+00       2.971716e-01 
      5.500000e+00       2.202445e+00       3.003634e-01 
      5.550000e+00       2.211045e+00       3.035552e-01 
      5.600000e+00       2.219645e+00       3.067470e-01 
      5.650000e+00       2.228245e+00       3.099387e-01 
      5.700000e+00       2.236845e+00       3.131305e-01 
      5.750000e+00       2.245445e+00       3.163223e-01 
      5.800000e+00       2.254045e+00       3.195141e-01 
      5.850000e+00       2.262645e+00       3.227059e-01 
      5.900000e+00       2.271245e+00       3.258977e-01 
      5.950000e+00       2.279845e+00       3.290894e-01 
      6.000000e+00       2.288445e+00       3.322812e-01 
      6.050000e+00       2.297045e+00       3.354730e-01 
      6.100000e+00       2.305645e+00       3.386648e-01 
      6.150000e+00       2.314245e+00       3.418566e-01 
      6.200000e+00       2.322845e+00       3.450484e-01 
      6.250000e+00       2.331445e+00       3.482401e-01 
      6.300000e+00       2.340045e+00       3.514319e-01 
      6.350000e+00       2.348645e+00       3.546237e-01 
      6.400000e+00       2.357245e+00       3.578155e-01 
      6.450000e+00       2.365845e+00       3.610073e-01 
      6.500000e+00       2.374445e+00       3.641991e-01 
      6.550000e+00       2.383045e+00       3.673908e-01 
      6.600000e+00       2.391645e+00       3.705826e-01 
      6.650000e+00       2.400245e+00       3.737744e-01 
      6.700000e+00       2.408844e+00       3.769662e-01 
      6.750000e+00       2.417444e+00       3.801580e-01 
      6.800000e+00       2.426044e+00       3.833498e-01 
      6.850000e+00       2.434644e+00       3.865415e-01 
      6.900000e+00       2.443244e+00       3.897333e-01 
      6.950000e+00       2.451844e+00       3.929251e-01 
      7.000000e+00       2.460444e+00       3.961169e-01 
      7.050000e+00       2.469044e+00       3.993087e-01 
      7.100000e+00       2.477644e+00       4.025005e-01 
      7.150000e+00       2.486244e+00       4.056922e-01 
      7.200000e+00       2.494844e+00       4.088840e-01 
      7.250000e+00       2.503444e+00       4.120758e-01 
      7.300000e+00       2.512044e+00       4.152676e-01 
      7.350000e+00       2.520644e+00       4.184594e-01 
      7.400000e+00       2.529244e+00       4.216512e-01 
      7.450000e+00       2.537844e+00       4.248429e-01 
      7.500000e+00       2.546444e+00       4.280347e-01 
      7.550000e+00       2.555044e+00       4.312265e-01 
      7.600000e+00       2.563644e+00       4.344183e-01 
      7.650000e+00       2.572244e+00       4.376101e-01 
      7.700000e+00       2.580844e+00       4.408019e-01 
      7.750000e+00       2.589444e+00       4.439936e-01 
      7.800000e+00       2.598044e+00       4.471854e-01 
      7.850000e+00       2.606644e+00       4.503772e-01 
      7.900000e+00       2.615244e+00       4.535690e-01 
      7.950000e+00       2.623844e+00       4.567608e-01 
      8.000000e+00       2.632444e+00       4.599526e-01 
      8.050000e+00       2.641044e+00       4.631443e-01 
      8.100000e+00       2.649644e+00       4.663361e-01 
      8.150000e+00       2.658244e+00       4.695279e-01 
      8.200000e+00       2.666844e+00       4.727197e-01 
      8.250000e+00       2.675444e+00       4.759115e-01 
      8.300000e+00       2.684044e+00       4.791033e-01 
      8.350000e+00       2.692644e+00       4.822950e-01 
      8.400000e+00       2.701243e+00       4.854868e-01 
      8.450000e+00       2.709843e+00       4.886786e-01 
      8.500000e+00       2.718443e+00       4.918704e-01 
      8.550000e+00       2.727043e+00       4.950622e-01 
      8.600000e+00       2.735643e+00       4.982540e-01 
      8.650000e+00       2.744243e+00       5.014457e-01 
      8.700000e+00       2.752843e+00       5.046375e-01 
      8.750000e+00       2.761443e+00       5.078293e-01 
      8.800000e+00       2.770043e+00       5.110211e-01 
      8.850000e+00       2.778643e+00       5.142129e-01 
      8.900000e+00       2.787243e+00       5.174047e-01 
      8.950000e+00       2.795843e+00       5.205964e-01 
      9.000000e+00       2.804443e+00       5.237882e-01 
      9.050000e+00       2.813043e+00       5.269800e-01 
      9.100000e+00       2.821643e+00       5.301718e-01 
      9.150000e+00       2.830243e+00       5.333636e-01 
      9.200000e+00       2.838843e+00       5.365554e-01 
      9.250000e+00       2.847443e+00       5.397471e-01 
      9.300000e+00       2.856043e+00       5.429389e-01 
      9.350000e+00       2.864643e+00       5.461307e-01 
      9.400000e+00       2.873243e+00       5.493225e-01 
      9.450000e+00       2.881843e+00       5.525143e-01 
      9.500000e+00       2.890443e+00       5.557061e-01 
      9.550000e+00       2.899043e+00       5.588978e-01 
      9.600000e+00       2.907643e+00       5.620896e-01 
      9.650000e+00       2.916243e+00       5.652814e-01 
      9.700000e+00       2.924843e+00       5.684732e-01 
      9.750000e+00       2.933443e+00       5.716650e-01 
      9.800000e+00       2.942043e+00       5.748567e-01 
      9.850000e+00       2.950643e+00       5.780485e-01 
      9.900000e+00       2.959243e+00       5.812403e-01 
      9.950000e+00       2.967843e+00       5.844321e-01 
      1.000000e+01       2.976443e+00       5.876239e-01 
      1.005000e+01       2.985043e+00       5.908157e-01 
      1.010000e+01       2.993643e+00       5.940074e-01 
      1.015000e+01       3.002242e+00       5.971992e-01 
      1.020000e+01       3.010842e+00       6.003910e-01 
      1.025000e+01       3.019442e+00       6.035828e-01 
      1.030000e+01       3.028042e+00       6.067746e-01 
      1.035000e+01       3.036642e+00       6.099664e-01 
      1.040000e+01       3.045242e+00       6.131581e-01 
      1.045000e+01       3.053842e+00       6.163499e-01 
      1.050000e+01       3.062442e+00       6.195417e-01 
      1.055000e+01       3.071042e+00       6.227335e-01 
      1.060000e+01       3.079642e+00       6.259253e-01 
      1.065000e+01       3.088242e+00       6.291171e-01 
      1.070000e+01       3.096842e+00       6.323088e-01 
      1.075000e+01       3.105442e+00       6.355006e-01 
      1.080000e+01       3.114042e+00       6.386924e-01 
      1.085000e+01       3.122642e+00       6.418842e-01 
      1.090000e+01       3.131242e+00       6.450760e-01 
      1.095000e+01       3.139842e+00       6.482678e-01 
      1.100000e+01       3.148442e+00       6.514595e-01 
      1.105000e+01       3.157042e+00       6.546513e-01 
      1.110000e+01       3.165642e+00       6.578431e-01 
      1.115000e+01       3.174242e+00       6.610349e-01 
      1.120000e+01       3.182842e+00       6.642267e-01 
      1.125000e+01       3.191442e+00       6.674185e-01 
      1.130000e+01       3.200042e+00       6.706102e-01 
      1.135000e+01       3.208642e+00       6.738020e-01 
      1.140000e+01       3.217242e+00       6.769938e-01 
      1.145000e+01       3.225842e+00       6.801856e-01 
      1.150000e+01       3.234442e+00       6.833774e-01 
      1.155000e+01       3.243042e+00       6.865692e-01 
      1.160000e+01       3.251642e+00       6.897609e-01 
      1.165000e+01       3.260242e+00       6.929527e-01 
      1.170000e+01       3.268842e+00       6.961445e-01 
      1.175000e+01       3.277442e+00       6.993363e-01 
      1.180000e+01       3.286042e+00       7.025281e-01 
      1.185000e+01       3.294641e+00       7.057199e-01 
      1.190000e+01       3.303241e+00       7.089116e-01 
      1.195000e+01       3.311841e+00       7.121034e-01 
      1.200000e+01       3.320441e+00       7.152952e-01 
      1.205000e+01       3.329041e+00       7.184870e-01 
      1.210000e+01       3.337641e+00       7.216788e-01 
      1.215000e+01       3.346241e+00       7.248706e-01 
      1.220000e+01       3.354841e+00       7.280623e-01 
      1.225000e+01       3.363441e+00       7.312541e-01 
      1.230000e+01       3.372041e+00       7.344459e-01 
      1.235000e+01       3.380641e+00       7.376377e-01 
      1.240000e+01       3.389241e+00       7.408295e-01 
      1.245000e+01       3.397841e+00       7.440213e-01 
      1.250000e+01       3.406441e+00       7.472130e-01 
      1.255000e+01       3.415041e+00       7.504048e-01 
      1.260000e+01       3.423641e+00       7.535966e-01 
      1.265000e+01       3.432241e+00       7.567884e-01 
      1.270000e+01       3.440841e+00       7.599802e-01 
      1.275000e+01       3.449441e+00       7.631720e-01 
      1.280000e+01       3.458041e+00       7.663637e-01 
      1.285000e+01       3.466641e+00       7.695555e-01 
      1.290000e+01       3.475241e+00       7.727473e-01 
      1.295000e+01       3.483841e+00       7.759391e-01 
      1.300000e+01       3.492441e+00       7.791309e-01 
      1.305000e+01       3.501041e+00       7.823227e-01 
      1.310000e+01       3.509641e+00       7.855144e-01 
      1.315000e+01       3.518241e+00       7.887062e-01 
      1.320000e+01       3.526841e+00       7.918980e-01 
      1.325000e+01       3.535441e+00       7.950898e-01 
      1.330000e+01       3.544041e+00       7.982816e-01 
      1.335000e+01       3.552641e+00       8.014734e-01 
      1.340000e+01       3.561241e+00       8.046651e-01 
      1.345000e+01       3.569841e+00       8.078569e-01 
      1.350000e+01       3.578441e+00       8.110487e-01 
      1.355000e+01       3.587041e+00       8.142405e-01 
      1.360000e+01       3.595640e+00       8.174323e-01 
      1.365000e+01       3.604240e+00       8.206241e-01 
      1.370000e+01       3.612840e+00       8.238158e-01 
      1.375000e+01       3.621440e+00       8.270076e-01 
      1.380000e+01       3.630040e+00       8.301994e-01 
      1.385000e+01       3.638640e+00       8.333912e-01 
      1.390000e+01       3.647240e+00       8.365830e-01 
      1.395000e+01       3.655840e+00       8.397748e-01 
      1.400000e+01       3.664440e+00       8.429665e-01 
      1.405000e+01       3.673040e+00       8.461583e-01 
      1.410000e+01       3.681640e+00       8.493501e-01 
      1.415000e+01       3.690240e+00       8.525419e-01 
      1.420000e+01       3.698840e+00       8.557337e-01 
      1.425000e+01       3.707440e+00       8.589255e-01 
      1.430000e+01       3.716040e+00       8.621172e-01 
      1.435000e+01       3.724640e+00       8.653090e-01 
      1.440000e+01       3.733240e+00       8.685008e-01 
      1.445000e+01       3.741840e+00       8.716926e-01 
      1.450000e+01       3.750440e+00       8.748844e-01 
      1.455000e+01       3.759040e+00       8.780762e-01 
      1.460000e+01       3.767640e+00       8.812679e-01 
      1.465000e+01       3.776240e+00       8.844597e-01 
      1.470000e+01       3.784840e+00       8.876515e-01 
      1.475000e+01       3.793440e+00       8.908433e-01 
      1.480000e+01       3.802040e+00       8.940351e-01 
      1.485000e+01       3.810640e+00       8.972268e-01 
      1.490000e+01       3.819240e+00       9.004186e-01 
      1.495000e+01       3.827840e+00       9.036104e-01 
      1.500000e+01       3.836440e+00       9.068022e-01 
      1.505000e+01       3.845040e+00       9.099940e-01 
      1.510000e+01       3.853640e+00       9.131858e-01 
      1.515000e+01       3.862240e+00       9.163775e-01 
      1.520000e+01       3.870840e+00       9.195693e-01 
      1.525000e+01       3.879440e+00       9.227611e-01 
      1.530000e+01       3.888039e+00       9.259529e-01 
      1.535000e+01       3.896639e+00       9.291447e-01 
      1.540000e+01       3.905239e+00       9.323365e-01 
      1.545000e+01       3.913839e+00       9.355282e-01 
      1.550000e+01       3.922439e+00       9.387200e-01 
      1.555000e+01       3.931039e+00       9.419118e-01 
      1.560000e+01       3.939639e+00       9.451036e-01 
      1.565000e+01       3.948239e+00       9.482954e-01 
      1.570000e+01       3.956839e+00       9.514872e-01 
      1.575000e+01       3.965439e+00       9.546789e-01 
      1.580000e+01       3.974039e+00       9.578707e-01 
      1.585000e+01       3.982639e+00       9.610625e-01 
      1.590000e+01       3.991239e+00       9.642543e-01 
      1.595000e+01       3.999839e+00       9.674461e-01 
      1.600000e+01       4.008439e+00       9.706379e-01 
      1.605000e+01       4.017039e+00       9.738296e-01 
      1.610000e+01       4.025639e+00       9.770214e-01 
      1.615000e+01       4.034239e+00       9.802132e-01 
      1.620000e+01       4.042839e+00       9.834050e-01 
      1.625000e+01       4.051439e+00       9.865968e-01 
      1.630000e+01       4.060039e+00       9.897886e-01 
      1.635000e+01       4.068639e+00       9.929803e-01 
      1.640000e+01       4.077239e+00       9.961721e-01 
      1.645000e+01       4.085839e+00       9.993639e-01 
      1.650000e+01       4.094439e+00       1.002556e+00 
      1.655000e+01       4.103039e+00       1.005747e+00 
      1.660000e+01       4.111639e+00       1.008939e+00 
      1.665000e+01       4.120239e+00       1.012131e+00 
      1.670000e+01       4.128839e+00       1.015323e+00 
      1.675000e+01       4.137439e+00       1.018515e+00 
      1.680000e+01       4.146039e+00       1.021706e+00 
      1.685000e+01       4.154639e+00       1.024898e+00 
      1.690000e+01       4.163239e+00       1.028090e+00 
      1.695000e+01       4.171839e+00       1.031282e+00 
      1.700000e+01       4.180439e+00       1.034474e+00 
