#Refractive index of alpha-crystal SiO2[s] at 928K; Zeidler et al. (2013), A&A, Vol. 553:A81; Philipp (1985) in Palik: "Handbook of Optical Constants of Solids"; Database of Optical Constants for Cosmic Dust, Laboratory Astrophysics Group of the AIU Jena
#Data points: 1472
#Wavelength (micron) n  k
4.769000e-02	6.285000e-01	3.243000e-01
4.862000e-02	6.432000e-01	3.609000e-01
4.959000e-02	6.517000e-01	3.907000e-01
5.061000e-02	6.591000e-01	4.231000e-01
5.166000e-02	6.723000e-01	4.540000e-01
5.276000e-02	6.862000e-01	4.822000e-01
5.391000e-02	6.998000e-01	5.097000e-01
5.510000e-02	7.138000e-01	5.387000e-01
5.636000e-02	7.304000e-01	5.667000e-01
5.767000e-02	7.470000e-01	5.959000e-01
5.904000e-02	7.664000e-01	6.272000e-01
6.048000e-02	7.900000e-01	6.559000e-01
6.199000e-02	8.131000e-01	6.844000e-01
6.358000e-02	8.371000e-01	7.154000e-01
6.526000e-02	8.642000e-01	7.488000e-01
6.702000e-02	8.949000e-01	7.847000e-01
6.888000e-02	9.289000e-01	8.273000e-01
6.985000e-02	9.499000e-01	8.619000e-01
7.085000e-02	9.894000e-01	8.987000e-01
7.125000e-02	1.013000e+00	9.108000e-01
7.187000e-02	1.052000e+00	9.236000e-01
7.293000e-02	1.118000e+00	9.153000e-01
7.402000e-02	1.169000e+00	8.917000e-01
7.514000e-02	1.205000e+00	8.599000e-01
7.629000e-02	1.224000e+00	8.223000e-01
7.749000e-02	1.221000e+00	7.896000e-01
7.872000e-02	1.210000e+00	7.848000e-01
7.999000e-02	1.202000e+00	7.841000e-01
8.130000e-02	1.191000e+00	7.968000e-01
8.266000e-02	1.184000e+00	8.265000e-01
8.377000e-02	1.187000e+00	8.694000e-01
8.492000e-02	1.217000e+00	9.290000e-01
8.610000e-02	1.285000e+00	9.724000e-01
8.670000e-02	1.335000e+00	9.829000e-01
8.731000e-02	1.386000e+00	9.709000e-01
8.856000e-02	1.457000e+00	9.187000e-01
8.984000e-02	1.484000e+00	8.462000e-01
9.116000e-02	1.469000e+00	7.910000e-01
9.252000e-02	1.447000e+00	7.761000e-01
9.392000e-02	1.430000e+00	7.715000e-01
9.537000e-02	1.410000e+00	7.753000e-01
9.686000e-02	1.394000e+00	8.017000e-01
9.839000e-02	1.390000e+00	8.406000e-01
9.998000e-02	1.400000e+00	8.908000e-01
1.016000e-01	1.435000e+00	9.573000e-01
1.033000e-01	1.504000e+00	1.015000e+00
1.042000e-01	1.551000e+00	1.035000e+00
1.051000e-01	1.602000e+00	1.048000e+00
1.060000e-01	1.661000e+00	1.056000e+00
1.069000e-01	1.722000e+00	1.046000e+00
1.078000e-01	1.782000e+00	1.027000e+00
1.088000e-01	1.839000e+00	9.939000e-01
1.097000e-01	1.892000e+00	9.452000e-01
1.107000e-01	1.924000e+00	8.730000e-01
1.117000e-01	1.925000e+00	7.958000e-01
1.127000e-01	1.891000e+00	7.210000e-01
1.137000e-01	1.805000e+00	6.597000e-01
1.143000e-01	1.738000e+00	6.418000e-01
1.145000e-01	1.688000e+00	6.356000e-01
1.148000e-01	1.626000e+00	6.732000e-01
1.153000e-01	1.569000e+00	7.594000e-01
1.159000e-01	1.528000e+00	8.463000e-01
1.164000e-01	1.506000e+00	9.666000e-01
1.170000e-01	1.521000e+00	1.114000e+00
1.175000e-01	1.607000e+00	1.289000e+00
1.181000e-01	1.769000e+00	1.400000e+00
1.186000e-01	1.959000e+00	1.454000e+00
1.192000e-01	2.159000e+00	1.452000e+00
1.196000e-01	2.289000e+00	1.423000e+00
1.198000e-01	2.373000e+00	1.378000e+00
1.204000e-01	2.515000e+00	1.229000e+00
1.210000e-01	2.590000e+00	1.072000e+00
1.215000e-01	2.619000e+00	9.326000e-01
1.227000e-01	2.621000e+00	7.123000e-01
1.240000e-01	2.581000e+00	5.441000e-01
1.252000e-01	2.529000e+00	4.161000e-01
1.265000e-01	2.464000e+00	3.148000e-01
1.278000e-01	2.397000e+00	2.402000e-01
1.291000e-01	2.335000e+00	1.700000e-01
1.305000e-01	2.275000e+00	1.200000e-01
1.319000e-01	2.222000e+00	8.200000e-02
1.333000e-01	2.174000e+00	5.600000e-02
1.348000e-01	2.133000e+00	3.600000e-02
1.362000e-01	2.095000e+00	2.300000e-02
1.378000e-01	2.060000e+00	1.300000e-02
1.393000e-01	2.028000e+00	7.000000e-03
1.409000e-01	1.999000e+00	3.100000e-03
1.425000e-01	1.971000e+00	1.000000e-03
1.442000e-01	1.946000e+00	2.300000e-04
1.459000e-01	1.922000e+00	3.500000e-05
1.476000e-01	1.899000e+00	2.700000e-06
1.494000e-01	1.877000e+00	2.700202e-06
1.512000e-01	1.856000e+00	2.700798e-06
1.531000e-01	1.838000e+00	2.701840e-06
1.550000e-01	1.820000e+00	2.703289e-06
1.590000e-01	1.789000e+00	2.707613e-06
1.631000e-01	1.761000e+00	2.713726e-06
1.675000e-01	1.737000e+00	2.722048e-06
1.722000e-01	1.716000e+00	2.732807e-06
1.771000e-01	1.698000e+00	2.745935e-06
1.837000e-01	1.679000e+00	2.766459e-06
1.851000e-01	1.677500e+00	2.771208e-06
1.854670e-01	1.675780e+00	2.772474e-06
1.935830e-01	1.659990e+00	2.802723e-06
1.980000e-01	1.650870e+00	2.820891e-06
2.000600e-01	1.649270e+00	2.829751e-06
2.025500e-01	1.645570e+00	2.840780e-06
2.044480e-01	1.642880e+00	2.849415e-06
2.110700e-01	1.634320e+00	2.881031e-06
2.144390e-01	1.630390e+00	2.897971e-06
2.194620e-01	1.624970e+00	2.924247e-06
2.265030e-01	1.618180e+00	2.963044e-06
2.310000e-01	1.613950e+00	2.988970e-06
2.312880e-01	1.614010e+00	2.990660e-06
2.427960e-01	1.605250e+00	3.060982e-06
2.503290e-01	1.600320e+00	3.109845e-06
2.573040e-01	1.596220e+00	3.156983e-06
2.631550e-01	1.593090e+00	3.197880e-06
2.748670e-01	1.587520e+00	3.283312e-06
2.913580e-01	1.580980e+00	3.411303e-06
3.034120e-01	1.579550e+00	3.510296e-06
3.122790e-01	1.574330e+00	3.585944e-06
3.252530e-01	1.570915e+00	3.700844e-06
3.400000e-01	1.567470e+00	3.837389e-06
3.403650e-01	1.567470e+00	3.840848e-06
3.586800e-01	1.563915e+00	4.019236e-06
3.940000e-01	1.558460e+00	4.389675e-06
3.968480e-01	1.558130e+00	4.421047e-06
4.046560e-01	1.557156e+00	4.508201e-06
4.101740e-01	1.556502e+00	4.570805e-06
4.340000e-01	1.553960e+00	4.850751e-06
4.340470e-01	1.553963e+00	4.851319e-06
4.358340e-01	1.553790e+00	4.872949e-06
4.678150e-01	1.551027e+00	5.275035e-06
4.799910e-01	1.550118e+00	5.435626e-06
4.861330e-01	1.549683e+00	5.518219e-06
5.080000e-01	1.548220e+00	5.820960e-06
5.085820e-01	1.548229e+00	5.829204e-06
5.183620e-01	1.547651e+00	5.969197e-06
5.338500e-01	1.546799e+00	6.196560e-06
5.460720e-01	1.546174e+00	6.380924e-06
5.790660e-01	1.544667e+00	6.900764e-06
5.875630e-01	1.544316e+00	7.039947e-06
5.892900e-01	1.544246e+00	7.068505e-06
5.893000e-01	1.544240e+00	7.068671e-06
6.278200e-01	1.542819e+00	7.729616e-06
6.438470e-01	1.542288e+00	8.018353e-06
6.562780e-01	1.541899e+00	8.247977e-06
6.678150e-01	1.541553e+00	8.465575e-06
6.707860e-01	1.541466e+00	8.522316e-06
7.065200e-01	1.540488e+00	9.227755e-06
7.281350e-01	1.539948e+00	9.675452e-06
7.664940e-01	1.539071e+00	1.051008e-05
7.680000e-01	1.539030e+00	1.054392e-05
7.947630e-01	1.538478e+00	1.115894e-05
8.325000e-01	1.537730e+00	1.207125e-05
8.446700e-01	1.537525e+00	1.237699e-05
9.914000e-01	1.535140e+00	1.653346e-05
1.000000e+00	1.535030e+00	1.680542e-05
1.014060e+00	1.534830e+00	1.725716e-05
1.083030e+00	1.533870e+00	1.960445e-05
1.159200e+00	1.532830e+00	2.246241e-05
1.200000e+00	1.532320e+00	2.411419e-05
1.300000e+00	1.531020e+00	2.854190e-05
1.307000e+00	1.530900e+00	2.887284e-05
1.395800e+00	1.529770e+00	3.332277e-05
1.400000e+00	1.529720e+00	3.354511e-05
1.479200e+00	1.528650e+00	3.794759e-05
1.529610e+00	1.528000e+00	4.096468e-05
1.541400e+00	1.527810e+00	4.169534e-05
1.600000e+00	1.527030e+00	4.547195e-05
1.681500e+00	1.525830e+00	5.114135e-05
1.761400e+00	1.524680e+00	5.719637e-05
1.800000e+00	1.524130e+00	6.030646e-05
1.945700e+00	1.521840e+00	7.320081e-05
2.053100e+00	1.520050e+00	8.395571e-05
2.058200e+00	1.519980e+00	8.449436e-05
2.300000e+00	1.515610e+00	1.131751e-04
2.500000e+00	1.511560e+00	1.420117e-04
2.600000e+00	1.509860e+00	1.583674e-04
3.000000e+00	1.499530e+00	2.386015e-04
3.500000e+00	1.484510e+00	3.790174e-04
4.000000e+00	1.466170e+00	5.760579e-04
4.200000e+00	1.457000e+00	6.740205e-04
4.400000e+00	1.448000e+00	7.844955e-04
4.600000e+00	1.437000e+00	9.086194e-04
4.800000e+00	1.425000e+00	1.047597e-03
5.000000e+00	1.412000e+00	1.202703e-03
5.200000e+00	1.398000e+00	1.375285e-03
5.400000e+00	1.382000e+00	1.566766e-03
5.600000e+00	1.364000e+00	1.778645e-03
5.800000e+00	1.343000e+00	2.012502e-03
6.000000e+00	1.320000e+00	2.270000e-03
6.100000e+00	1.307000e+00	2.545000e-03
6.200000e+00	1.294000e+00	2.862000e-03
6.300000e+00	1.279000e+00	3.229000e-03
6.400000e+00	1.263000e+00	3.657000e-03
6.500000e+00	1.245000e+00	4.160000e-03
6.600000e+00	1.226000e+00	4.755000e-03
6.700000e+00	1.206000e+00	5.467000e-03
6.800000e+00	1.183000e+00	6.328000e-03
6.900000e+00	1.158000e+00	7.380000e-03
7.000000e+00	1.130000e+00	8.683000e-03
7.050000e+00	1.115000e+00	9.455000e-03
7.100000e+00	1.099000e+00	1.032000e-02
7.150000e+00	1.083000e+00	1.131000e-02
7.200000e+00	1.065000e+00	1.243000e-02
7.250000e+00	1.046000e+00	1.370000e-02
7.300000e+00	1.025000e+00	1.517000e-02
7.350000e+00	1.004000e+00	1.687000e-02
7.400000e+00	9.801000e-01	1.885000e-02
7.450000e+00	9.549000e-01	2.117000e-02
7.500000e+00	9.277000e-01	2.391000e-02
7.550000e+00	8.982000e-01	2.717000e-02
7.600000e+00	8.660000e-01	3.108000e-02
7.650000e+00	8.308000e-01	3.583000e-02
7.700000e+00	7.921000e-01	4.163000e-02
7.750000e+00	7.492000e-01	4.883000e-02
7.800000e+00	7.013000e-01	5.788000e-02
7.850000e+00	6.472000e-01	6.949000e-02
7.900000e+00	5.953000e-01	8.487000e-02
7.950000e+00	5.132000e-01	1.063000e-01
8.000000e+00	5.592944e-01	2.392632e-01
8.006405e+00	5.514082e-01	2.445818e-01
8.012821e+00	5.434503e-01	2.501158e-01
8.019246e+00	5.354268e-01	2.558736e-01
8.025682e+00	5.273462e-01	2.618641e-01
8.032129e+00	5.192158e-01	2.680982e-01
8.038585e+00	5.110451e-01	2.745834e-01
8.045052e+00	5.028457e-01	2.813290e-01
8.051530e+00	4.946286e-01	2.883424e-01
8.058018e+00	4.864065e-01	2.956309e-01
8.064516e+00	4.781929e-01	3.032019e-01
8.071025e+00	4.700049e-01	3.110591e-01
8.077544e+00	4.618573e-01	3.192064e-01
8.084074e+00	4.537665e-01	3.276465e-01
8.090615e+00	4.457515e-01	3.363797e-01
8.097166e+00	4.378282e-01	3.454041e-01
8.103728e+00	4.300161e-01	3.547167e-01
8.110300e+00	4.223317e-01	3.643115e-01
8.116883e+00	4.147926e-01	3.741818e-01
8.123477e+00	4.074146e-01	3.843174e-01
8.130081e+00	4.002122e-01	3.947088e-01
8.136697e+00	3.931998e-01	4.053420e-01
8.143322e+00	3.863884e-01	4.162036e-01
8.149959e+00	3.797889e-01	4.272784e-01
8.156607e+00	3.734080e-01	4.385521e-01
8.163265e+00	3.672521e-01	4.500068e-01
8.169935e+00	3.613269e-01	4.616287e-01
8.176615e+00	3.556333e-01	4.734011e-01
8.183306e+00	3.501729e-01	4.853082e-01
8.190008e+00	3.449435e-01	4.973353e-01
8.196721e+00	3.399449e-01	5.094694e-01
8.203445e+00	3.351724e-01	5.216968e-01
8.210181e+00	3.306215e-01	5.340062e-01
8.216927e+00	3.262871e-01	5.463865e-01
8.223684e+00	3.221641e-01	5.588278e-01
8.230453e+00	3.182454e-01	5.713213e-01
8.237232e+00	3.145255e-01	5.838599e-01
8.244023e+00	3.109959e-01	5.964354e-01
8.250825e+00	3.076510e-01	6.090439e-01
8.257638e+00	3.044835e-01	6.216790e-01
8.264463e+00	3.014863e-01	6.343374e-01
8.271299e+00	2.986530e-01	6.470150e-01
8.278146e+00	2.959766e-01	6.597099e-01
8.285004e+00	2.934514e-01	6.724187e-01
8.291874e+00	2.910709e-01	6.851413e-01
8.298755e+00	2.888296e-01	6.978756e-01
8.305648e+00	2.867216e-01	7.106209e-01
8.312552e+00	2.847415e-01	7.233771e-01
8.319468e+00	2.828841e-01	7.361447e-01
8.326395e+00	2.811454e-01	7.489235e-01
8.333333e+00	2.795197e-01	7.617145e-01
8.340284e+00	2.780038e-01	7.745182e-01
8.347245e+00	2.765928e-01	7.873360e-01
8.354219e+00	2.752842e-01	8.001687e-01
8.361204e+00	2.740732e-01	8.130186e-01
8.368201e+00	2.729570e-01	8.258865e-01
8.375209e+00	2.719326e-01	8.387749e-01
8.382230e+00	2.709979e-01	8.516849e-01
8.389262e+00	2.701482e-01	8.646180e-01
8.396306e+00	2.693828e-01	8.775775e-01
8.403361e+00	2.686989e-01	8.905648e-01
8.410429e+00	2.680948e-01	9.035826e-01
8.417508e+00	2.675670e-01	9.166326e-01
8.424600e+00	2.671155e-01	9.297174e-01
8.431703e+00	2.667382e-01	9.428390e-01
8.438819e+00	2.664326e-01	9.560008e-01
8.445946e+00	2.661982e-01	9.692046e-01
8.453085e+00	2.660335e-01	9.824528e-01
8.460237e+00	2.659377e-01	9.957483e-01
8.467401e+00	2.659094e-01	1.009094e+00
8.474576e+00	2.659479e-01	1.022492e+00
8.481764e+00	2.660528e-01	1.035946e+00
8.488964e+00	2.662229e-01	1.049457e+00
8.496177e+00	2.664575e-01	1.063030e+00
8.503401e+00	2.667566e-01	1.076667e+00
8.510638e+00	2.671204e-01	1.090371e+00
8.517888e+00	2.675469e-01	1.104144e+00
8.525149e+00	2.680375e-01	1.117990e+00
8.532423e+00	2.685915e-01	1.131913e+00
8.539710e+00	2.692090e-01	1.145914e+00
8.547009e+00	2.698899e-01	1.159999e+00
8.554320e+00	2.706351e-01	1.174168e+00
8.561644e+00	2.714442e-01	1.188427e+00
8.568980e+00	2.723184e-01	1.202778e+00
8.576329e+00	2.732572e-01	1.217225e+00
8.583691e+00	2.742613e-01	1.231772e+00
8.591065e+00	2.753319e-01	1.246423e+00
8.598452e+00	2.764692e-01	1.261179e+00
8.605852e+00	2.776750e-01	1.276047e+00
8.613264e+00	2.789492e-01	1.291028e+00
8.620690e+00	2.802935e-01	1.306128e+00
8.628128e+00	2.817086e-01	1.321352e+00
8.635579e+00	2.831957e-01	1.336701e+00
8.643042e+00	2.847568e-01	1.352183e+00
8.650519e+00	2.863929e-01	1.367799e+00
8.658009e+00	2.881055e-01	1.383556e+00
8.665511e+00	2.898963e-01	1.399457e+00
8.673027e+00	2.917665e-01	1.415507e+00
8.680556e+00	2.937200e-01	1.431712e+00
8.688097e+00	2.957569e-01	1.448077e+00
8.695652e+00	2.978800e-01	1.464605e+00
8.703220e+00	3.000915e-01	1.481304e+00
8.710801e+00	3.023946e-01	1.498178e+00
8.718396e+00	3.047913e-01	1.515234e+00
8.726003e+00	3.072847e-01	1.532477e+00
8.733624e+00	3.098780e-01	1.549912e+00
8.741259e+00	3.125731e-01	1.567547e+00
8.748906e+00	3.153751e-01	1.585388e+00
8.756567e+00	3.182865e-01	1.603442e+00
8.764242e+00	3.213119e-01	1.621715e+00
8.771930e+00	3.244538e-01	1.640214e+00
8.779631e+00	3.277175e-01	1.658948e+00
8.787346e+00	3.311082e-01	1.677924e+00
8.795075e+00	3.346297e-01	1.697150e+00
8.802817e+00	3.382871e-01	1.716633e+00
8.810573e+00	3.420871e-01	1.736383e+00
8.818342e+00	3.460334e-01	1.756409e+00
8.826125e+00	3.501334e-01	1.776719e+00
8.833922e+00	3.543931e-01	1.797324e+00
8.841733e+00	3.588201e-01	1.818233e+00
8.849558e+00	3.634207e-01	1.839457e+00
8.857396e+00	3.682039e-01	1.861006e+00
8.865248e+00	3.731765e-01	1.882892e+00
8.873114e+00	3.783483e-01	1.905126e+00
8.880995e+00	3.837283e-01	1.927721e+00
8.888889e+00	3.893273e-01	1.950690e+00
8.896797e+00	3.951553e-01	1.974044e+00
8.904720e+00	4.012244e-01	1.997799e+00
8.912656e+00	4.075458e-01	2.021969e+00
8.920607e+00	4.141329e-01	2.046568e+00
8.928571e+00	4.210006e-01	2.071612e+00
8.936550e+00	4.281628e-01	2.097118e+00
8.944544e+00	4.356359e-01	2.123103e+00
8.952551e+00	4.434384e-01	2.149584e+00
8.960573e+00	4.515865e-01	2.176579e+00
8.968610e+00	4.601018e-01	2.204109e+00
8.976661e+00	4.690059e-01	2.232194e+00
8.984726e+00	4.783205e-01	2.260854e+00
8.992806e+00	4.880711e-01	2.290112e+00
9.000900e+00	4.982851e-01	2.319991e+00
9.009009e+00	5.089913e-01	2.350515e+00
9.017133e+00	5.202205e-01	2.381709e+00
9.025271e+00	5.320072e-01	2.413600e+00
9.033424e+00	5.443884e-01	2.446215e+00
9.041591e+00	5.574033e-01	2.479580e+00
9.049774e+00	5.710960e-01	2.513730e+00
9.057971e+00	5.855129e-01	2.548691e+00
9.066183e+00	6.007060e-01	2.584497e+00
9.074410e+00	6.167304e-01	2.621181e+00
9.082652e+00	6.336477e-01	2.658777e+00
9.090909e+00	6.515247e-01	2.697321e+00
9.099181e+00	6.704341e-01	2.736849e+00
9.107468e+00	6.904553e-01	2.777398e+00
9.115770e+00	7.116757e-01	2.819006e+00
9.124088e+00	7.341920e-01	2.861712e+00
9.132420e+00	7.581095e-01	2.905554e+00
9.140768e+00	7.835426e-01	2.950570e+00
9.149131e+00	8.106207e-01	2.996798e+00
9.157509e+00	8.394824e-01	3.044275e+00
9.165903e+00	8.702840e-01	3.093035e+00
9.174312e+00	9.031953e-01	3.143109e+00
9.182736e+00	9.384057e-01	3.194524e+00
9.191176e+00	9.761228e-01	3.247301e+00
9.199632e+00	1.016577e+00	3.301454e+00
9.208103e+00	1.060022e+00	3.356987e+00
9.216590e+00	1.106740e+00	3.413890e+00
9.225092e+00	1.157042e+00	3.472139e+00
9.233610e+00	1.211270e+00	3.531688e+00
9.242144e+00	1.269803e+00	3.592467e+00
9.250694e+00	1.333060e+00	3.654374e+00
9.259259e+00	1.401502e+00	3.717269e+00
9.267841e+00	1.475636e+00	3.780961e+00
9.276438e+00	1.556020e+00	3.845202e+00
9.285051e+00	1.643266e+00	3.909670e+00
9.293680e+00	1.738043e+00	3.973947e+00
9.302326e+00	1.841082e+00	4.037505e+00
9.310987e+00	1.953173e+00	4.099664e+00
9.319664e+00	2.075164e+00	4.159564e+00
9.328358e+00	2.207948e+00	4.216102e+00
9.337068e+00	2.352437e+00	4.267875e+00
9.345794e+00	2.509507e+00	4.313093e+00
9.354537e+00	2.679905e+00	4.349486e+00
9.363296e+00	2.864090e+00	4.374214e+00
9.372071e+00	3.061995e+00	4.383812e+00
9.380863e+00	3.272686e+00	4.374209e+00
9.389671e+00	3.493966e+00	4.340934e+00
9.398496e+00	3.721978e+00	4.279541e+00
9.407338e+00	3.950982e+00	4.186332e+00
9.416196e+00	4.173502e+00	4.059281e+00
9.425071e+00	4.381018e+00	3.898924e+00
9.433962e+00	4.565148e+00	3.708854e+00
9.442871e+00	4.719060e+00	3.495518e+00
9.451796e+00	4.838593e+00	3.267271e+00
9.460738e+00	4.922721e+00	3.033000e+00
9.469697e+00	4.973252e+00	2.800800e+00
9.478673e+00	4.994010e+00	2.577094e+00
9.487666e+00	4.989863e+00	2.366300e+00
9.496676e+00	4.965891e+00	2.170955e+00
9.505703e+00	4.926820e+00	1.992084e+00
9.514748e+00	4.876734e+00	1.829633e+00
9.523810e+00	4.818976e+00	1.682860e+00
9.532888e+00	4.756191e+00	1.550641e+00
9.541985e+00	4.690404e+00	1.431680e+00
9.551098e+00	4.623138e+00	1.324652e+00
9.560229e+00	4.555508e+00	1.228278e+00
9.569378e+00	4.488324e+00	1.141374e+00
9.578544e+00	4.422156e+00	1.062866e+00
9.587728e+00	4.357398e+00	9.917945e-01
9.596929e+00	4.294311e+00	9.273110e-01
9.606148e+00	4.233060e+00	8.686694e-01
9.615385e+00	4.173736e+00	8.152164e-01
9.624639e+00	4.116382e+00	7.663793e-01
9.633911e+00	4.061002e+00	7.216589e-01
9.643202e+00	4.007573e+00	6.806163e-01
9.652510e+00	3.956055e+00	6.428672e-01
9.661836e+00	3.906396e+00	6.080765e-01
9.671180e+00	3.858533e+00	5.759466e-01
9.680542e+00	3.812402e+00	5.462173e-01
9.689922e+00	3.767935e+00	5.186576e-01
9.699321e+00	3.725062e+00	4.930636e-01
9.708738e+00	3.683713e+00	4.692554e-01
9.718173e+00	3.643823e+00	4.470707e-01
9.727626e+00	3.605323e+00	4.263680e-01
9.737098e+00	3.568152e+00	4.070177e-01
9.746589e+00	3.532248e+00	3.889062e-01
9.756098e+00	3.497552e+00	3.719296e-01
9.765625e+00	3.464009e+00	3.559966e-01
9.775171e+00	3.431565e+00	3.410234e-01
9.784736e+00	3.400169e+00	3.269357e-01
9.794319e+00	3.369775e+00	3.136638e-01
9.803922e+00	3.340335e+00	3.011479e-01
9.813543e+00	3.311808e+00	2.893313e-01
9.823183e+00	3.284151e+00	2.781631e-01
9.832842e+00	3.257326e+00	2.675970e-01
9.842520e+00	3.231297e+00	2.575920e-01
9.852217e+00	3.206029e+00	2.481073e-01
9.861933e+00	3.181488e+00	2.391096e-01
9.871668e+00	3.157645e+00	2.305650e-01
9.881423e+00	3.134468e+00	2.224449e-01
9.891197e+00	3.111931e+00	2.147212e-01
9.900990e+00	3.090007e+00	2.073696e-01
9.910803e+00	3.068671e+00	2.003664e-01
9.920635e+00	3.047899e+00	1.936898e-01
9.930487e+00	3.027668e+00	1.873204e-01
9.940358e+00	3.007957e+00	1.812398e-01
9.950249e+00	2.988746e+00	1.754308e-01
9.960159e+00	2.970014e+00	1.698785e-01
9.970090e+00	2.951745e+00	1.645676e-01
9.980040e+00	2.933920e+00	1.594844e-01
9.990010e+00	2.916523e+00	1.546167e-01
1.000000e+01	2.899538e+00	1.499531e-01
1.001001e+01	2.882949e+00	1.454812e-01
1.002004e+01	2.866743e+00	1.411922e-01
1.003009e+01	2.850905e+00	1.370763e-01
1.004016e+01	2.835424e+00	1.331237e-01
1.005025e+01	2.820285e+00	1.293269e-01
1.006036e+01	2.805479e+00	1.256777e-01
1.007049e+01	2.790991e+00	1.221688e-01
1.008065e+01	2.776813e+00	1.187936e-01
1.009082e+01	2.762933e+00	1.155451e-01
1.010101e+01	2.749343e+00	1.124173e-01
1.011122e+01	2.736032e+00	1.094048e-01
1.012146e+01	2.722991e+00	1.065021e-01
1.013171e+01	2.710211e+00	1.037036e-01
1.014199e+01	2.697684e+00	1.010055e-01
1.015228e+01	2.685402e+00	9.840264e-02
1.016260e+01	2.673358e+00	9.589148e-02
1.017294e+01	2.661544e+00	9.346669e-02
1.018330e+01	2.649952e+00	9.112564e-02
1.019368e+01	2.638577e+00	8.886433e-02
1.020408e+01	2.627412e+00	8.667881e-02
1.021451e+01	2.616450e+00	8.456707e-02
1.022495e+01	2.605686e+00	8.252450e-02
1.023541e+01	2.595112e+00	8.055009e-02
1.024590e+01	2.584725e+00	7.863986e-02
1.025641e+01	2.574519e+00	7.679116e-02
1.026694e+01	2.564487e+00	7.500200e-02
1.027749e+01	2.554627e+00	7.327006e-02
1.028807e+01	2.544932e+00	7.159303e-02
1.029866e+01	2.535398e+00	6.996791e-02
1.030928e+01	2.526021e+00	6.839470e-02
1.031992e+01	2.516796e+00	6.686941e-02
1.033058e+01	2.507718e+00	6.539141e-02
1.034126e+01	2.498786e+00	6.395802e-02
1.035197e+01	2.489993e+00	6.256857e-02
1.036269e+01	2.481337e+00	6.122141e-02
1.037344e+01	2.472813e+00	5.991421e-02
1.038422e+01	2.464420e+00	5.864665e-02
1.039501e+01	2.456152e+00	5.741572e-02
1.040583e+01	2.448006e+00	5.622177e-02
1.041667e+01	2.439981e+00	5.506314e-02
1.042753e+01	2.432072e+00	5.393848e-02
1.043841e+01	2.424276e+00	5.284614e-02
1.044932e+01	2.416591e+00	5.178514e-02
1.046025e+01	2.409014e+00	5.075578e-02
1.047120e+01	2.401542e+00	4.975510e-02
1.048218e+01	2.394172e+00	4.878372e-02
1.049318e+01	2.386903e+00	4.784003e-02
1.050420e+01	2.379731e+00	4.692300e-02
1.051525e+01	2.372654e+00	4.603164e-02
1.052632e+01	2.365671e+00	4.516628e-02
1.053741e+01	2.358777e+00	4.432459e-02
1.054852e+01	2.351972e+00	4.350690e-02
1.055966e+01	2.345253e+00	4.271256e-02
1.057082e+01	2.338619e+00	4.194088e-02
1.058201e+01	2.332067e+00	4.119021e-02
1.059322e+01	2.325594e+00	4.046088e-02
1.060445e+01	2.319200e+00	3.975156e-02
1.061571e+01	2.312883e+00	3.906258e-02
1.062699e+01	2.306640e+00	3.839294e-02
1.063830e+01	2.300470e+00	3.774230e-02
1.064963e+01	2.294372e+00	3.710966e-02
1.066098e+01	2.288343e+00	3.649471e-02
1.067236e+01	2.282381e+00	3.589709e-02
1.068376e+01	2.276487e+00	3.531681e-02
1.069519e+01	2.270657e+00	3.475287e-02
1.070664e+01	2.264890e+00	3.420459e-02
1.071811e+01	2.259185e+00	3.367233e-02
1.072961e+01	2.253540e+00	3.315572e-02
1.074114e+01	2.247954e+00	3.265312e-02
1.075269e+01	2.242426e+00	3.216552e-02
1.076426e+01	2.236954e+00	3.169225e-02
1.077586e+01	2.231537e+00	3.123263e-02
1.078749e+01	2.226173e+00	3.078736e-02
1.079914e+01	2.220861e+00	3.035507e-02
1.081081e+01	2.215601e+00	2.993545e-02
1.082251e+01	2.210391e+00	2.952881e-02
1.083424e+01	2.205230e+00	2.913449e-02
1.084599e+01	2.200116e+00	2.875283e-02
1.085776e+01	2.195048e+00	2.838282e-02
1.086956e+01	2.190026e+00	2.802447e-02
1.088139e+01	2.185048e+00	2.767809e-02
1.089325e+01	2.180113e+00	2.734336e-02
1.090512e+01	2.175220e+00	2.701961e-02
1.091703e+01	2.170368e+00	2.670617e-02
1.092896e+01	2.165557e+00	2.640435e-02
1.094092e+01	2.160784e+00	2.611284e-02
1.095290e+01	2.156050e+00	2.583196e-02
1.096491e+01	2.151352e+00	2.556140e-02
1.097695e+01	2.146690e+00	2.530111e-02
1.098901e+01	2.142064e+00	2.505079e-02
1.100110e+01	2.137472e+00	2.481074e-02
1.101322e+01	2.132913e+00	2.458032e-02
1.102536e+01	2.128386e+00	2.435982e-02
1.103753e+01	2.123891e+00	2.414864e-02
1.104972e+01	2.119427e+00	2.394703e-02
1.106195e+01	2.114992e+00	2.375570e-02
1.107420e+01	2.110586e+00	2.357264e-02
1.108648e+01	2.106208e+00	2.340014e-02
1.109878e+01	2.101857e+00	2.323627e-02
1.111111e+01	2.097532e+00	2.308162e-02
1.112347e+01	2.093233e+00	2.293689e-02
1.113586e+01	2.088959e+00	2.280072e-02
1.114827e+01	2.084707e+00	2.267346e-02
1.116071e+01	2.080479e+00	2.255608e-02
1.117318e+01	2.076273e+00	2.244760e-02
1.118568e+01	2.072089e+00	2.234833e-02
1.119821e+01	2.067924e+00	2.225791e-02
1.121076e+01	2.063779e+00	2.217736e-02
1.122335e+01	2.059653e+00	2.210534e-02
1.123596e+01	2.055545e+00	2.204348e-02
1.124859e+01	2.051454e+00	2.199081e-02
1.126126e+01	2.047379e+00	2.194663e-02
1.127396e+01	2.043320e+00	2.191294e-02
1.128668e+01	2.039275e+00	2.188837e-02
1.129944e+01	2.035244e+00	2.187393e-02
1.131222e+01	2.031227e+00	2.186895e-02
1.132503e+01	2.027221e+00	2.187374e-02
1.133787e+01	2.023226e+00	2.188893e-02
1.135074e+01	2.019242e+00	2.191423e-02
1.136364e+01	2.015267e+00	2.194956e-02
1.137656e+01	2.011301e+00	2.199627e-02
1.138952e+01	2.007343e+00	2.205301e-02
1.140251e+01	2.003392e+00	2.212075e-02
1.141553e+01	1.999446e+00	2.219980e-02
1.142857e+01	1.995506e+00	2.229019e-02
1.144165e+01	1.991569e+00	2.239215e-02
1.145475e+01	1.987636e+00	2.250638e-02
1.146789e+01	1.983705e+00	2.263250e-02
1.148106e+01	1.979774e+00	2.277116e-02
1.149425e+01	1.975845e+00	2.292298e-02
1.150748e+01	1.971913e+00	2.308794e-02
1.152074e+01	1.967980e+00	2.326668e-02
1.153402e+01	1.964045e+00	2.345947e-02
1.154734e+01	1.960105e+00	2.366699e-02
1.156069e+01	1.956159e+00	2.388881e-02
1.157407e+01	1.952207e+00	2.412725e-02
1.158749e+01	1.948247e+00	2.438058e-02
1.160093e+01	1.944278e+00	2.465178e-02
1.161440e+01	1.940299e+00	2.493974e-02
1.162791e+01	1.936308e+00	2.524544e-02
1.164144e+01	1.932305e+00	2.556983e-02
1.165501e+01	1.928287e+00	2.591446e-02
1.166861e+01	1.924253e+00	2.627828e-02
1.168224e+01	1.920202e+00	2.666388e-02
1.169591e+01	1.916133e+00	2.707152e-02
1.170960e+01	1.912042e+00	2.750270e-02
1.172333e+01	1.907930e+00	2.795708e-02
1.173709e+01	1.903793e+00	2.843745e-02
1.175088e+01	1.899631e+00	2.894445e-02
1.176471e+01	1.895442e+00	2.947922e-02
1.177856e+01	1.891222e+00	3.004295e-02
1.179245e+01	1.886971e+00	3.063784e-02
1.180637e+01	1.882687e+00	3.126534e-02
1.182033e+01	1.878367e+00	3.192664e-02
1.183432e+01	1.874007e+00	3.262451e-02
1.184834e+01	1.869608e+00	3.336040e-02
1.186240e+01	1.865165e+00	3.413734e-02
1.187649e+01	1.860676e+00	3.495682e-02
1.189061e+01	1.856138e+00	3.582113e-02
1.190476e+01	1.851549e+00	3.673461e-02
1.191895e+01	1.846905e+00	3.769824e-02
1.193317e+01	1.842202e+00	3.871760e-02
1.194743e+01	1.837439e+00	3.979424e-02
1.196172e+01	1.832610e+00	4.093367e-02
1.197605e+01	1.827713e+00	4.213929e-02
1.199041e+01	1.822744e+00	4.341491e-02
1.200480e+01	1.817697e+00	4.476671e-02
1.201923e+01	1.812570e+00	4.620069e-02
1.203369e+01	1.807357e+00	4.772128e-02
1.204819e+01	1.802053e+00	4.933588e-02
1.206273e+01	1.796655e+00	5.105107e-02
1.207729e+01	1.791156e+00	5.287594e-02
1.209190e+01	1.785551e+00	5.481853e-02
1.210654e+01	1.779833e+00	5.688762e-02
1.212121e+01	1.773998e+00	5.909478e-02
1.213592e+01	1.768039e+00	6.145177e-02
1.215067e+01	1.761949e+00	6.397109e-02
1.216545e+01	1.755722e+00	6.666719e-02
1.218027e+01	1.749351e+00	6.955528e-02
1.219512e+01	1.742828e+00	7.265352e-02
1.221001e+01	1.736147e+00	7.598194e-02
1.222494e+01	1.729299e+00	7.956208e-02
1.223990e+01	1.722279e+00	8.341896e-02
1.225490e+01	1.715079e+00	8.757922e-02
1.226994e+01	1.707692e+00	9.207368e-02
1.228501e+01	1.700112e+00	9.693772e-02
1.230012e+01	1.692335e+00	1.022091e-01
1.231527e+01	1.684356e+00	1.079324e-01
1.233046e+01	1.676174e+00	1.141564e-01
1.234568e+01	1.667788e+00	1.209363e-01
1.236094e+01	1.659204e+00	1.283338e-01
1.237624e+01	1.650430e+00	1.364209e-01
1.239157e+01	1.641479e+00	1.452761e-01
1.240695e+01	1.632375e+00	1.549882e-01
1.242236e+01	1.623151e+00	1.656574e-01
1.243781e+01	1.613850e+00	1.773948e-01
1.245330e+01	1.604539e+00	1.903243e-01
1.246883e+01	1.595300e+00	2.045813e-01
1.248439e+01	1.586244e+00	2.203132e-01
1.250000e+01	1.577520e+00	2.376777e-01
1.251564e+01	1.569318e+00	2.568363e-01
1.253133e+01	1.561877e+00	2.779531e-01
1.254705e+01	1.555502e+00	3.011797e-01
1.256281e+01	1.550569e+00	3.266431e-01
1.257862e+01	1.547530e+00	3.544258e-01
1.259446e+01	1.546925e+00	3.845371e-01
1.261034e+01	1.549369e+00	4.168827e-01
1.262626e+01	1.555544e+00	4.512254e-01
1.264222e+01	1.566166e+00	4.871456e-01
1.265823e+01	1.581937e+00	5.240098e-01
1.267427e+01	1.603485e+00	5.609446e-01
1.269036e+01	1.631276e+00	5.968338e-01
1.270648e+01	1.665533e+00	6.303443e-01
1.272265e+01	1.706133e+00	6.599830e-01
1.273885e+01	1.752539e+00	6.841958e-01
1.275510e+01	1.803740e+00	7.015085e-01
1.277139e+01	1.858264e+00	7.106908e-01
1.278772e+01	1.914248e+00	7.109398e-01
1.280410e+01	1.969598e+00	7.020219e-01
1.282051e+01	2.022211e+00	6.843497e-01
1.283697e+01	2.070219e+00	6.589505e-01
1.285347e+01	2.112196e+00	6.273269e-01
1.287001e+01	2.147285e+00	5.912440e-01
1.288660e+01	2.175204e+00	5.524978e-01
1.290323e+01	2.196170e+00	5.127244e-01
1.291990e+01	2.210763e+00	4.732739e-01
1.293661e+01	2.219777e+00	4.351622e-01
1.295337e+01	2.224089e+00	3.990801e-01
1.297017e+01	2.224565e+00	3.654386e-01
1.298701e+01	2.222001e+00	3.344290e-01
1.300390e+01	2.217089e+00	3.060835e-01
1.302083e+01	2.210413e+00	2.803246e-01
1.303781e+01	2.202450e+00	2.570113e-01
1.305483e+01	2.193582e+00	2.359639e-01
1.307189e+01	2.184108e+00	2.169894e-01
1.308901e+01	2.174262e+00	1.998908e-01
1.310616e+01	2.164223e+00	1.844808e-01
1.312336e+01	2.154124e+00	1.705832e-01
1.314060e+01	2.144066e+00	1.580366e-01
1.315789e+01	2.134121e+00	1.466943e-01
1.317523e+01	2.124344e+00	1.364253e-01
1.319261e+01	2.114769e+00	1.271122e-01
1.321004e+01	2.105421e+00	1.186513e-01
1.322751e+01	2.096317e+00	1.109511e-01
1.324503e+01	2.087463e+00	1.039302e-01
1.326260e+01	2.078862e+00	9.751707e-02
1.328021e+01	2.070516e+00	9.164826e-02
1.329787e+01	2.062418e+00	8.626750e-02
1.331558e+01	2.054564e+00	8.132630e-02
1.333333e+01	2.046947e+00	7.678038e-02
1.335113e+01	2.039559e+00	7.259089e-02
1.336898e+01	2.032391e+00	6.872474e-02
1.338688e+01	2.025434e+00	6.514964e-02
1.340483e+01	2.018680e+00	6.183944e-02
1.342282e+01	2.012120e+00	5.877016e-02
1.344086e+01	2.005744e+00	5.592026e-02
1.345895e+01	1.999544e+00	5.326980e-02
1.347709e+01	1.993513e+00	5.080191e-02
1.349528e+01	1.987642e+00	4.850114e-02
1.351351e+01	1.981922e+00	4.635388e-02
1.353180e+01	1.976348e+00	4.434652e-02
1.355014e+01	1.970911e+00	4.246846e-02
1.356852e+01	1.965606e+00	4.070997e-02
1.358696e+01	1.960425e+00	3.906058e-02
1.360544e+01	1.955363e+00	3.751303e-02
1.362398e+01	1.950414e+00	3.605868e-02
1.364256e+01	1.945573e+00	3.469143e-02
1.366120e+01	1.940834e+00	3.340513e-02
1.367989e+01	1.936193e+00	3.219330e-02
1.369863e+01	1.931645e+00	3.105093e-02
1.371742e+01	1.927185e+00	2.997338e-02
1.373626e+01	1.922809e+00	2.895596e-02
1.375516e+01	1.918515e+00	2.799507e-02
1.377411e+01	1.914296e+00	2.708643e-02
1.379310e+01	1.910151e+00	2.622786e-02
1.381216e+01	1.906076e+00	2.541480e-02
1.383126e+01	1.902067e+00	2.464470e-02
1.385042e+01	1.898122e+00	2.391570e-02
1.386963e+01	1.894238e+00	2.322436e-02
1.388889e+01	1.890411e+00	2.256954e-02
1.390821e+01	1.886640e+00	2.194770e-02
1.392758e+01	1.882921e+00	2.135812e-02
1.394700e+01	1.879254e+00	2.079866e-02
1.396648e+01	1.875634e+00	2.026720e-02
1.398601e+01	1.872060e+00	1.976202e-02
1.400560e+01	1.868531e+00	1.928300e-02
1.402524e+01	1.865044e+00	1.882773e-02
1.404494e+01	1.861597e+00	1.839510e-02
1.406470e+01	1.858189e+00	1.798378e-02
1.408451e+01	1.854817e+00	1.759335e-02
1.410437e+01	1.851480e+00	1.722173e-02
1.412429e+01	1.848177e+00	1.686919e-02
1.414427e+01	1.844906e+00	1.653403e-02
1.416431e+01	1.841666e+00	1.621624e-02
1.418440e+01	1.838455e+00	1.591372e-02
1.420454e+01	1.835272e+00	1.562676e-02
1.422475e+01	1.832117e+00	1.535436e-02
1.424501e+01	1.828985e+00	1.509581e-02
1.426534e+01	1.825879e+00	1.485071e-02
1.428571e+01	1.822796e+00	1.461807e-02
1.430615e+01	1.819735e+00	1.439786e-02
1.432665e+01	1.816695e+00	1.418900e-02
1.434720e+01	1.813675e+00	1.399218e-02
1.436782e+01	1.810674e+00	1.380571e-02
1.438849e+01	1.807691e+00	1.362956e-02
1.440922e+01	1.804725e+00	1.346337e-02
1.443001e+01	1.801777e+00	1.330711e-02
1.445087e+01	1.798843e+00	1.316078e-02
1.447178e+01	1.795923e+00	1.302269e-02
1.449275e+01	1.793018e+00	1.289315e-02
1.451379e+01	1.790126e+00	1.277215e-02
1.453488e+01	1.787246e+00	1.265899e-02
1.455604e+01	1.784378e+00	1.255405e-02
1.457726e+01	1.781520e+00	1.245657e-02
1.459854e+01	1.778672e+00	1.236692e-02
1.461988e+01	1.775834e+00	1.228341e-02
1.464129e+01	1.773005e+00	1.220734e-02
1.466276e+01	1.770184e+00	1.213841e-02
1.468429e+01	1.767370e+00	1.207592e-02
1.470588e+01	1.764563e+00	1.201918e-02
1.472754e+01	1.761763e+00	1.196919e-02
1.474926e+01	1.758968e+00	1.192562e-02
1.477105e+01	1.756178e+00	1.188742e-02
1.479290e+01	1.753393e+00	1.185564e-02
1.481481e+01	1.750611e+00	1.182922e-02
1.483680e+01	1.747834e+00	1.180785e-02
1.485884e+01	1.745059e+00	1.179252e-02
1.488095e+01	1.742286e+00	1.178253e-02
1.490313e+01	1.739515e+00	1.177758e-02
1.492537e+01	1.736745e+00	1.177829e-02
1.494768e+01	1.733976e+00	1.178334e-02
1.497006e+01	1.731208e+00	1.179405e-02
1.499250e+01	1.728439e+00	1.180909e-02
1.501502e+01	1.725669e+00	1.182977e-02
1.503759e+01	1.722898e+00	1.185473e-02
1.506024e+01	1.720126e+00	1.188470e-02
1.508296e+01	1.717351e+00	1.191894e-02
1.510574e+01	1.714574e+00	1.195812e-02
1.512859e+01	1.711793e+00	1.200194e-02
1.515151e+01	1.709008e+00	1.205102e-02
1.517451e+01	1.706220e+00	1.210334e-02
1.519757e+01	1.703427e+00	1.216129e-02
1.522070e+01	1.700629e+00	1.222280e-02
1.524390e+01	1.697826e+00	1.228924e-02
1.526718e+01	1.695017e+00	1.236023e-02
1.529052e+01	1.692201e+00	1.243546e-02
1.531394e+01	1.689378e+00	1.251492e-02
1.533742e+01	1.686549e+00	1.259892e-02
1.536098e+01	1.683711e+00	1.268746e-02
1.538462e+01	1.680864e+00	1.278053e-02
1.540832e+01	1.678009e+00	1.287813e-02
1.543210e+01	1.675145e+00	1.297957e-02
1.545595e+01	1.672272e+00	1.308653e-02
1.547988e+01	1.669388e+00	1.319732e-02
1.550388e+01	1.666494e+00	1.331224e-02
1.552795e+01	1.663588e+00	1.343167e-02
1.555210e+01	1.660671e+00	1.355591e-02
1.557632e+01	1.657741e+00	1.368527e-02
1.560062e+01	1.654800e+00	1.381874e-02
1.562500e+01	1.651845e+00	1.395632e-02
1.564945e+01	1.648877e+00	1.409900e-02
1.567398e+01	1.645894e+00	1.424678e-02
1.569859e+01	1.642898e+00	1.439896e-02
1.572327e+01	1.639886e+00	1.455621e-02
1.574803e+01	1.636859e+00	1.471816e-02
1.577287e+01	1.633815e+00	1.488448e-02
1.579779e+01	1.630755e+00	1.505648e-02
1.582278e+01	1.627678e+00	1.523353e-02
1.584786e+01	1.624583e+00	1.541555e-02
1.587302e+01	1.621470e+00	1.560322e-02
1.589825e+01	1.618339e+00	1.579552e-02
1.592357e+01	1.615187e+00	1.599308e-02
1.594896e+01	1.612016e+00	1.619625e-02
1.597444e+01	1.608824e+00	1.640534e-02
1.600000e+01	1.605612e+00	1.661964e-02
1.602564e+01	1.602378e+00	1.683983e-02
1.605136e+01	1.599122e+00	1.706551e-02
1.607717e+01	1.595842e+00	1.729737e-02
1.610306e+01	1.592539e+00	1.753568e-02
1.612903e+01	1.589212e+00	1.777945e-02
1.615509e+01	1.585860e+00	1.802995e-02
1.618123e+01	1.582482e+00	1.828656e-02
1.620745e+01	1.579078e+00	1.855017e-02
1.623377e+01	1.575647e+00	1.882047e-02
1.626016e+01	1.572189e+00	1.909704e-02
1.628665e+01	1.568702e+00	1.938055e-02
1.631321e+01	1.565186e+00	1.967198e-02
1.633987e+01	1.561641e+00	1.996993e-02
1.636661e+01	1.558064e+00	2.027604e-02
1.639344e+01	1.554457e+00	2.058961e-02
1.642036e+01	1.550817e+00	2.091091e-02
1.644737e+01	1.547144e+00	2.123990e-02
1.647446e+01	1.543438e+00	2.157756e-02
1.650165e+01	1.539696e+00	2.192345e-02
1.652893e+01	1.535918e+00	2.227824e-02
1.655629e+01	1.532105e+00	2.264180e-02
1.658375e+01	1.528254e+00	2.301417e-02
1.661130e+01	1.524364e+00	2.339652e-02
1.663894e+01	1.520434e+00	2.378751e-02
1.666667e+01	1.516465e+00	2.418937e-02
1.669449e+01	1.512454e+00	2.460137e-02
1.672241e+01	1.508400e+00	2.502273e-02
1.675042e+01	1.504303e+00	2.545612e-02
1.677852e+01	1.500161e+00	2.589964e-02
1.680672e+01	1.495973e+00	2.635496e-02
1.683502e+01	1.491738e+00	2.682227e-02
1.686341e+01	1.487454e+00	2.730111e-02
1.689189e+01	1.483121e+00	2.779308e-02
1.692047e+01	1.478737e+00	2.829730e-02
1.694915e+01	1.474301e+00	2.881507e-02
1.697793e+01	1.469811e+00	2.934647e-02
1.700680e+01	1.465267e+00	2.989240e-02
1.703578e+01	1.460665e+00	3.045233e-02
1.706485e+01	1.456006e+00	3.102742e-02
1.709402e+01	1.451288e+00	3.161854e-02
1.712329e+01	1.446508e+00	3.222530e-02
1.715266e+01	1.441666e+00	3.284867e-02
1.718213e+01	1.436758e+00	3.348995e-02
1.721170e+01	1.431786e+00	3.414823e-02
1.724138e+01	1.426745e+00	3.482561e-02
1.727116e+01	1.421634e+00	3.552176e-02
1.730104e+01	1.416451e+00	3.623761e-02
1.733102e+01	1.411194e+00	3.697461e-02
1.736111e+01	1.405862e+00	3.773223e-02
1.739130e+01	1.400451e+00	3.851246e-02
1.742160e+01	1.394960e+00	3.931614e-02
1.745201e+01	1.389386e+00	4.014279e-02
1.748252e+01	1.383728e+00	4.099459e-02
1.751313e+01	1.377982e+00	4.187285e-02
1.754386e+01	1.372146e+00	4.277699e-02
1.757469e+01	1.366218e+00	4.370935e-02
1.760563e+01	1.360193e+00	4.467142e-02
1.763668e+01	1.354071e+00	4.566271e-02
1.766784e+01	1.347847e+00	4.668672e-02
1.769911e+01	1.341518e+00	4.774302e-02
1.773050e+01	1.335082e+00	4.883395e-02
1.776199e+01	1.328535e+00	4.996115e-02
1.779359e+01	1.321873e+00	5.112586e-02
1.782531e+01	1.315093e+00	5.232936e-02
1.785714e+01	1.308191e+00	5.357488e-02
1.788909e+01	1.301163e+00	5.486280e-02
1.792115e+01	1.294005e+00	5.619559e-02
1.795332e+01	1.286712e+00	5.757609e-02
1.798561e+01	1.279280e+00	5.900610e-02
1.801802e+01	1.271705e+00	6.048825e-02
1.805054e+01	1.263981e+00	6.202501e-02
1.808318e+01	1.256103e+00	6.361986e-02
1.811594e+01	1.248066e+00	6.527503e-02
1.814882e+01	1.239864e+00	6.699347e-02
1.818182e+01	1.231492e+00	6.877927e-02
1.821494e+01	1.222942e+00	7.063619e-02
1.824817e+01	1.214209e+00	7.256847e-02
1.828154e+01	1.205286e+00	7.457966e-02
1.831502e+01	1.196165e+00	7.667493e-02
1.834862e+01	1.186839e+00	7.885945e-02
1.838235e+01	1.177301e+00	8.113701e-02
1.841621e+01	1.167541e+00	8.351642e-02
1.845019e+01	1.157552e+00	8.600067e-02
1.848429e+01	1.147322e+00	8.859957e-02
1.851852e+01	1.136845e+00	9.131836e-02
1.855288e+01	1.126108e+00	9.416655e-02
1.858736e+01	1.115101e+00	9.715230e-02
1.862197e+01	1.103812e+00	1.002853e-01
1.865672e+01	1.092231e+00	1.035763e-01
1.869159e+01	1.080343e+00	1.070377e-01
1.872659e+01	1.068137e+00	1.106815e-01
1.876173e+01	1.055597e+00	1.145225e-01
1.879699e+01	1.042709e+00	1.185758e-01
1.883239e+01	1.029458e+00	1.228588e-01
1.886792e+01	1.015827e+00	1.273907e-01
1.890359e+01	1.001798e+00	1.321935e-01
1.893939e+01	9.873556e-01	1.372910e-01
1.897533e+01	9.724795e-01	1.427095e-01
1.901141e+01	9.571511e-01	1.484795e-01
1.904762e+01	9.413503e-01	1.546350e-01
1.908397e+01	9.250575e-01	1.612137e-01
1.912046e+01	9.082523e-01	1.682587e-01
1.915709e+01	8.909151e-01	1.758195e-01
1.919386e+01	8.730269e-01	1.839513e-01
1.923077e+01	8.545712e-01	1.927162e-01
1.926782e+01	8.355332e-01	2.021856e-01
1.930502e+01	8.159038e-01	2.124417e-01
1.934236e+01	7.956784e-01	2.235752e-01
1.937984e+01	7.748638e-01	2.356884e-01
1.941748e+01	7.534789e-01	2.488972e-01
1.945525e+01	7.315588e-01	2.633278e-01
1.949318e+01	7.091601e-01	2.791167e-01
1.953125e+01	6.863717e-01	2.964086e-01
1.956947e+01	6.633137e-01	3.153462e-01
1.960784e+01	6.401485e-01	3.360648e-01
1.964636e+01	6.170789e-01	3.586775e-01
1.968504e+01	5.943527e-01	3.832587e-01
1.972387e+01	5.722417e-01	4.098255e-01
1.976285e+01	5.510329e-01	4.383305e-01
1.980198e+01	5.309984e-01	4.686480e-01
1.984127e+01	5.123719e-01	5.005907e-01
1.988072e+01	4.953234e-01	5.339213e-01
1.992032e+01	4.799537e-01	5.683803e-01
1.996008e+01	4.662956e-01	6.037122e-01
2.000000e+01	4.543223e-01	6.396849e-01
2.004008e+01	4.439648e-01	6.761008e-01
2.008032e+01	4.351278e-01	7.128035e-01
2.012072e+01	4.277036e-01	7.496750e-01
2.016129e+01	4.215816e-01	7.866326e-01
2.020202e+01	4.166569e-01	8.236214e-01
2.024291e+01	4.128327e-01	8.606102e-01
2.028398e+01	4.100230e-01	8.975844e-01
2.032520e+01	4.081522e-01	9.345443e-01
2.036660e+01	4.071571e-01	9.714981e-01
2.040816e+01	4.069834e-01	1.008462e+00
2.044990e+01	4.075873e-01	1.045459e+00
2.049180e+01	4.089335e-01	1.082513e+00
2.053388e+01	4.109953e-01	1.119651e+00
2.057613e+01	4.137528e-01	1.156903e+00
2.061856e+01	4.171929e-01	1.194299e+00
2.066116e+01	4.213088e-01	1.231870e+00
2.070393e+01	4.261001e-01	1.269647e+00
2.074689e+01	4.315704e-01	1.307662e+00
2.079002e+01	4.377295e-01	1.345946e+00
2.083333e+01	4.445931e-01	1.384529e+00
2.087683e+01	4.521808e-01	1.423442e+00
2.092050e+01	4.605175e-01	1.462716e+00
2.096436e+01	4.696346e-01	1.502378e+00
2.100840e+01	4.795674e-01	1.542459e+00
2.105263e+01	4.903568e-01	1.582983e+00
2.109705e+01	5.020508e-01	1.623977e+00
2.114165e+01	5.147033e-01	1.665465e+00
2.118644e+01	5.283742e-01	1.707466e+00
2.123142e+01	5.431301e-01	1.750000e+00
2.127660e+01	5.590465e-01	1.793080e+00
2.132196e+01	5.762053e-01	1.836715e+00
2.136752e+01	5.946976e-01	1.880908e+00
2.141328e+01	6.146239e-01	1.925656e+00
2.145923e+01	6.360920e-01	1.970946e+00
2.150538e+01	6.592207e-01	2.016754e+00
2.155172e+01	6.841374e-01	2.063043e+00
2.159827e+01	7.109786e-01	2.109757e+00
2.164502e+01	7.398899e-01	2.156826e+00
2.169197e+01	7.710226e-01	2.204151e+00
2.173913e+01	8.045322e-01	2.251608e+00
2.178649e+01	8.405758e-01	2.299040e+00
2.183406e+01	8.793062e-01	2.346253e+00
2.188184e+01	9.208644e-01	2.393007e+00
2.192983e+01	9.653711e-01	2.439018e+00
2.197802e+01	1.012910e+00	2.483949e+00
2.202643e+01	1.063520e+00	2.527411e+00
2.207505e+01	1.117167e+00	2.568963e+00
2.212389e+01	1.173724e+00	2.608125e+00
2.217295e+01	1.232946e+00	2.644387e+00
2.222222e+01	1.294446e+00	2.677239e+00
2.227172e+01	1.357668e+00	2.706209e+00
2.232143e+01	1.421876e+00	2.730914e+00
2.237137e+01	1.486149e+00	2.751122e+00
2.242152e+01	1.549406e+00	2.766833e+00
2.247191e+01	1.610451e+00	2.778349e+00
2.252252e+01	1.668050e+00	2.786350e+00
2.257336e+01	1.721046e+00	2.791940e+00
2.262443e+01	1.768486e+00	2.796663e+00
2.267574e+01	1.809773e+00	2.802486e+00
2.272727e+01	1.844806e+00	2.811723e+00
2.277904e+01	1.874114e+00	2.826927e+00
2.283105e+01	1.898959e+00	2.850742e+00
2.288330e+01	1.921407e+00	2.885729e+00
2.293578e+01	1.944359e+00	2.934173e+00
2.298851e+01	1.971564e+00	2.997880e+00
2.304147e+01	2.007591e+00	3.077975e+00
2.309469e+01	2.057811e+00	3.174673e+00
2.314815e+01	2.128366e+00	3.287025e+00
2.320186e+01	2.226150e+00	3.412535e+00
2.325581e+01	2.358728e+00	3.546599e+00
2.331002e+01	2.534011e+00	3.681624e+00
2.336449e+01	2.759346e+00	3.805818e+00
2.341920e+01	3.039426e+00	3.901941e+00
2.347418e+01	3.372436e+00	3.947021e+00
2.352941e+01	3.744744e+00	3.915090e+00
2.358491e+01	4.127001e+00	3.785131e+00
2.364066e+01	4.477384e+00	3.552921e+00
2.369668e+01	4.755179e+00	3.238573e+00
2.375297e+01	4.937331e+00	2.880710e+00
2.380952e+01	5.024763e+00	2.520155e+00
2.386635e+01	5.035323e+00	2.186252e+00
2.392345e+01	4.992186e+00	1.893329e+00
2.398081e+01	4.915962e+00	1.644351e+00
2.403846e+01	4.821896e+00	1.436073e+00
2.409639e+01	4.720113e+00	1.262846e+00
2.415459e+01	4.616859e+00	1.118698e+00
2.421307e+01	4.515758e+00	9.982407e-01
2.427184e+01	4.418766e+00	8.969544e-01
2.433090e+01	4.326822e+00	8.111690e-01
2.439024e+01	4.240259e+00	7.379607e-01
2.444988e+01	4.159066e+00	6.750100e-01
2.450980e+01	4.083044e+00	6.204819e-01
2.457003e+01	4.011896e+00	5.729163e-01
2.463054e+01	3.945288e+00	5.311507e-01
2.469136e+01	3.882875e+00	4.942510e-01
2.475248e+01	3.824322e+00	4.614621e-01
2.481390e+01	3.769314e+00	4.321698e-01
2.487562e+01	3.717556e+00	4.058716e-01
2.493766e+01	3.668782e+00	3.821514e-01
2.500000e+01	3.622746e+00	3.606668e-01
2.506266e+01	3.579226e+00	3.411288e-01
2.512563e+01	3.538022e+00	3.232954e-01
2.518892e+01	3.498952e+00	3.069624e-01
2.525252e+01	3.461851e+00	2.919562e-01
2.531646e+01	3.426572e+00	2.781273e-01
2.538071e+01	3.392980e+00	2.653480e-01
2.544529e+01	3.360953e+00	2.535084e-01
2.551020e+01	3.330382e+00	2.425129e-01
2.557545e+01	3.301166e+00	2.322777e-01
2.564103e+01	3.273212e+00	2.227295e-01
2.570694e+01	3.246439e+00	2.138052e-01
2.577320e+01	3.220770e+00	2.054475e-01
2.583979e+01	3.196136e+00	1.976067e-01
2.590674e+01	3.172472e+00	1.902382e-01
2.597403e+01	3.149721e+00	1.833029e-01
2.604167e+01	3.127827e+00	1.767644e-01
2.610966e+01	3.106742e+00	1.705931e-01
2.617801e+01	3.086419e+00	1.647586e-01
2.624672e+01	3.066817e+00	1.592366e-01
2.631579e+01	3.047895e+00	1.540028e-01
2.638522e+01	3.029619e+00	1.490378e-01
2.645503e+01	3.011953e+00	1.443209e-01
2.652520e+01	2.994867e+00	1.398367e-01
2.659575e+01	2.978331e+00	1.355681e-01
2.666667e+01	2.962318e+00	1.315005e-01
2.673797e+01	2.946803e+00	1.276215e-01
2.680965e+01	2.931762e+00	1.239191e-01
2.688172e+01	2.917173e+00	1.203824e-01
2.695418e+01	2.903014e+00	1.170007e-01
2.702703e+01	2.889267e+00	1.137643e-01
2.710027e+01	2.875913e+00	1.106655e-01
2.717391e+01	2.862934e+00	1.076953e-01
2.724796e+01	2.850316e+00	1.048473e-01
2.732240e+01	2.838041e+00	1.021137e-01
2.739726e+01	2.826097e+00	9.948886e-02
2.747253e+01	2.814469e+00	9.696710e-02
2.754821e+01	2.803144e+00	9.454122e-02
2.762431e+01	2.792111e+00	9.220864e-02
2.770083e+01	2.781358e+00	8.996214e-02
2.777778e+01	2.770874e+00	8.779911e-02
2.785515e+01	2.760649e+00	8.571433e-02
2.793296e+01	2.750673e+00	8.370420e-02
2.801120e+01	2.740937e+00	8.176480e-02
2.808989e+01	2.731431e+00	7.989320e-02
2.816901e+01	2.722149e+00	7.808645e-02
2.824859e+01	2.713082e+00	7.634064e-02
2.832861e+01	2.704220e+00	7.465282e-02
2.840909e+01	2.695560e+00	7.302137e-02
2.849003e+01	2.687092e+00	7.144302e-02
2.857143e+01	2.678812e+00	6.991549e-02
2.865329e+01	2.670710e+00	6.843716e-02
2.873563e+01	2.662784e+00	6.700472e-02
2.881844e+01	2.655026e+00	6.561691e-02
2.890173e+01	2.647432e+00	6.427242e-02
2.898551e+01	2.639995e+00	6.296795e-02
2.906977e+01	2.632712e+00	6.170288e-02
2.915452e+01	2.625577e+00	6.047590e-02
2.923977e+01	2.618585e+00	5.928438e-02
2.932551e+01	2.611733e+00	5.812768e-02
2.941176e+01	2.605016e+00	5.700451e-02
2.949853e+01	2.598430e+00	5.591321e-02
2.958580e+01	2.591971e+00	5.485248e-02
2.967359e+01	2.585636e+00	5.382134e-02
2.976190e+01	2.579421e+00	5.281848e-02
2.985075e+01	2.573322e+00	5.184293e-02
2.994012e+01	2.567337e+00	5.089403e-02
3.003003e+01	2.561462e+00	4.997015e-02
3.012048e+01	2.555693e+00	4.907162e-02
3.021148e+01	2.550030e+00	4.819546e-02
3.030303e+01	2.544466e+00	4.734269e-02
3.039514e+01	2.539003e+00	4.651200e-02
3.048781e+01	2.533635e+00	4.570273e-02
3.058104e+01	2.528360e+00	4.491289e-02
3.067485e+01	2.523176e+00	4.414383e-02
3.076923e+01	2.518081e+00	4.339323e-02
3.086420e+01	2.513072e+00	4.266144e-02
3.095975e+01	2.508147e+00	4.194678e-02
3.105590e+01	2.503305e+00	4.124996e-02
3.115265e+01	2.498543e+00	4.056996e-02
3.125000e+01	2.493859e+00	3.990614e-02
3.134796e+01	2.489250e+00	3.925718e-02
3.144654e+01	2.484717e+00	3.862373e-02
3.154574e+01	2.480256e+00	3.800515e-02
3.164557e+01	2.475865e+00	3.740046e-02
3.174603e+01	2.471544e+00	3.680996e-02
3.184713e+01	2.467290e+00	3.623236e-02
3.194888e+01	2.463103e+00	3.566732e-02
3.205128e+01	2.458980e+00	3.511551e-02
3.215434e+01	2.454920e+00	3.457561e-02
3.225807e+01	2.450921e+00	3.404761e-02
3.236246e+01	2.446983e+00	3.353120e-02
3.246753e+01	2.443103e+00	3.302538e-02
3.257329e+01	2.439281e+00	3.253047e-02
3.267974e+01	2.435516e+00	3.204583e-02
3.278688e+01	2.431805e+00	3.157180e-02
3.289474e+01	2.428149e+00	3.110736e-02
3.300330e+01	2.424545e+00	3.065319e-02
3.311258e+01	2.420993e+00	3.020730e-02
3.322259e+01	2.417492e+00	2.977136e-02
3.333333e+01	2.414040e+00	2.934371e-02
3.344482e+01	2.410636e+00	2.892467e-02
3.355705e+01	2.407280e+00	2.851458e-02
3.367003e+01	2.403971e+00	2.811246e-02
3.378378e+01	2.400707e+00	2.771763e-02
3.389831e+01	2.397488e+00	2.733109e-02
3.401360e+01	2.394313e+00	2.695152e-02
3.412969e+01	2.391180e+00	2.657959e-02
3.424657e+01	2.388090e+00	2.621462e-02
3.436426e+01	2.385042e+00	2.585630e-02
3.448276e+01	2.382033e+00	2.550561e-02
3.460208e+01	2.379065e+00	2.516057e-02
3.472222e+01	2.376135e+00	2.482283e-02
3.484321e+01	2.373243e+00	2.449041e-02
3.496504e+01	2.370389e+00	2.416497e-02
3.508772e+01	2.367572e+00	2.384451e-02
3.521127e+01	2.364791e+00	2.353103e-02
3.533569e+01	2.362045e+00	2.322219e-02
3.546099e+01	2.359335e+00	2.291902e-02
3.558719e+01	2.356658e+00	2.262151e-02
3.571429e+01	2.354015e+00	2.232897e-02
3.584229e+01	2.351405e+00	2.204175e-02
3.597122e+01	2.348827e+00	2.175986e-02
3.610108e+01	2.346282e+00	2.148263e-02
3.623188e+01	2.343767e+00	2.120972e-02
3.636364e+01	2.341283e+00	2.094181e-02
3.649635e+01	2.338830e+00	2.067888e-02
3.663004e+01	2.336406e+00	2.041961e-02
3.676471e+01	2.334012e+00	2.016534e-02
3.690037e+01	2.331646e+00	1.991474e-02
3.703704e+01	2.329308e+00	1.966879e-02
3.717472e+01	2.326998e+00	1.942652e-02
3.731343e+01	2.324715e+00	1.918890e-02
3.745318e+01	2.322460e+00	1.895461e-02
3.759399e+01	2.320230e+00	1.872367e-02
3.773585e+01	2.318026e+00	1.849737e-02
3.787879e+01	2.315849e+00	1.827408e-02
3.802281e+01	2.313696e+00	1.805412e-02
3.816794e+01	2.311568e+00	1.783817e-02
3.831418e+01	2.309464e+00	1.762587e-02
3.846154e+01	2.307384e+00	1.741626e-02
3.861004e+01	2.305329e+00	1.720996e-02
3.875969e+01	2.303296e+00	1.700701e-02
3.891051e+01	2.301286e+00	1.680773e-02
3.906250e+01	2.299299e+00	1.661078e-02
3.921569e+01	2.297333e+00	1.641716e-02
3.937008e+01	2.295390e+00	1.622589e-02
3.952569e+01	2.293468e+00	1.603828e-02
3.968254e+01	2.291568e+00	1.585334e-02
3.984064e+01	2.289687e+00	1.567074e-02
4.000000e+01	2.287828e+00	1.549081e-02
4.016064e+01	2.285990e+00	1.531389e-02
4.032258e+01	2.284171e+00	1.513929e-02
4.048583e+01	2.282371e+00	1.496771e-02
4.065041e+01	2.280591e+00	1.479813e-02
4.081633e+01	2.278831e+00	1.463122e-02
4.098361e+01	2.277089e+00	1.446698e-02
4.115226e+01	2.275366e+00	1.430441e-02
4.132231e+01	2.273661e+00	1.414451e-02
4.149378e+01	2.271974e+00	1.398662e-02
4.166667e+01	2.270305e+00	1.383141e-02
4.184100e+01	2.268653e+00	1.367786e-02
4.201681e+01	2.267019e+00	1.352699e-02
4.219409e+01	2.265402e+00	1.337778e-02
4.237288e+01	2.263802e+00	1.323059e-02
4.255319e+01	2.262219e+00	1.308539e-02
4.273504e+01	2.260652e+00	1.294221e-02
4.291846e+01	2.259101e+00	1.280169e-02
4.310345e+01	2.257566e+00	1.266186e-02
4.329004e+01	2.256047e+00	1.252469e-02
4.347826e+01	2.254544e+00	1.238886e-02
4.366812e+01	2.253056e+00	1.225570e-02
4.385965e+01	2.251582e+00	1.212322e-02
4.405286e+01	2.250125e+00	1.199307e-02
4.424779e+01	2.248681e+00	1.186427e-02
4.444444e+01	2.247253e+00	1.173747e-02
4.464286e+01	2.245839e+00	1.161201e-02
4.484305e+01	2.244439e+00	1.148856e-02
4.504505e+01	2.243052e+00	1.136644e-02
4.524887e+01	2.241681e+00	1.124566e-02
4.545455e+01	2.240323e+00	1.112690e-02
4.566210e+01	2.238978e+00	1.100913e-02
4.587156e+01	2.237646e+00	1.089304e-02
4.608295e+01	2.236329e+00	1.077862e-02
4.629630e+01	2.235023e+00	1.066554e-02
4.651163e+01	2.233731e+00	1.055380e-02
4.672897e+01	2.232452e+00	1.044373e-02
4.694836e+01	2.231185e+00	1.033434e-02
4.716981e+01	2.229931e+00	1.022629e-02
4.739337e+01	2.228689e+00	1.012057e-02
4.761905e+01	2.227459e+00	1.001519e-02
4.784689e+01	2.226241e+00	9.911495e-03
4.807692e+01	2.225035e+00	9.808470e-03
4.830918e+01	2.223841e+00	9.707443e-03
4.854369e+01	2.222659e+00	9.607091e-03
4.878049e+01	2.221487e+00	9.508081e-03
4.901961e+01	2.220327e+00	9.410403e-03
4.926108e+01	2.219179e+00	9.313407e-03
4.950495e+01	2.218042e+00	9.217408e-03
4.975124e+01	2.216915e+00	9.123088e-03
5.000000e+01	2.215800e+00	9.029444e-03
5.025126e+01	2.214695e+00	8.937459e-03
5.050505e+01	2.213601e+00	8.845492e-03
5.076142e+01	2.212517e+00	8.755522e-03
5.102041e+01	2.211444e+00	8.666233e-03
5.128205e+01	2.210381e+00	8.577941e-03
5.154639e+01	2.209328e+00	8.490325e-03
5.181347e+01	2.208286e+00	8.404050e-03
5.208333e+01	2.207252e+00	8.318774e-03
5.235602e+01	2.206230e+00	8.234176e-03
5.263158e+01	2.205216e+00	8.150916e-03
5.291005e+01	2.204213e+00	8.067996e-03
5.319149e+01	2.203219e+00	7.986414e-03
5.347594e+01	2.202235e+00	7.905831e-03
5.376344e+01	2.201260e+00	7.825925e-03
5.405405e+01	2.200294e+00	7.746360e-03
5.434783e+01	2.199338e+00	7.667795e-03
5.464481e+01	2.198390e+00	7.590908e-03
5.494506e+01	2.197452e+00	7.514019e-03
5.524862e+01	2.196522e+00	7.437811e-03
5.555556e+01	2.195602e+00	7.362600e-03
5.586592e+01	2.194689e+00	7.288730e-03
5.617977e+01	2.193787e+00	7.215197e-03
5.649717e+01	2.192892e+00	7.142005e-03
5.681818e+01	2.192006e+00	7.070153e-03
5.714286e+01	2.191128e+00	6.998958e-03
5.747126e+01	2.190259e+00	6.927783e-03
5.780347e+01	2.189397e+00	6.858610e-03
5.813954e+01	2.188544e+00	6.788774e-03
5.847953e+01	2.187700e+00	6.720278e-03
5.882353e+01	2.186863e+00	6.652782e-03
5.917160e+01	2.186034e+00	6.585623e-03
5.952381e+01	2.185213e+00	6.518807e-03
5.988024e+01	2.184400e+00	6.453330e-03
6.024096e+01	2.183594e+00	6.387851e-03
6.060606e+01	2.182797e+00	6.323053e-03
6.097561e+01	2.182007e+00	6.258912e-03
6.134969e+01	2.181224e+00	6.195454e-03
6.172839e+01	2.180449e+00	6.132995e-03
6.211180e+01	2.179682e+00	6.070874e-03
6.250000e+01	2.178921e+00	6.009094e-03
6.289308e+01	2.178168e+00	5.948313e-03
6.329114e+01	2.177423e+00	5.887874e-03
6.369427e+01	2.176684e+00	5.827431e-03
6.410256e+01	2.175952e+00	5.768331e-03
6.451613e+01	2.175228e+00	5.709569e-03
6.493506e+01	2.174511e+00	5.651149e-03
6.535948e+01	2.173800e+00	5.593068e-03
6.578947e+01	2.173097e+00	5.535645e-03
6.622517e+01	2.172400e+00	5.479563e-03
6.666667e+01	2.171710e+00	5.422822e-03
6.711409e+01	2.171027e+00	5.367079e-03
6.756757e+01	2.170350e+00	5.312017e-03
6.802721e+01	2.169680e+00	5.256956e-03
6.849315e+01	2.169017e+00	5.202552e-03
6.896552e+01	2.168360e+00	5.148831e-03
6.944444e+01	2.167709e+00	5.095448e-03
6.993007e+01	2.167065e+00	5.042725e-03
7.042253e+01	2.166428e+00	4.989683e-03
7.092199e+01	2.165796e+00	4.937641e-03
7.142857e+01	2.165171e+00	4.886599e-03
7.194245e+01	2.164552e+00	4.834897e-03
7.246377e+01	2.163939e+00	4.784194e-03
7.299270e+01	2.163333e+00	4.733832e-03
7.352941e+01	2.162732e+00	4.683810e-03
7.407407e+01	2.162137e+00	4.634448e-03
7.462687e+01	2.161549e+00	4.585106e-03
7.518797e+01	2.160966e+00	4.536084e-03
7.575758e+01	2.160390e+00	4.488401e-03
7.633588e+01	2.159819e+00	4.440060e-03
7.692308e+01	2.159254e+00	4.392717e-03
7.751938e+01	2.158695e+00	4.345716e-03
7.812500e+01	2.158142e+00	4.298714e-03
7.874016e+01	2.157593e+00	4.252053e-03
7.936508e+01	2.157052e+00	4.205391e-03
8.000000e+01	2.156515e+00	4.160070e-03
8.064516e+01	2.155984e+00	4.114409e-03
8.130081e+01	2.155459e+00	4.069429e-03
8.196721e+01	2.154939e+00	4.024447e-03
8.264463e+01	2.154425e+00	3.980125e-03
8.333333e+01	2.153916e+00	3.936145e-03
8.403361e+01	2.153413e+00	3.891845e-03
8.474576e+01	2.152915e+00	3.848546e-03
8.547008e+01	2.152422e+00	3.805904e-03
8.620690e+01	2.151935e+00	3.762605e-03
8.695652e+01	2.151453e+00	3.720304e-03
8.771930e+01	2.150976e+00	3.677685e-03
8.849558e+01	2.150505e+00	3.635725e-03
8.928571e+01	2.150038e+00	3.593766e-03
9.009009e+01	2.149577e+00	3.552806e-03
9.090909e+01	2.149121e+00	3.511527e-03
9.174312e+01	2.148669e+00	3.470907e-03
9.259259e+01	2.148223e+00	3.429969e-03
9.345794e+01	2.147782e+00	3.389690e-03
9.433962e+01	2.147347e+00	3.349753e-03
9.523810e+01	2.146916e+00	3.310473e-03
9.615385e+01	2.146490e+00	3.270535e-03
9.708738e+01	2.146069e+00	3.230937e-03
9.803922e+01	2.145652e+00	3.192339e-03
9.900990e+01	2.145241e+00	3.153741e-03
1.000000e+02	2.144834e+00	3.115143e-03
1.010101e+02	2.144433e+00	3.076886e-03
1.020408e+02	2.144036e+00	3.038629e-03
1.030928e+02	2.143643e+00	3.000713e-03
1.041667e+02	2.143256e+00	2.963454e-03
1.052632e+02	2.142874e+00	2.925879e-03
1.063830e+02	2.142495e+00	2.888962e-03
1.075269e+02	2.142122e+00	2.852046e-03
1.086957e+02	2.141753e+00	2.815470e-03
1.098901e+02	2.141390e+00	2.778893e-03
1.111111e+02	2.141030e+00	2.742317e-03
1.123596e+02	2.140675e+00	2.706082e-03
1.136364e+02	2.140325e+00	2.670506e-03
1.149425e+02	2.139979e+00	2.634611e-03
1.162791e+02	2.139638e+00	2.599376e-03
1.176471e+02	2.139301e+00	2.564141e-03
1.190476e+02	2.138969e+00	2.529246e-03
1.204819e+02	2.138641e+00	2.494351e-03
1.219512e+02	2.138318e+00	2.459457e-03
1.234568e+02	2.137998e+00	2.424903e-03
1.250000e+02	2.137684e+00	2.390349e-03
1.265823e+02	2.137374e+00	2.356454e-03
1.282051e+02	2.137068e+00	2.322241e-03
1.298701e+02	2.136766e+00	2.288686e-03
1.315789e+02	2.136470e+00	2.254474e-03
1.333333e+02	2.136177e+00	2.221260e-03
1.351351e+02	2.135888e+00	2.188047e-03
1.369863e+02	2.135603e+00	2.154834e-03
1.388889e+02	2.135323e+00	2.121621e-03
1.408451e+02	2.135047e+00	2.088748e-03
1.428571e+02	2.134775e+00	2.055876e-03
1.449275e+02	2.134508e+00	2.023003e-03
1.470588e+02	2.134245e+00	1.991131e-03
1.492537e+02	2.133986e+00	1.958599e-03
1.515152e+02	2.133731e+00	1.926727e-03
1.538462e+02	2.133480e+00	1.894195e-03
1.562500e+02	2.133233e+00	1.862663e-03
1.587302e+02	2.132991e+00	1.830791e-03
1.612903e+02	2.132752e+00	1.799260e-03
1.639344e+02	2.132518e+00	1.768069e-03
1.666667e+02	2.132288e+00	1.736537e-03
1.694915e+02	2.132061e+00	1.705346e-03
1.724138e+02	2.131839e+00	1.674155e-03
1.754386e+02	2.131621e+00	1.642965e-03
1.785714e+02	2.131407e+00	1.612115e-03
1.818182e+02	2.131197e+00	1.580924e-03
1.851852e+02	2.130991e+00	1.550733e-03
1.886792e+02	2.130788e+00	1.519883e-03
1.923077e+02	2.130590e+00	1.489693e-03
1.960784e+02	2.130396e+00	1.459184e-03
2.000000e+02	2.130206e+00	1.428993e-03
2.040816e+02	2.130019e+00	1.398484e-03
2.083333e+02	2.129837e+00	1.368634e-03
2.127660e+02	2.129658e+00	1.338784e-03
2.173913e+02	2.129484e+00	1.309275e-03
2.222222e+02	2.129313e+00	1.279425e-03
2.272727e+02	2.129146e+00	1.249257e-03
2.325581e+02	2.128984e+00	1.219748e-03
2.380952e+02	2.128824e+00	1.190239e-03
2.439024e+02	2.128669e+00	1.161389e-03
2.500000e+02	2.128518e+00	1.131880e-03
2.564103e+02	2.128370e+00	1.102371e-03
2.631579e+02	2.128227e+00	1.073203e-03
2.702703e+02	2.128087e+00	1.044035e-03
2.777778e+02	2.127951e+00	1.014526e-03
2.857143e+02	2.127818e+00	9.860171e-04
2.941176e+02	2.127690e+00	9.571897e-04
3.030303e+02	2.127565e+00	9.280217e-04
3.125000e+02	2.127445e+00	8.995129e-04
3.225806e+02	2.127328e+00	8.706854e-04
3.333333e+02	2.127214e+00	8.421767e-04
3.448276e+02	2.127105e+00	8.133494e-04
3.571429e+02	2.126999e+00	7.848408e-04
3.703704e+02	2.126897e+00	7.560136e-04
3.846154e+02	2.126799e+00	7.278455e-04
4.000000e+02	2.126705e+00	6.996775e-04
4.166667e+02	2.126614e+00	6.708503e-04
4.347826e+02	2.126527e+00	6.430230e-04
4.545455e+02	2.126444e+00	6.148550e-04
4.761905e+02	2.126364e+00	5.860280e-04
5.000000e+02	2.126289e+00	5.582007e-04
5.263158e+02	2.126217e+00	5.300328e-04
5.555556e+02	2.126148e+00	5.022058e-04
5.882353e+02	2.126084e+00	4.737194e-04
6.250000e+02	2.126023e+00	4.455515e-04
6.666667e+02	2.125965e+00	4.177245e-04
7.142857e+02	2.125912e+00	3.898973e-04
7.692308e+02	2.125862e+00	3.620703e-04
8.333333e+02	2.125816e+00	3.342431e-04
9.090909e+02	2.125774e+00	3.064161e-04
1.000000e+03	2.125735e+00	2.785890e-04
1.111111e+03	2.125700e+00	2.501027e-04
1.250000e+03	2.125669e+00	2.222757e-04
1.428571e+03	2.125641e+00	1.944486e-04
1.666667e+03	2.125617e+00	1.666215e-04
2.000000e+03	2.125597e+00	1.387945e-04
2.500000e+03	2.125581e+00	1.109674e-04
3.333333e+03	2.125567e+00	8.314039e-05
5.000000e+03	2.125558e+00	5.565407e-05
1.000000e+04	2.125553e+00	2.782703e-05
