vacuum
lam[mu]  n       k  
      0.10000000      1.00000      0.00000
      0.10046158      1.00000      0.00000
      0.10092529      1.00000      0.00000
      0.10139114      1.00000      0.00000
      0.10185914      1.00000      0.00000
      0.10232930      1.00000      0.00000
      0.10280163      1.00000      0.00000
      0.10327614      1.00000      0.00000
      0.10375284      1.00000      0.00000
      0.10423174      1.00000      0.00000
      0.10471285      1.00000      0.00000
      0.10519619      1.00000      0.00000
      0.10568175      1.00000      0.00000
      0.10616956      1.00000      0.00000
      0.10665961      1.00000      0.00000
      0.10715193      1.00000      0.00000
      0.10764652      1.00000      0.00000
      0.10814340      1.00000      0.00000
      0.10864256      1.00000      0.00000
      0.10914403      1.00000      0.00000
      0.10964782      1.00000      0.00000
      0.11015393      1.00000      0.00000
      0.11066238      1.00000      0.00000
      0.11117317      1.00000      0.00000
      0.11168632      1.00000      0.00000
      0.11220185      1.00000      0.00000
      0.11271975      1.00000      0.00000
      0.11324004      1.00000      0.00000
      0.11376273      1.00000      0.00000
      0.11428783      1.00000      0.00000
      0.11481536      1.00000      0.00000
      0.11534533      1.00000      0.00000
      0.11587774      1.00000      0.00000
      0.11641260      1.00000      0.00000
      0.11694994      1.00000      0.00000
      0.11748976      1.00000      0.00000
      0.11803206      1.00000      0.00000
      0.11857687      1.00000      0.00000
      0.11912420      1.00000      0.00000
      0.11967405      1.00000      0.00000
      0.12022644      1.00000      0.00000
      0.12078138      1.00000      0.00000
      0.12133889      1.00000      0.00000
      0.12189896      1.00000      0.00000
      0.12246162      1.00000      0.00000
      0.12302688      1.00000      0.00000
      0.12359474      1.00000      0.00000
      0.12416523      1.00000      0.00000
      0.12473835      1.00000      0.00000
      0.12531412      1.00000      0.00000
      0.12589254      1.00000      0.00000
      0.12647363      1.00000      0.00000
      0.12705741      1.00000      0.00000
      0.12764388      1.00000      0.00000
      0.12823306      1.00000      0.00000
      0.12882496      1.00000      0.00000
      0.12941958      1.00000      0.00000
      0.13001696      1.00000      0.00000
      0.13061709      1.00000      0.00000
      0.13121999      1.00000      0.00000
      0.13182567      1.00000      0.00000
      0.13243415      1.00000      0.00000
      0.13304544      1.00000      0.00000
      0.13365955      1.00000      0.00000
      0.13427650      1.00000      0.00000
      0.13489629      1.00000      0.00000
      0.13551894      1.00000      0.00000
      0.13614447      1.00000      0.00000
      0.13677288      1.00000      0.00000
      0.13740420      1.00000      0.00000
      0.13803843      1.00000      0.00000
      0.13867558      1.00000      0.00000
      0.13931568      1.00000      0.00000
      0.13995873      1.00000      0.00000
      0.14060475      1.00000      0.00000
      0.14125375      1.00000      0.00000
      0.14190575      1.00000      0.00000
      0.14256076      1.00000      0.00000
      0.14321879      1.00000      0.00000
      0.14387986      1.00000      0.00000
      0.14454398      1.00000      0.00000
      0.14521116      1.00000      0.00000
      0.14588143      1.00000      0.00000
      0.14655478      1.00000      0.00000
      0.14723125      1.00000      0.00000
      0.14791084      1.00000      0.00000
      0.14859356      1.00000      0.00000
      0.14927944      1.00000      0.00000
      0.14996848      1.00000      0.00000
      0.15066071      1.00000      0.00000
      0.15135612      1.00000      0.00000
      0.15205475      1.00000      0.00000
      0.15275661      1.00000      0.00000
      0.15346170      1.00000      0.00000
      0.15417005      1.00000      0.00000
      0.15488166      1.00000      0.00000
      0.15559656      1.00000      0.00000
      0.15631476      1.00000      0.00000
      0.15703628      1.00000      0.00000
      0.15776113      1.00000      0.00000
      0.15848932      1.00000      0.00000
      0.15922087      1.00000      0.00000
      0.15995580      1.00000      0.00000
      0.16069413      1.00000      0.00000
      0.16143586      1.00000      0.00000
      0.16218101      1.00000      0.00000
      0.16292960      1.00000      0.00000
      0.16368165      1.00000      0.00000
      0.16443717      1.00000      0.00000
      0.16519618      1.00000      0.00000
      0.16595869      1.00000      0.00000
      0.16672472      1.00000      0.00000
      0.16749429      1.00000      0.00000
      0.16826741      1.00000      0.00000
      0.16904409      1.00000      0.00000
      0.16982437      1.00000      0.00000
      0.17060824      1.00000      0.00000
      0.17139573      1.00000      0.00000
      0.17218686      1.00000      0.00000
      0.17298164      1.00000      0.00000
      0.17378008      1.00000      0.00000
      0.17458222      1.00000      0.00000
      0.17538805      1.00000      0.00000
      0.17619760      1.00000      0.00000
      0.17701090      1.00000      0.00000
      0.17782794      1.00000      0.00000
      0.17864876      1.00000      0.00000
      0.17947336      1.00000      0.00000
      0.18030177      1.00000      0.00000
      0.18113401      1.00000      0.00000
      0.18197009      1.00000      0.00000
      0.18281002      1.00000      0.00000
      0.18365383      1.00000      0.00000
      0.18450154      1.00000      0.00000
      0.18535316      1.00000      0.00000
      0.18620871      1.00000      0.00000
      0.18706821      1.00000      0.00000
      0.18793168      1.00000      0.00000
      0.18879913      1.00000      0.00000
      0.18967059      1.00000      0.00000
      0.19054607      1.00000      0.00000
      0.19142559      1.00000      0.00000
      0.19230917      1.00000      0.00000
      0.19319683      1.00000      0.00000
      0.19408859      1.00000      0.00000
      0.19498446      1.00000      0.00000
      0.19588447      1.00000      0.00000
      0.19678863      1.00000      0.00000
      0.19769696      1.00000      0.00000
      0.19860949      1.00000      0.00000
      0.19952623      1.00000      0.00000
      0.20044720      1.00000      0.00000
      0.20137242      1.00000      0.00000
      0.20230192      1.00000      0.00000
      0.20323570      1.00000      0.00000
      0.20417379      1.00000      0.00000
      0.20511622      1.00000      0.00000
      0.20606299      1.00000      0.00000
      0.20701413      1.00000      0.00000
      0.20796967      1.00000      0.00000
      0.20892961      1.00000      0.00000
      0.20989399      1.00000      0.00000
      0.21086281      1.00000      0.00000
      0.21183611      1.00000      0.00000
      0.21281390      1.00000      0.00000
      0.21379621      1.00000      0.00000
      0.21478305      1.00000      0.00000
      0.21577444      1.00000      0.00000
      0.21677041      1.00000      0.00000
      0.21777098      1.00000      0.00000
      0.21877616      1.00000      0.00000
      0.21978599      1.00000      0.00000
      0.22080047      1.00000      0.00000
      0.22181964      1.00000      0.00000
      0.22284351      1.00000      0.00000
      0.22387211      1.00000      0.00000
      0.22490546      1.00000      0.00000
      0.22594358      1.00000      0.00000
      0.22698649      1.00000      0.00000
      0.22803421      1.00000      0.00000
      0.22908677      1.00000      0.00000
      0.23014418      1.00000      0.00000
      0.23120648      1.00000      0.00000
      0.23227368      1.00000      0.00000
      0.23334581      1.00000      0.00000
      0.23442288      1.00000      0.00000
      0.23550493      1.00000      0.00000
      0.23659197      1.00000      0.00000
      0.23768403      1.00000      0.00000
      0.23878113      1.00000      0.00000
      0.23988329      1.00000      0.00000
      0.24099054      1.00000      0.00000
      0.24210290      1.00000      0.00000
      0.24322040      1.00000      0.00000
      0.24434306      1.00000      0.00000
      0.24547089      1.00000      0.00000
      0.24660393      1.00000      0.00000
      0.24774221      1.00000      0.00000
      0.24888573      1.00000      0.00000
      0.25003454      1.00000      0.00000
      0.25118864      1.00000      0.00000
      0.25234808      1.00000      0.00000
      0.25351286      1.00000      0.00000
      0.25468303      1.00000      0.00000
      0.25585859      1.00000      0.00000
      0.25703958      1.00000      0.00000
      0.25822602      1.00000      0.00000
      0.25941794      1.00000      0.00000
      0.26061535      1.00000      0.00000
      0.26181830      1.00000      0.00000
      0.26302680      1.00000      0.00000
      0.26424088      1.00000      0.00000
      0.26546056      1.00000      0.00000
      0.26668587      1.00000      0.00000
      0.26791683      1.00000      0.00000
      0.26915348      1.00000      0.00000
      0.27039584      1.00000      0.00000
      0.27164393      1.00000      0.00000
      0.27289778      1.00000      0.00000
      0.27415742      1.00000      0.00000
      0.27542287      1.00000      0.00000
      0.27669416      1.00000      0.00000
      0.27797133      1.00000      0.00000
      0.27925438      1.00000      0.00000
      0.28054336      1.00000      0.00000
      0.28183829      1.00000      0.00000
      0.28313920      1.00000      0.00000
      0.28444611      1.00000      0.00000
      0.28575905      1.00000      0.00000
      0.28707806      1.00000      0.00000
      0.28840315      1.00000      0.00000
      0.28973436      1.00000      0.00000
      0.29107171      1.00000      0.00000
      0.29241524      1.00000      0.00000
      0.29376497      1.00000      0.00000
      0.29512092      1.00000      0.00000
      0.29648314      1.00000      0.00000
      0.29785164      1.00000      0.00000
      0.29922646      1.00000      0.00000
      0.30060763      1.00000      0.00000
      0.30199517      1.00000      0.00000
      0.30338912      1.00000      0.00000
      0.30478950      1.00000      0.00000
      0.30619634      1.00000      0.00000
      0.30760968      1.00000      0.00000
      0.30902954      1.00000      0.00000
      0.31045596      1.00000      0.00000
      0.31188896      1.00000      0.00000
      0.31332857      1.00000      0.00000
      0.31477483      1.00000      0.00000
      0.31622777      1.00000      0.00000
      0.31768741      1.00000      0.00000
      0.31915379      1.00000      0.00000
      0.32062693      1.00000      0.00000
      0.32210688      1.00000      0.00000
      0.32359366      1.00000      0.00000
      0.32508730      1.00000      0.00000
      0.32658783      1.00000      0.00000
      0.32809529      1.00000      0.00000
      0.32960971      1.00000      0.00000
      0.33113112      1.00000      0.00000
      0.33265955      1.00000      0.00000
      0.33419504      1.00000      0.00000
      0.33573761      1.00000      0.00000
      0.33728731      1.00000      0.00000
      0.33884416      1.00000      0.00000
      0.34040819      1.00000      0.00000
      0.34197944      1.00000      0.00000
      0.34355795      1.00000      0.00000
      0.34514374      1.00000      0.00000
      0.34673685      1.00000      0.00000
      0.34833732      1.00000      0.00000
      0.34994517      1.00000      0.00000
      0.35156044      1.00000      0.00000
      0.35318317      1.00000      0.00000
      0.35481339      1.00000      0.00000
      0.35645113      1.00000      0.00000
      0.35809644      1.00000      0.00000
      0.35974934      1.00000      0.00000
      0.36140986      1.00000      0.00000
      0.36307805      1.00000      0.00000
      0.36475395      1.00000      0.00000
      0.36643757      1.00000      0.00000
      0.36812897      1.00000      0.00000
      0.36982818      1.00000      0.00000
      0.37153523      1.00000      0.00000
      0.37325016      1.00000      0.00000
      0.37497300      1.00000      0.00000
      0.37670380      1.00000      0.00000
      0.37844258      1.00000      0.00000
      0.38018940      1.00000      0.00000
      0.38194427      1.00000      0.00000
      0.38370725      1.00000      0.00000
      0.38547836      1.00000      0.00000
      0.38725764      1.00000      0.00000
      0.38904514      1.00000      0.00000
      0.39084090      1.00000      0.00000
      0.39264494      1.00000      0.00000
      0.39445730      1.00000      0.00000
      0.39627803      1.00000      0.00000
      0.39810717      1.00000      0.00000
      0.39994475      1.00000      0.00000
      0.40179081      1.00000      0.00000
      0.40364539      1.00000      0.00000
      0.40550854      1.00000      0.00000
      0.40738028      1.00000      0.00000
      0.40926066      1.00000      0.00000
      0.41114972      1.00000      0.00000
      0.41304750      1.00000      0.00000
      0.41495404      1.00000      0.00000
      0.41686938      1.00000      0.00000
      0.41879357      1.00000      0.00000
      0.42072663      1.00000      0.00000
      0.42266861      1.00000      0.00000
      0.42461956      1.00000      0.00000
      0.42657952      1.00000      0.00000
      0.42854852      1.00000      0.00000
      0.43052661      1.00000      0.00000
      0.43251383      1.00000      0.00000
      0.43451022      1.00000      0.00000
      0.43651583      1.00000      0.00000
      0.43853070      1.00000      0.00000
      0.44055486      1.00000      0.00000
      0.44258837      1.00000      0.00000
      0.44463127      1.00000      0.00000
      0.44668359      1.00000      0.00000
      0.44874539      1.00000      0.00000
      0.45081670      1.00000      0.00000
      0.45289758      1.00000      0.00000
      0.45498806      1.00000      0.00000
      0.45708819      1.00000      0.00000
      0.45919801      1.00000      0.00000
      0.46131757      1.00000      0.00000
      0.46344692      1.00000      0.00000
      0.46558609      1.00000      0.00000
      0.46773514      1.00000      0.00000
      0.46989411      1.00000      0.00000
      0.47206304      1.00000      0.00000
      0.47424199      1.00000      0.00000
      0.47643099      1.00000      0.00000
      0.47863009      1.00000      0.00000
      0.48083935      1.00000      0.00000
      0.48305880      1.00000      0.00000
      0.48528850      1.00000      0.00000
      0.48752849      1.00000      0.00000
      0.48977882      1.00000      0.00000
      0.49203954      1.00000      0.00000
      0.49431069      1.00000      0.00000
      0.49659232      1.00000      0.00000
      0.49888449      1.00000      0.00000
      0.50118723      1.00000      0.00000
      0.50350061      1.00000      0.00000
      0.50582466      1.00000      0.00000
      0.50815944      1.00000      0.00000
      0.51050500      1.00000      0.00000
      0.51286138      1.00000      0.00000
      0.51522864      1.00000      0.00000
      0.51760683      1.00000      0.00000
      0.51999600      1.00000      0.00000
      0.52239619      1.00000      0.00000
      0.52480746      1.00000      0.00000
      0.52722986      1.00000      0.00000
      0.52966344      1.00000      0.00000
      0.53210826      1.00000      0.00000
      0.53456436      1.00000      0.00000
      0.53703180      1.00000      0.00000
      0.53951062      1.00000      0.00000
      0.54200089      1.00000      0.00000
      0.54450265      1.00000      0.00000
      0.54701596      1.00000      0.00000
      0.54954087      1.00000      0.00000
      0.55207744      1.00000      0.00000
      0.55462571      1.00000      0.00000
      0.55718575      1.00000      0.00000
      0.55975760      1.00000      0.00000
      0.56234133      1.00000      0.00000
      0.56493697      1.00000      0.00000
      0.56754461      1.00000      0.00000
      0.57016427      1.00000      0.00000
      0.57279603      1.00000      0.00000
      0.57543994      1.00000      0.00000
      0.57809605      1.00000      0.00000
      0.58076442      1.00000      0.00000
      0.58344510      1.00000      0.00000
      0.58613816      1.00000      0.00000
      0.58884366      1.00000      0.00000
      0.59156163      1.00000      0.00000
      0.59429216      1.00000      0.00000
      0.59703529      1.00000      0.00000
      0.59979108      1.00000      0.00000
      0.60255959      1.00000      0.00000
      0.60534087      1.00000      0.00000
      0.60813500      1.00000      0.00000
      0.61094202      1.00000      0.00000
      0.61376201      1.00000      0.00000
      0.61659500      1.00000      0.00000
      0.61944108      1.00000      0.00000
      0.62230029      1.00000      0.00000
      0.62517269      1.00000      0.00000
      0.62805836      1.00000      0.00000
      0.63095734      1.00000      0.00000
      0.63386971      1.00000      0.00000
      0.63679552      1.00000      0.00000
      0.63973484      1.00000      0.00000
      0.64268772      1.00000      0.00000
      0.64565423      1.00000      0.00000
      0.64863443      1.00000      0.00000
      0.65162839      1.00000      0.00000
      0.65463617      1.00000      0.00000
      0.65765784      1.00000      0.00000
      0.66069345      1.00000      0.00000
      0.66374307      1.00000      0.00000
      0.66680677      1.00000      0.00000
      0.66988461      1.00000      0.00000
      0.67297666      1.00000      0.00000
      0.67608298      1.00000      0.00000
      0.67920363      1.00000      0.00000
      0.68233869      1.00000      0.00000
      0.68548823      1.00000      0.00000
      0.68865230      1.00000      0.00000
      0.69183097      1.00000      0.00000
      0.69502432      1.00000      0.00000
      0.69823240      1.00000      0.00000
      0.70145530      1.00000      0.00000
      0.70469307      1.00000      0.00000
      0.70794578      1.00000      0.00000
      0.71121351      1.00000      0.00000
      0.71449633      1.00000      0.00000
      0.71779429      1.00000      0.00000
      0.72110748      1.00000      0.00000
      0.72443596      1.00000      0.00000
      0.72777980      1.00000      0.00000
      0.73113908      1.00000      0.00000
      0.73451387      1.00000      0.00000
      0.73790423      1.00000      0.00000
      0.74131024      1.00000      0.00000
      0.74473197      1.00000      0.00000
      0.74816950      1.00000      0.00000
      0.75162289      1.00000      0.00000
      0.75509223      1.00000      0.00000
      0.75857758      1.00000      0.00000
      0.76207901      1.00000      0.00000
      0.76559661      1.00000      0.00000
      0.76913044      1.00000      0.00000
      0.77268059      1.00000      0.00000
      0.77624712      1.00000      0.00000
      0.77983011      1.00000      0.00000
      0.78342964      1.00000      0.00000
      0.78704579      1.00000      0.00000
      0.79067863      1.00000      0.00000
      0.79432823      1.00000      0.00000
      0.79799469      1.00000      0.00000
      0.80167806      1.00000      0.00000
      0.80537844      1.00000      0.00000
      0.80909590      1.00000      0.00000
      0.81283052      1.00000      0.00000
      0.81658237      1.00000      0.00000
      0.82035154      1.00000      0.00000
      0.82413812      1.00000      0.00000
      0.82794216      1.00000      0.00000
      0.83176377      1.00000      0.00000
      0.83560302      1.00000      0.00000
      0.83945999      1.00000      0.00000
      0.84333476      1.00000      0.00000
      0.84722741      1.00000      0.00000
      0.85113804      1.00000      0.00000
      0.85506671      1.00000      0.00000
      0.85901352      1.00000      0.00000
      0.86297855      1.00000      0.00000
      0.86696188      1.00000      0.00000
      0.87096359      1.00000      0.00000
      0.87498378      1.00000      0.00000
      0.87902252      1.00000      0.00000
      0.88307990      1.00000      0.00000
      0.88715601      1.00000      0.00000
      0.89125094      1.00000      0.00000
      0.89536477      1.00000      0.00000
      0.89949758      1.00000      0.00000
      0.90364947      1.00000      0.00000
      0.90782053      1.00000      0.00000
      0.91201084      1.00000      0.00000
      0.91622049      1.00000      0.00000
      0.92044957      1.00000      0.00000
      0.92469817      1.00000      0.00000
      0.92896639      1.00000      0.00000
      0.93325430      1.00000      0.00000
      0.93756201      1.00000      0.00000
      0.94188960      1.00000      0.00000
      0.94623716      1.00000      0.00000
      0.95060479      1.00000      0.00000
      0.95499259      1.00000      0.00000
      0.95940063      1.00000      0.00000
      0.96382902      1.00000      0.00000
      0.96827786      1.00000      0.00000
      0.97274722      1.00000      0.00000
      0.97723722      1.00000      0.00000
      0.98174794      1.00000      0.00000
      0.98627949      1.00000      0.00000
      0.99083194      1.00000      0.00000
      0.99540542      1.00000      0.00000
       1.0000000      1.00000      0.00000
       1.0046158      1.00000      0.00000
       1.0092529      1.00000      0.00000
       1.0139114      1.00000      0.00000
       1.0185914      1.00000      0.00000
       1.0232930      1.00000      0.00000
       1.0280163      1.00000      0.00000
       1.0327614      1.00000      0.00000
       1.0375284      1.00000      0.00000
       1.0423174      1.00000      0.00000
       1.0471285      1.00000      0.00000
       1.0519619      1.00000      0.00000
       1.0568175      1.00000      0.00000
       1.0616956      1.00000      0.00000
       1.0665961      1.00000      0.00000
       1.0715193      1.00000      0.00000
       1.0764652      1.00000      0.00000
       1.0814340      1.00000      0.00000
       1.0864256      1.00000      0.00000
       1.0914403      1.00000      0.00000
       1.0964782      1.00000      0.00000
       1.1015393      1.00000      0.00000
       1.1066238      1.00000      0.00000
       1.1117317      1.00000      0.00000
       1.1168632      1.00000      0.00000
       1.1220185      1.00000      0.00000
       1.1271975      1.00000      0.00000
       1.1324004      1.00000      0.00000
       1.1376273      1.00000      0.00000
       1.1428783      1.00000      0.00000
       1.1481536      1.00000      0.00000
       1.1534533      1.00000      0.00000
       1.1587774      1.00000      0.00000
       1.1641260      1.00000      0.00000
       1.1694994      1.00000      0.00000
       1.1748976      1.00000      0.00000
       1.1803206      1.00000      0.00000
       1.1857687      1.00000      0.00000
       1.1912420      1.00000      0.00000
       1.1967405      1.00000      0.00000
       1.2022644      1.00000      0.00000
       1.2078138      1.00000      0.00000
       1.2133889      1.00000      0.00000
       1.2189896      1.00000      0.00000
       1.2246162      1.00000      0.00000
       1.2302688      1.00000      0.00000
       1.2359474      1.00000      0.00000
       1.2416523      1.00000      0.00000
       1.2473835      1.00000      0.00000
       1.2531412      1.00000      0.00000
       1.2589254      1.00000      0.00000
       1.2647363      1.00000      0.00000
       1.2705741      1.00000      0.00000
       1.2764388      1.00000      0.00000
       1.2823306      1.00000      0.00000
       1.2882496      1.00000      0.00000
       1.2941958      1.00000      0.00000
       1.3001696      1.00000      0.00000
       1.3061709      1.00000      0.00000
       1.3121999      1.00000      0.00000
       1.3182567      1.00000      0.00000
       1.3243415      1.00000      0.00000
       1.3304544      1.00000      0.00000
       1.3365955      1.00000      0.00000
       1.3427650      1.00000      0.00000
       1.3489629      1.00000      0.00000
       1.3551894      1.00000      0.00000
       1.3614447      1.00000      0.00000
       1.3677288      1.00000      0.00000
       1.3740420      1.00000      0.00000
       1.3803843      1.00000      0.00000
       1.3867558      1.00000      0.00000
       1.3931568      1.00000      0.00000
       1.3995873      1.00000      0.00000
       1.4060475      1.00000      0.00000
       1.4125375      1.00000      0.00000
       1.4190575      1.00000      0.00000
       1.4256076      1.00000      0.00000
       1.4321879      1.00000      0.00000
       1.4387986      1.00000      0.00000
       1.4454398      1.00000      0.00000
       1.4521116      1.00000      0.00000
       1.4588143      1.00000      0.00000
       1.4655478      1.00000      0.00000
       1.4723125      1.00000      0.00000
       1.4791084      1.00000      0.00000
       1.4859356      1.00000      0.00000
       1.4927944      1.00000      0.00000
       1.4996848      1.00000      0.00000
       1.5066071      1.00000      0.00000
       1.5135612      1.00000      0.00000
       1.5205475      1.00000      0.00000
       1.5275661      1.00000      0.00000
       1.5346170      1.00000      0.00000
       1.5417005      1.00000      0.00000
       1.5488166      1.00000      0.00000
       1.5559656      1.00000      0.00000
       1.5631476      1.00000      0.00000
       1.5703628      1.00000      0.00000
       1.5776113      1.00000      0.00000
       1.5848932      1.00000      0.00000
       1.5922087      1.00000      0.00000
       1.5995580      1.00000      0.00000
       1.6069413      1.00000      0.00000
       1.6143586      1.00000      0.00000
       1.6218101      1.00000      0.00000
       1.6292960      1.00000      0.00000
       1.6368165      1.00000      0.00000
       1.6443717      1.00000      0.00000
       1.6519618      1.00000      0.00000
       1.6595869      1.00000      0.00000
       1.6672472      1.00000      0.00000
       1.6749429      1.00000      0.00000
       1.6826741      1.00000      0.00000
       1.6904409      1.00000      0.00000
       1.6982437      1.00000      0.00000
       1.7060824      1.00000      0.00000
       1.7139573      1.00000      0.00000
       1.7218686      1.00000      0.00000
       1.7298164      1.00000      0.00000
       1.7378008      1.00000      0.00000
       1.7458222      1.00000      0.00000
       1.7538805      1.00000      0.00000
       1.7619760      1.00000      0.00000
       1.7701090      1.00000      0.00000
       1.7782794      1.00000      0.00000
       1.7864876      1.00000      0.00000
       1.7947336      1.00000      0.00000
       1.8030177      1.00000      0.00000
       1.8113401      1.00000      0.00000
       1.8197009      1.00000      0.00000
       1.8281002      1.00000      0.00000
       1.8365383      1.00000      0.00000
       1.8450154      1.00000      0.00000
       1.8535316      1.00000      0.00000
       1.8620871      1.00000      0.00000
       1.8706821      1.00000      0.00000
       1.8793168      1.00000      0.00000
       1.8879913      1.00000      0.00000
       1.8967059      1.00000      0.00000
       1.9054607      1.00000      0.00000
       1.9142559      1.00000      0.00000
       1.9230917      1.00000      0.00000
       1.9319683      1.00000      0.00000
       1.9408859      1.00000      0.00000
       1.9498446      1.00000      0.00000
       1.9588447      1.00000      0.00000
       1.9678863      1.00000      0.00000
       1.9769696      1.00000      0.00000
       1.9860949      1.00000      0.00000
       1.9952623      1.00000      0.00000
       2.0044720      1.00000      0.00000
       2.0137242      1.00000      0.00000
       2.0230192      1.00000      0.00000
       2.0323570      1.00000      0.00000
       2.0417379      1.00000      0.00000
       2.0511622      1.00000      0.00000
       2.0606299      1.00000      0.00000
       2.0701413      1.00000      0.00000
       2.0796967      1.00000      0.00000
       2.0892961      1.00000      0.00000
       2.0989399      1.00000      0.00000
       2.1086281      1.00000      0.00000
       2.1183611      1.00000      0.00000
       2.1281390      1.00000      0.00000
       2.1379621      1.00000      0.00000
       2.1478305      1.00000      0.00000
       2.1577444      1.00000      0.00000
       2.1677041      1.00000      0.00000
       2.1777098      1.00000      0.00000
       2.1877616      1.00000      0.00000
       2.1978599      1.00000      0.00000
       2.2080047      1.00000      0.00000
       2.2181964      1.00000      0.00000
       2.2284351      1.00000      0.00000
       2.2387211      1.00000      0.00000
       2.2490546      1.00000      0.00000
       2.2594358      1.00000      0.00000
       2.2698649      1.00000      0.00000
       2.2803421      1.00000      0.00000
       2.2908677      1.00000      0.00000
       2.3014418      1.00000      0.00000
       2.3120648      1.00000      0.00000
       2.3227368      1.00000      0.00000
       2.3334581      1.00000      0.00000
       2.3442288      1.00000      0.00000
       2.3550493      1.00000      0.00000
       2.3659197      1.00000      0.00000
       2.3768403      1.00000      0.00000
       2.3878113      1.00000      0.00000
       2.3988329      1.00000      0.00000
       2.4099054      1.00000      0.00000
       2.4210290      1.00000      0.00000
       2.4322040      1.00000      0.00000
       2.4434306      1.00000      0.00000
       2.4547089      1.00000      0.00000
       2.4660393      1.00000      0.00000
       2.4774221      1.00000      0.00000
       2.4888573      1.00000      0.00000
       2.5003454      1.00000      0.00000
       2.5118864      1.00000      0.00000
       2.5234808      1.00000      0.00000
       2.5351286      1.00000      0.00000
       2.5468303      1.00000      0.00000
       2.5585859      1.00000      0.00000
       2.5703958      1.00000      0.00000
       2.5822602      1.00000      0.00000
       2.5941794      1.00000      0.00000
       2.6061535      1.00000      0.00000
       2.6181830      1.00000      0.00000
       2.6302680      1.00000      0.00000
       2.6424088      1.00000      0.00000
       2.6546056      1.00000      0.00000
       2.6668587      1.00000      0.00000
       2.6791683      1.00000      0.00000
       2.6915348      1.00000      0.00000
       2.7039584      1.00000      0.00000
       2.7164393      1.00000      0.00000
       2.7289778      1.00000      0.00000
       2.7415742      1.00000      0.00000
       2.7542287      1.00000      0.00000
       2.7669416      1.00000      0.00000
       2.7797133      1.00000      0.00000
       2.7925438      1.00000      0.00000
       2.8054336      1.00000      0.00000
       2.8183829      1.00000      0.00000
       2.8313920      1.00000      0.00000
       2.8444611      1.00000      0.00000
       2.8575905      1.00000      0.00000
       2.8707806      1.00000      0.00000
       2.8840315      1.00000      0.00000
       2.8973436      1.00000      0.00000
       2.9107171      1.00000      0.00000
       2.9241524      1.00000      0.00000
       2.9376497      1.00000      0.00000
       2.9512092      1.00000      0.00000
       2.9648314      1.00000      0.00000
       2.9785164      1.00000      0.00000
       2.9922646      1.00000      0.00000
       3.0060763      1.00000      0.00000
       3.0199517      1.00000      0.00000
       3.0338912      1.00000      0.00000
       3.0478950      1.00000      0.00000
       3.0619634      1.00000      0.00000
       3.0760968      1.00000      0.00000
       3.0902954      1.00000      0.00000
       3.1045596      1.00000      0.00000
       3.1188896      1.00000      0.00000
       3.1332857      1.00000      0.00000
       3.1477483      1.00000      0.00000
       3.1622777      1.00000      0.00000
       3.1768741      1.00000      0.00000
       3.1915379      1.00000      0.00000
       3.2062693      1.00000      0.00000
       3.2210688      1.00000      0.00000
       3.2359366      1.00000      0.00000
       3.2508730      1.00000      0.00000
       3.2658783      1.00000      0.00000
       3.2809529      1.00000      0.00000
       3.2960971      1.00000      0.00000
       3.3113112      1.00000      0.00000
       3.3265955      1.00000      0.00000
       3.3419504      1.00000      0.00000
       3.3573761      1.00000      0.00000
       3.3728731      1.00000      0.00000
       3.3884416      1.00000      0.00000
       3.4040819      1.00000      0.00000
       3.4197944      1.00000      0.00000
       3.4355795      1.00000      0.00000
       3.4514374      1.00000      0.00000
       3.4673685      1.00000      0.00000
       3.4833732      1.00000      0.00000
       3.4994517      1.00000      0.00000
       3.5156044      1.00000      0.00000
       3.5318317      1.00000      0.00000
       3.5481339      1.00000      0.00000
       3.5645113      1.00000      0.00000
       3.5809644      1.00000      0.00000
       3.5974934      1.00000      0.00000
       3.6140986      1.00000      0.00000
       3.6307805      1.00000      0.00000
       3.6475395      1.00000      0.00000
       3.6643757      1.00000      0.00000
       3.6812897      1.00000      0.00000
       3.6982818      1.00000      0.00000
       3.7153523      1.00000      0.00000
       3.7325016      1.00000      0.00000
       3.7497300      1.00000      0.00000
       3.7670380      1.00000      0.00000
       3.7844258      1.00000      0.00000
       3.8018940      1.00000      0.00000
       3.8194427      1.00000      0.00000
       3.8370725      1.00000      0.00000
       3.8547836      1.00000      0.00000
       3.8725764      1.00000      0.00000
       3.8904514      1.00000      0.00000
       3.9084090      1.00000      0.00000
       3.9264494      1.00000      0.00000
       3.9445730      1.00000      0.00000
       3.9627803      1.00000      0.00000
       3.9810717      1.00000      0.00000
       3.9994475      1.00000      0.00000
       4.0179081      1.00000      0.00000
       4.0364539      1.00000      0.00000
       4.0550854      1.00000      0.00000
       4.0738028      1.00000      0.00000
       4.0926066      1.00000      0.00000
       4.1114972      1.00000      0.00000
       4.1304750      1.00000      0.00000
       4.1495404      1.00000      0.00000
       4.1686938      1.00000      0.00000
       4.1879357      1.00000      0.00000
       4.2072663      1.00000      0.00000
       4.2266861      1.00000      0.00000
       4.2461956      1.00000      0.00000
       4.2657952      1.00000      0.00000
       4.2854852      1.00000      0.00000
       4.3052661      1.00000      0.00000
       4.3251383      1.00000      0.00000
       4.3451022      1.00000      0.00000
       4.3651583      1.00000      0.00000
       4.3853070      1.00000      0.00000
       4.4055486      1.00000      0.00000
       4.4258837      1.00000      0.00000
       4.4463127      1.00000      0.00000
       4.4668359      1.00000      0.00000
       4.4874539      1.00000      0.00000
       4.5081670      1.00000      0.00000
       4.5289758      1.00000      0.00000
       4.5498806      1.00000      0.00000
       4.5708819      1.00000      0.00000
       4.5919801      1.00000      0.00000
       4.6131757      1.00000      0.00000
       4.6344692      1.00000      0.00000
       4.6558609      1.00000      0.00000
       4.6773514      1.00000      0.00000
       4.6989411      1.00000      0.00000
       4.7206304      1.00000      0.00000
       4.7424199      1.00000      0.00000
       4.7643099      1.00000      0.00000
       4.7863009      1.00000      0.00000
       4.8083935      1.00000      0.00000
       4.8305880      1.00000      0.00000
       4.8528850      1.00000      0.00000
       4.8752849      1.00000      0.00000
       4.8977882      1.00000      0.00000
       4.9203954      1.00000      0.00000
       4.9431069      1.00000      0.00000
       4.9659232      1.00000      0.00000
       4.9888449      1.00000      0.00000
       5.0118723      1.00000      0.00000
       5.0350061      1.00000      0.00000
       5.0582466      1.00000      0.00000
       5.0815944      1.00000      0.00000
       5.1050500      1.00000      0.00000
       5.1286138      1.00000      0.00000
       5.1522864      1.00000      0.00000
       5.1760683      1.00000      0.00000
       5.1999600      1.00000      0.00000
       5.2239619      1.00000      0.00000
       5.2480746      1.00000      0.00000
       5.2722986      1.00000      0.00000
       5.2966344      1.00000      0.00000
       5.3210826      1.00000      0.00000
       5.3456436      1.00000      0.00000
       5.3703180      1.00000      0.00000
       5.3951062      1.00000      0.00000
       5.4200089      1.00000      0.00000
       5.4450265      1.00000      0.00000
       5.4701596      1.00000      0.00000
       5.4954087      1.00000      0.00000
       5.5207744      1.00000      0.00000
       5.5462571      1.00000      0.00000
       5.5718575      1.00000      0.00000
       5.5975760      1.00000      0.00000
       5.6234133      1.00000      0.00000
       5.6493697      1.00000      0.00000
       5.6754461      1.00000      0.00000
       5.7016427      1.00000      0.00000
       5.7279603      1.00000      0.00000
       5.7543994      1.00000      0.00000
       5.7809605      1.00000      0.00000
       5.8076442      1.00000      0.00000
       5.8344510      1.00000      0.00000
       5.8613816      1.00000      0.00000
       5.8884366      1.00000      0.00000
       5.9156163      1.00000      0.00000
       5.9429216      1.00000      0.00000
       5.9703529      1.00000      0.00000
       5.9979108      1.00000      0.00000
       6.0255959      1.00000      0.00000
       6.0534087      1.00000      0.00000
       6.0813500      1.00000      0.00000
       6.1094202      1.00000      0.00000
       6.1376201      1.00000      0.00000
       6.1659500      1.00000      0.00000
       6.1944108      1.00000      0.00000
       6.2230029      1.00000      0.00000
       6.2517269      1.00000      0.00000
       6.2805836      1.00000      0.00000
       6.3095734      1.00000      0.00000
       6.3386971      1.00000      0.00000
       6.3679552      1.00000      0.00000
       6.3973484      1.00000      0.00000
       6.4268772      1.00000      0.00000
       6.4565423      1.00000      0.00000
       6.4863443      1.00000      0.00000
       6.5162839      1.00000      0.00000
       6.5463617      1.00000      0.00000
       6.5765784      1.00000      0.00000
       6.6069345      1.00000      0.00000
       6.6374307      1.00000      0.00000
       6.6680677      1.00000      0.00000
       6.6988461      1.00000      0.00000
       6.7297666      1.00000      0.00000
       6.7608298      1.00000      0.00000
       6.7920363      1.00000      0.00000
       6.8233869      1.00000      0.00000
       6.8548823      1.00000      0.00000
       6.8865230      1.00000      0.00000
       6.9183097      1.00000      0.00000
       6.9502432      1.00000      0.00000
       6.9823240      1.00000      0.00000
       7.0145530      1.00000      0.00000
       7.0469307      1.00000      0.00000
       7.0794578      1.00000      0.00000
       7.1121351      1.00000      0.00000
       7.1449633      1.00000      0.00000
       7.1779429      1.00000      0.00000
       7.2110748      1.00000      0.00000
       7.2443596      1.00000      0.00000
       7.2777980      1.00000      0.00000
       7.3113908      1.00000      0.00000
       7.3451387      1.00000      0.00000
       7.3790423      1.00000      0.00000
       7.4131024      1.00000      0.00000
       7.4473197      1.00000      0.00000
       7.4816950      1.00000      0.00000
       7.5162289      1.00000      0.00000
       7.5509223      1.00000      0.00000
       7.5857758      1.00000      0.00000
       7.6207901      1.00000      0.00000
       7.6559661      1.00000      0.00000
       7.6913044      1.00000      0.00000
       7.7268059      1.00000      0.00000
       7.7624712      1.00000      0.00000
       7.7983011      1.00000      0.00000
       7.8342964      1.00000      0.00000
       7.8704579      1.00000      0.00000
       7.9067863      1.00000      0.00000
       7.9432823      1.00000      0.00000
       7.9799469      1.00000      0.00000
       8.0167806      1.00000      0.00000
       8.0537844      1.00000      0.00000
       8.0909590      1.00000      0.00000
       8.1283052      1.00000      0.00000
       8.1658237      1.00000      0.00000
       8.2035154      1.00000      0.00000
       8.2413812      1.00000      0.00000
       8.2794216      1.00000      0.00000
       8.3176377      1.00000      0.00000
       8.3560302      1.00000      0.00000
       8.3945999      1.00000      0.00000
       8.4333476      1.00000      0.00000
       8.4722741      1.00000      0.00000
       8.5113804      1.00000      0.00000
       8.5506671      1.00000      0.00000
       8.5901352      1.00000      0.00000
       8.6297855      1.00000      0.00000
       8.6696188      1.00000      0.00000
       8.7096359      1.00000      0.00000
       8.7498378      1.00000      0.00000
       8.7902252      1.00000      0.00000
       8.8307990      1.00000      0.00000
       8.8715601      1.00000      0.00000
       8.9125094      1.00000      0.00000
       8.9536477      1.00000      0.00000
       8.9949758      1.00000      0.00000
       9.0364947      1.00000      0.00000
       9.0782053      1.00000      0.00000
       9.1201084      1.00000      0.00000
       9.1622049      1.00000      0.00000
       9.2044957      1.00000      0.00000
       9.2469817      1.00000      0.00000
       9.2896639      1.00000      0.00000
       9.3325430      1.00000      0.00000
       9.3756201      1.00000      0.00000
       9.4188960      1.00000      0.00000
       9.4623716      1.00000      0.00000
       9.5060479      1.00000      0.00000
       9.5499259      1.00000      0.00000
       9.5940063      1.00000      0.00000
       9.6382902      1.00000      0.00000
       9.6827786      1.00000      0.00000
       9.7274722      1.00000      0.00000
       9.7723722      1.00000      0.00000
       9.8174794      1.00000      0.00000
       9.8627949      1.00000      0.00000
       9.9083194      1.00000      0.00000
       9.9540542      1.00000      0.00000
       10.000000      1.00000      0.00000
       10.046158      1.00000      0.00000
       10.092529      1.00000      0.00000
       10.139114      1.00000      0.00000
       10.185914      1.00000      0.00000
       10.232930      1.00000      0.00000
       10.280163      1.00000      0.00000
       10.327614      1.00000      0.00000
       10.375284      1.00000      0.00000
       10.423174      1.00000      0.00000
       10.471285      1.00000      0.00000
       10.519619      1.00000      0.00000
       10.568175      1.00000      0.00000
       10.616956      1.00000      0.00000
       10.665961      1.00000      0.00000
       10.715193      1.00000      0.00000
       10.764652      1.00000      0.00000
       10.814340      1.00000      0.00000
       10.864256      1.00000      0.00000
       10.914403      1.00000      0.00000
       10.964782      1.00000      0.00000
       11.015393      1.00000      0.00000
       11.066238      1.00000      0.00000
       11.117317      1.00000      0.00000
       11.168632      1.00000      0.00000
       11.220185      1.00000      0.00000
       11.271975      1.00000      0.00000
       11.324004      1.00000      0.00000
       11.376273      1.00000      0.00000
       11.428783      1.00000      0.00000
       11.481536      1.00000      0.00000
       11.534533      1.00000      0.00000
       11.587774      1.00000      0.00000
       11.641260      1.00000      0.00000
       11.694994      1.00000      0.00000
       11.748976      1.00000      0.00000
       11.803206      1.00000      0.00000
       11.857687      1.00000      0.00000
       11.912420      1.00000      0.00000
       11.967405      1.00000      0.00000
       12.022644      1.00000      0.00000
       12.078138      1.00000      0.00000
       12.133889      1.00000      0.00000
       12.189896      1.00000      0.00000
       12.246162      1.00000      0.00000
       12.302688      1.00000      0.00000
       12.359474      1.00000      0.00000
       12.416523      1.00000      0.00000
       12.473835      1.00000      0.00000
       12.531412      1.00000      0.00000
       12.589254      1.00000      0.00000
       12.647363      1.00000      0.00000
       12.705741      1.00000      0.00000
       12.764388      1.00000      0.00000
       12.823306      1.00000      0.00000
       12.882496      1.00000      0.00000
       12.941958      1.00000      0.00000
       13.001696      1.00000      0.00000
       13.061709      1.00000      0.00000
       13.121999      1.00000      0.00000
       13.182567      1.00000      0.00000
       13.243415      1.00000      0.00000
       13.304544      1.00000      0.00000
       13.365955      1.00000      0.00000
       13.427650      1.00000      0.00000
       13.489629      1.00000      0.00000
       13.551894      1.00000      0.00000
       13.614447      1.00000      0.00000
       13.677288      1.00000      0.00000
       13.740420      1.00000      0.00000
       13.803843      1.00000      0.00000
       13.867558      1.00000      0.00000
       13.931568      1.00000      0.00000
       13.995873      1.00000      0.00000
       14.060475      1.00000      0.00000
       14.125375      1.00000      0.00000
       14.190575      1.00000      0.00000
       14.256076      1.00000      0.00000
       14.321879      1.00000      0.00000
       14.387986      1.00000      0.00000
       14.454398      1.00000      0.00000
       14.521116      1.00000      0.00000
       14.588143      1.00000      0.00000
       14.655478      1.00000      0.00000
       14.723125      1.00000      0.00000
       14.791084      1.00000      0.00000
       14.859356      1.00000      0.00000
       14.927944      1.00000      0.00000
       14.996848      1.00000      0.00000
       15.066071      1.00000      0.00000
       15.135612      1.00000      0.00000
       15.205475      1.00000      0.00000
       15.275661      1.00000      0.00000
       15.346170      1.00000      0.00000
       15.417005      1.00000      0.00000
       15.488166      1.00000      0.00000
       15.559656      1.00000      0.00000
       15.631476      1.00000      0.00000
       15.703628      1.00000      0.00000
       15.776113      1.00000      0.00000
       15.848932      1.00000      0.00000
       15.922087      1.00000      0.00000
       15.995580      1.00000      0.00000
       16.069413      1.00000      0.00000
       16.143586      1.00000      0.00000
       16.218101      1.00000      0.00000
       16.292960      1.00000      0.00000
       16.368165      1.00000      0.00000
       16.443717      1.00000      0.00000
       16.519618      1.00000      0.00000
       16.595869      1.00000      0.00000
       16.672472      1.00000      0.00000
       16.749429      1.00000      0.00000
       16.826741      1.00000      0.00000
       16.904409      1.00000      0.00000
       16.982437      1.00000      0.00000
       17.060824      1.00000      0.00000
       17.139573      1.00000      0.00000
       17.218686      1.00000      0.00000
       17.298164      1.00000      0.00000
       17.378008      1.00000      0.00000
       17.458222      1.00000      0.00000
       17.538805      1.00000      0.00000
       17.619760      1.00000      0.00000
       17.701090      1.00000      0.00000
       17.782794      1.00000      0.00000
       17.864876      1.00000      0.00000
       17.947336      1.00000      0.00000
       18.030177      1.00000      0.00000
       18.113401      1.00000      0.00000
       18.197009      1.00000      0.00000
       18.281002      1.00000      0.00000
       18.365383      1.00000      0.00000
       18.450154      1.00000      0.00000
       18.535316      1.00000      0.00000
       18.620871      1.00000      0.00000
       18.706821      1.00000      0.00000
       18.793168      1.00000      0.00000
       18.879913      1.00000      0.00000
       18.967059      1.00000      0.00000
       19.054607      1.00000      0.00000
       19.142559      1.00000      0.00000
       19.230917      1.00000      0.00000
       19.319683      1.00000      0.00000
       19.408859      1.00000      0.00000
       19.498446      1.00000      0.00000
       19.588447      1.00000      0.00000
       19.678863      1.00000      0.00000
       19.769696      1.00000      0.00000
       19.860949      1.00000      0.00000
       19.952623      1.00000      0.00000
       20.044720      1.00000      0.00000
       20.137242      1.00000      0.00000
       20.230192      1.00000      0.00000
       20.323570      1.00000      0.00000
       20.417379      1.00000      0.00000
       20.511622      1.00000      0.00000
       20.606299      1.00000      0.00000
       20.701413      1.00000      0.00000
       20.796967      1.00000      0.00000
       20.892961      1.00000      0.00000
       20.989399      1.00000      0.00000
       21.086281      1.00000      0.00000
       21.183611      1.00000      0.00000
       21.281390      1.00000      0.00000
       21.379621      1.00000      0.00000
       21.478305      1.00000      0.00000
       21.577444      1.00000      0.00000
       21.677041      1.00000      0.00000
       21.777098      1.00000      0.00000
       21.877616      1.00000      0.00000
       21.978599      1.00000      0.00000
       22.080047      1.00000      0.00000
       22.181964      1.00000      0.00000
       22.284351      1.00000      0.00000
       22.387211      1.00000      0.00000
       22.490546      1.00000      0.00000
       22.594358      1.00000      0.00000
       22.698649      1.00000      0.00000
       22.803421      1.00000      0.00000
       22.908677      1.00000      0.00000
       23.014418      1.00000      0.00000
       23.120648      1.00000      0.00000
       23.227368      1.00000      0.00000
       23.334581      1.00000      0.00000
       23.442288      1.00000      0.00000
       23.550493      1.00000      0.00000
       23.659197      1.00000      0.00000
       23.768403      1.00000      0.00000
       23.878113      1.00000      0.00000
       23.988329      1.00000      0.00000
       24.099054      1.00000      0.00000
       24.210290      1.00000      0.00000
       24.322040      1.00000      0.00000
       24.434306      1.00000      0.00000
       24.547089      1.00000      0.00000
       24.660393      1.00000      0.00000
       24.774221      1.00000      0.00000
       24.888573      1.00000      0.00000
       25.003454      1.00000      0.00000
       25.118864      1.00000      0.00000
       25.234808      1.00000      0.00000
       25.351286      1.00000      0.00000
       25.468303      1.00000      0.00000
       25.585859      1.00000      0.00000
       25.703958      1.00000      0.00000
       25.822602      1.00000      0.00000
       25.941794      1.00000      0.00000
       26.061535      1.00000      0.00000
       26.181830      1.00000      0.00000
       26.302680      1.00000      0.00000
       26.424088      1.00000      0.00000
       26.546056      1.00000      0.00000
       26.668587      1.00000      0.00000
       26.791683      1.00000      0.00000
       26.915348      1.00000      0.00000
       27.039584      1.00000      0.00000
       27.164393      1.00000      0.00000
       27.289778      1.00000      0.00000
       27.415742      1.00000      0.00000
       27.542287      1.00000      0.00000
       27.669416      1.00000      0.00000
       27.797133      1.00000      0.00000
       27.925438      1.00000      0.00000
       28.054336      1.00000      0.00000
       28.183829      1.00000      0.00000
       28.313920      1.00000      0.00000
       28.444611      1.00000      0.00000
       28.575905      1.00000      0.00000
       28.707806      1.00000      0.00000
       28.840315      1.00000      0.00000
       28.973436      1.00000      0.00000
       29.107171      1.00000      0.00000
       29.241524      1.00000      0.00000
       29.376497      1.00000      0.00000
       29.512092      1.00000      0.00000
       29.648314      1.00000      0.00000
       29.785164      1.00000      0.00000
       29.922646      1.00000      0.00000
       30.060763      1.00000      0.00000
       30.199517      1.00000      0.00000
       30.338912      1.00000      0.00000
       30.478950      1.00000      0.00000
       30.619634      1.00000      0.00000
       30.760968      1.00000      0.00000
       30.902954      1.00000      0.00000
       31.045596      1.00000      0.00000
       31.188896      1.00000      0.00000
       31.332857      1.00000      0.00000
       31.477483      1.00000      0.00000
       31.622777      1.00000      0.00000
       31.768741      1.00000      0.00000
       31.915379      1.00000      0.00000
       32.062693      1.00000      0.00000
       32.210688      1.00000      0.00000
       32.359366      1.00000      0.00000
       32.508730      1.00000      0.00000
       32.658783      1.00000      0.00000
       32.809529      1.00000      0.00000
       32.960971      1.00000      0.00000
       33.113112      1.00000      0.00000
       33.265955      1.00000      0.00000
       33.419504      1.00000      0.00000
       33.573761      1.00000      0.00000
       33.728731      1.00000      0.00000
       33.884416      1.00000      0.00000
       34.040819      1.00000      0.00000
       34.197944      1.00000      0.00000
       34.355795      1.00000      0.00000
       34.514374      1.00000      0.00000
       34.673685      1.00000      0.00000
       34.833732      1.00000      0.00000
       34.994517      1.00000      0.00000
       35.156044      1.00000      0.00000
       35.318317      1.00000      0.00000
       35.481339      1.00000      0.00000
       35.645113      1.00000      0.00000
       35.809644      1.00000      0.00000
       35.974934      1.00000      0.00000
       36.140986      1.00000      0.00000
       36.307805      1.00000      0.00000
       36.475395      1.00000      0.00000
       36.643757      1.00000      0.00000
       36.812897      1.00000      0.00000
       36.982818      1.00000      0.00000
       37.153523      1.00000      0.00000
       37.325016      1.00000      0.00000
       37.497300      1.00000      0.00000
       37.670380      1.00000      0.00000
       37.844258      1.00000      0.00000
       38.018940      1.00000      0.00000
       38.194427      1.00000      0.00000
       38.370725      1.00000      0.00000
       38.547836      1.00000      0.00000
       38.725764      1.00000      0.00000
       38.904514      1.00000      0.00000
       39.084090      1.00000      0.00000
       39.264494      1.00000      0.00000
       39.445730      1.00000      0.00000
       39.627803      1.00000      0.00000
       39.810717      1.00000      0.00000
       39.994475      1.00000      0.00000
       40.179081      1.00000      0.00000
       40.364539      1.00000      0.00000
       40.550854      1.00000      0.00000
       40.738028      1.00000      0.00000
       40.926066      1.00000      0.00000
       41.114972      1.00000      0.00000
       41.304750      1.00000      0.00000
       41.495404      1.00000      0.00000
       41.686938      1.00000      0.00000
       41.879357      1.00000      0.00000
       42.072663      1.00000      0.00000
       42.266861      1.00000      0.00000
       42.461956      1.00000      0.00000
       42.657952      1.00000      0.00000
       42.854852      1.00000      0.00000
       43.052661      1.00000      0.00000
       43.251383      1.00000      0.00000
       43.451022      1.00000      0.00000
       43.651583      1.00000      0.00000
       43.853070      1.00000      0.00000
       44.055486      1.00000      0.00000
       44.258837      1.00000      0.00000
       44.463127      1.00000      0.00000
       44.668359      1.00000      0.00000
       44.874539      1.00000      0.00000
       45.081670      1.00000      0.00000
       45.289758      1.00000      0.00000
       45.498806      1.00000      0.00000
       45.708819      1.00000      0.00000
       45.919801      1.00000      0.00000
       46.131757      1.00000      0.00000
       46.344692      1.00000      0.00000
       46.558609      1.00000      0.00000
       46.773514      1.00000      0.00000
       46.989411      1.00000      0.00000
       47.206304      1.00000      0.00000
       47.424199      1.00000      0.00000
       47.643099      1.00000      0.00000
       47.863009      1.00000      0.00000
       48.083935      1.00000      0.00000
       48.305880      1.00000      0.00000
       48.528850      1.00000      0.00000
       48.752849      1.00000      0.00000
       48.977882      1.00000      0.00000
       49.203954      1.00000      0.00000
       49.431069      1.00000      0.00000
       49.659232      1.00000      0.00000
       49.888449      1.00000      0.00000
       50.118723      1.00000      0.00000
       50.350061      1.00000      0.00000
       50.582466      1.00000      0.00000
       50.815944      1.00000      0.00000
       51.050500      1.00000      0.00000
       51.286138      1.00000      0.00000
       51.522864      1.00000      0.00000
       51.760683      1.00000      0.00000
       51.999600      1.00000      0.00000
       52.239619      1.00000      0.00000
       52.480746      1.00000      0.00000
       52.722986      1.00000      0.00000
       52.966344      1.00000      0.00000
       53.210826      1.00000      0.00000
       53.456436      1.00000      0.00000
       53.703180      1.00000      0.00000
       53.951062      1.00000      0.00000
       54.200089      1.00000      0.00000
       54.450265      1.00000      0.00000
       54.701596      1.00000      0.00000
       54.954087      1.00000      0.00000
       55.207744      1.00000      0.00000
       55.462571      1.00000      0.00000
       55.718575      1.00000      0.00000
       55.975760      1.00000      0.00000
       56.234133      1.00000      0.00000
       56.493697      1.00000      0.00000
       56.754461      1.00000      0.00000
       57.016427      1.00000      0.00000
       57.279603      1.00000      0.00000
       57.543994      1.00000      0.00000
       57.809605      1.00000      0.00000
       58.076442      1.00000      0.00000
       58.344510      1.00000      0.00000
       58.613816      1.00000      0.00000
       58.884366      1.00000      0.00000
       59.156163      1.00000      0.00000
       59.429216      1.00000      0.00000
       59.703529      1.00000      0.00000
       59.979108      1.00000      0.00000
       60.255959      1.00000      0.00000
       60.534087      1.00000      0.00000
       60.813500      1.00000      0.00000
       61.094202      1.00000      0.00000
       61.376201      1.00000      0.00000
       61.659500      1.00000      0.00000
       61.944108      1.00000      0.00000
       62.230029      1.00000      0.00000
       62.517269      1.00000      0.00000
       62.805836      1.00000      0.00000
       63.095734      1.00000      0.00000
       63.386971      1.00000      0.00000
       63.679552      1.00000      0.00000
       63.973484      1.00000      0.00000
       64.268772      1.00000      0.00000
       64.565423      1.00000      0.00000
       64.863443      1.00000      0.00000
       65.162839      1.00000      0.00000
       65.463617      1.00000      0.00000
       65.765784      1.00000      0.00000
       66.069345      1.00000      0.00000
       66.374307      1.00000      0.00000
       66.680677      1.00000      0.00000
       66.988461      1.00000      0.00000
       67.297666      1.00000      0.00000
       67.608298      1.00000      0.00000
       67.920363      1.00000      0.00000
       68.233869      1.00000      0.00000
       68.548823      1.00000      0.00000
       68.865230      1.00000      0.00000
       69.183097      1.00000      0.00000
       69.502432      1.00000      0.00000
       69.823240      1.00000      0.00000
       70.145530      1.00000      0.00000
       70.469307      1.00000      0.00000
       70.794578      1.00000      0.00000
       71.121351      1.00000      0.00000
       71.449633      1.00000      0.00000
       71.779429      1.00000      0.00000
       72.110748      1.00000      0.00000
       72.443596      1.00000      0.00000
       72.777980      1.00000      0.00000
       73.113908      1.00000      0.00000
       73.451387      1.00000      0.00000
       73.790423      1.00000      0.00000
       74.131024      1.00000      0.00000
       74.473197      1.00000      0.00000
       74.816950      1.00000      0.00000
       75.162289      1.00000      0.00000
       75.509223      1.00000      0.00000
       75.857758      1.00000      0.00000
       76.207901      1.00000      0.00000
       76.559661      1.00000      0.00000
       76.913044      1.00000      0.00000
       77.268059      1.00000      0.00000
       77.624712      1.00000      0.00000
       77.983011      1.00000      0.00000
       78.342964      1.00000      0.00000
       78.704579      1.00000      0.00000
       79.067863      1.00000      0.00000
       79.432823      1.00000      0.00000
       79.799469      1.00000      0.00000
       80.167806      1.00000      0.00000
       80.537844      1.00000      0.00000
       80.909590      1.00000      0.00000
       81.283052      1.00000      0.00000
       81.658237      1.00000      0.00000
       82.035154      1.00000      0.00000
       82.413812      1.00000      0.00000
       82.794216      1.00000      0.00000
       83.176377      1.00000      0.00000
       83.560302      1.00000      0.00000
       83.945999      1.00000      0.00000
       84.333476      1.00000      0.00000
       84.722741      1.00000      0.00000
       85.113804      1.00000      0.00000
       85.506671      1.00000      0.00000
       85.901352      1.00000      0.00000
       86.297855      1.00000      0.00000
       86.696188      1.00000      0.00000
       87.096359      1.00000      0.00000
       87.498378      1.00000      0.00000
       87.902252      1.00000      0.00000
       88.307990      1.00000      0.00000
       88.715601      1.00000      0.00000
       89.125094      1.00000      0.00000
       89.536477      1.00000      0.00000
       89.949758      1.00000      0.00000
       90.364947      1.00000      0.00000
       90.782053      1.00000      0.00000
       91.201084      1.00000      0.00000
       91.622049      1.00000      0.00000
       92.044957      1.00000      0.00000
       92.469817      1.00000      0.00000
       92.896639      1.00000      0.00000
       93.325430      1.00000      0.00000
       93.756201      1.00000      0.00000
       94.188960      1.00000      0.00000
       94.623716      1.00000      0.00000
       95.060479      1.00000      0.00000
       95.499259      1.00000      0.00000
       95.940063      1.00000      0.00000
       96.382902      1.00000      0.00000
       96.827786      1.00000      0.00000
       97.274722      1.00000      0.00000
       97.723722      1.00000      0.00000
       98.174794      1.00000      0.00000
       98.627949      1.00000      0.00000
       99.083194      1.00000      0.00000
       99.540542      1.00000      0.00000
       100.00000      1.00000      0.00000
       100.46158      1.00000      0.00000
       100.92529      1.00000      0.00000
       101.39114      1.00000      0.00000
       101.85914      1.00000      0.00000
       102.32930      1.00000      0.00000
       102.80163      1.00000      0.00000
       103.27614      1.00000      0.00000
       103.75284      1.00000      0.00000
       104.23174      1.00000      0.00000
       104.71285      1.00000      0.00000
       105.19619      1.00000      0.00000
       105.68175      1.00000      0.00000
       106.16956      1.00000      0.00000
       106.65961      1.00000      0.00000
       107.15193      1.00000      0.00000
       107.64652      1.00000      0.00000
       108.14340      1.00000      0.00000
       108.64256      1.00000      0.00000
       109.14403      1.00000      0.00000
       109.64782      1.00000      0.00000
       110.15393      1.00000      0.00000
       110.66238      1.00000      0.00000
       111.17317      1.00000      0.00000
       111.68632      1.00000      0.00000
       112.20185      1.00000      0.00000
       112.71975      1.00000      0.00000
       113.24004      1.00000      0.00000
       113.76273      1.00000      0.00000
       114.28783      1.00000      0.00000
       114.81536      1.00000      0.00000
       115.34533      1.00000      0.00000
       115.87774      1.00000      0.00000
       116.41260      1.00000      0.00000
       116.94994      1.00000      0.00000
       117.48976      1.00000      0.00000
       118.03206      1.00000      0.00000
       118.57687      1.00000      0.00000
       119.12420      1.00000      0.00000
       119.67405      1.00000      0.00000
       120.22644      1.00000      0.00000
       120.78138      1.00000      0.00000
       121.33889      1.00000      0.00000
       121.89896      1.00000      0.00000
       122.46162      1.00000      0.00000
       123.02688      1.00000      0.00000
       123.59474      1.00000      0.00000
       124.16523      1.00000      0.00000
       124.73835      1.00000      0.00000
       125.31412      1.00000      0.00000
       125.89254      1.00000      0.00000
       126.47363      1.00000      0.00000
       127.05741      1.00000      0.00000
       127.64388      1.00000      0.00000
       128.23306      1.00000      0.00000
       128.82496      1.00000      0.00000
       129.41958      1.00000      0.00000
       130.01696      1.00000      0.00000
       130.61709      1.00000      0.00000
       131.21999      1.00000      0.00000
       131.82567      1.00000      0.00000
       132.43415      1.00000      0.00000
       133.04544      1.00000      0.00000
       133.65955      1.00000      0.00000
       134.27650      1.00000      0.00000
       134.89629      1.00000      0.00000
       135.51894      1.00000      0.00000
       136.14447      1.00000      0.00000
       136.77288      1.00000      0.00000
       137.40420      1.00000      0.00000
       138.03843      1.00000      0.00000
       138.67558      1.00000      0.00000
       139.31568      1.00000      0.00000
       139.95873      1.00000      0.00000
       140.60475      1.00000      0.00000
       141.25375      1.00000      0.00000
       141.90575      1.00000      0.00000
       142.56076      1.00000      0.00000
       143.21879      1.00000      0.00000
       143.87986      1.00000      0.00000
       144.54398      1.00000      0.00000
       145.21116      1.00000      0.00000
       145.88143      1.00000      0.00000
       146.55478      1.00000      0.00000
       147.23125      1.00000      0.00000
       147.91084      1.00000      0.00000
       148.59356      1.00000      0.00000
       149.27944      1.00000      0.00000
       149.96848      1.00000      0.00000
       150.66071      1.00000      0.00000
       151.35612      1.00000      0.00000
       152.05475      1.00000      0.00000
       152.75661      1.00000      0.00000
       153.46170      1.00000      0.00000
       154.17005      1.00000      0.00000
       154.88166      1.00000      0.00000
       155.59656      1.00000      0.00000
       156.31476      1.00000      0.00000
       157.03628      1.00000      0.00000
       157.76113      1.00000      0.00000
       158.48932      1.00000      0.00000
       159.22087      1.00000      0.00000
       159.95580      1.00000      0.00000
       160.69413      1.00000      0.00000
       161.43586      1.00000      0.00000
       162.18101      1.00000      0.00000
       162.92960      1.00000      0.00000
       163.68165      1.00000      0.00000
       164.43717      1.00000      0.00000
       165.19618      1.00000      0.00000
       165.95869      1.00000      0.00000
       166.72472      1.00000      0.00000
       167.49429      1.00000      0.00000
       168.26741      1.00000      0.00000
       169.04409      1.00000      0.00000
       169.82437      1.00000      0.00000
       170.60824      1.00000      0.00000
       171.39573      1.00000      0.00000
       172.18686      1.00000      0.00000
       172.98164      1.00000      0.00000
       173.78008      1.00000      0.00000
       174.58222      1.00000      0.00000
       175.38805      1.00000      0.00000
       176.19760      1.00000      0.00000
       177.01090      1.00000      0.00000
       177.82794      1.00000      0.00000
       178.64876      1.00000      0.00000
       179.47336      1.00000      0.00000
       180.30177      1.00000      0.00000
       181.13401      1.00000      0.00000
       181.97009      1.00000      0.00000
       182.81002      1.00000      0.00000
       183.65383      1.00000      0.00000
       184.50154      1.00000      0.00000
       185.35316      1.00000      0.00000
       186.20871      1.00000      0.00000
       187.06821      1.00000      0.00000
       187.93168      1.00000      0.00000
       188.79913      1.00000      0.00000
       189.67059      1.00000      0.00000
       190.54607      1.00000      0.00000
       191.42559      1.00000      0.00000
       192.30917      1.00000      0.00000
       193.19683      1.00000      0.00000
       194.08859      1.00000      0.00000
       194.98446      1.00000      0.00000
       195.88447      1.00000      0.00000
       196.78863      1.00000      0.00000
       197.69696      1.00000      0.00000
       198.60949      1.00000      0.00000
       199.52623      1.00000      0.00000
       200.44720      1.00000      0.00000
       201.37242      1.00000      0.00000
       202.30192      1.00000      0.00000
       203.23570      1.00000      0.00000
       204.17379      1.00000      0.00000
       205.11622      1.00000      0.00000
       206.06299      1.00000      0.00000
       207.01413      1.00000      0.00000
       207.96967      1.00000      0.00000
       208.92961      1.00000      0.00000
       209.89399      1.00000      0.00000
       210.86281      1.00000      0.00000
       211.83611      1.00000      0.00000
       212.81390      1.00000      0.00000
       213.79621      1.00000      0.00000
       214.78305      1.00000      0.00000
       215.77444      1.00000      0.00000
       216.77041      1.00000      0.00000
       217.77098      1.00000      0.00000
       218.77616      1.00000      0.00000
       219.78599      1.00000      0.00000
       220.80047      1.00000      0.00000
       221.81964      1.00000      0.00000
       222.84351      1.00000      0.00000
       223.87211      1.00000      0.00000
       224.90546      1.00000      0.00000
       225.94358      1.00000      0.00000
       226.98649      1.00000      0.00000
       228.03421      1.00000      0.00000
       229.08677      1.00000      0.00000
       230.14418      1.00000      0.00000
       231.20648      1.00000      0.00000
       232.27368      1.00000      0.00000
       233.34581      1.00000      0.00000
       234.42288      1.00000      0.00000
       235.50493      1.00000      0.00000
       236.59197      1.00000      0.00000
       237.68403      1.00000      0.00000
       238.78113      1.00000      0.00000
       239.88329      1.00000      0.00000
       240.99054      1.00000      0.00000
       242.10290      1.00000      0.00000
       243.22040      1.00000      0.00000
       244.34306      1.00000      0.00000
       245.47089      1.00000      0.00000
       246.60393      1.00000      0.00000
       247.74221      1.00000      0.00000
       248.88573      1.00000      0.00000
       250.03454      1.00000      0.00000
       251.18864      1.00000      0.00000
       252.34808      1.00000      0.00000
       253.51286      1.00000      0.00000
       254.68303      1.00000      0.00000
       255.85859      1.00000      0.00000
       257.03958      1.00000      0.00000
       258.22602      1.00000      0.00000
       259.41794      1.00000      0.00000
       260.61535      1.00000      0.00000
       261.81830      1.00000      0.00000
       263.02680      1.00000      0.00000
       264.24088      1.00000      0.00000
       265.46056      1.00000      0.00000
       266.68587      1.00000      0.00000
       267.91683      1.00000      0.00000
       269.15348      1.00000      0.00000
       270.39584      1.00000      0.00000
       271.64393      1.00000      0.00000
       272.89778      1.00000      0.00000
       274.15742      1.00000      0.00000
       275.42287      1.00000      0.00000
       276.69416      1.00000      0.00000
       277.97133      1.00000      0.00000
       279.25438      1.00000      0.00000
       280.54336      1.00000      0.00000
       281.83829      1.00000      0.00000
       283.13920      1.00000      0.00000
       284.44611      1.00000      0.00000
       285.75905      1.00000      0.00000
       287.07806      1.00000      0.00000
       288.40315      1.00000      0.00000
       289.73436      1.00000      0.00000
       291.07171      1.00000      0.00000
       292.41524      1.00000      0.00000
       293.76497      1.00000      0.00000
       295.12092      1.00000      0.00000
       296.48314      1.00000      0.00000
       297.85164      1.00000      0.00000
       299.22646      1.00000      0.00000
       300.60763      1.00000      0.00000
       301.99517      1.00000      0.00000
       303.38912      1.00000      0.00000
       304.78950      1.00000      0.00000
       306.19634      1.00000      0.00000
       307.60968      1.00000      0.00000
       309.02954      1.00000      0.00000
       310.45596      1.00000      0.00000
       311.88896      1.00000      0.00000
       313.32857      1.00000      0.00000
       314.77483      1.00000      0.00000
       316.22777      1.00000      0.00000
       317.68741      1.00000      0.00000
       319.15379      1.00000      0.00000
       320.62693      1.00000      0.00000
       322.10688      1.00000      0.00000
       323.59366      1.00000      0.00000
       325.08730      1.00000      0.00000
       326.58783      1.00000      0.00000
       328.09529      1.00000      0.00000
       329.60971      1.00000      0.00000
       331.13112      1.00000      0.00000
       332.65955      1.00000      0.00000
       334.19504      1.00000      0.00000
       335.73761      1.00000      0.00000
       337.28731      1.00000      0.00000
       338.84416      1.00000      0.00000
       340.40819      1.00000      0.00000
       341.97944      1.00000      0.00000
       343.55795      1.00000      0.00000
       345.14374      1.00000      0.00000
       346.73685      1.00000      0.00000
       348.33732      1.00000      0.00000
       349.94517      1.00000      0.00000
       351.56044      1.00000      0.00000
       353.18317      1.00000      0.00000
       354.81339      1.00000      0.00000
       356.45113      1.00000      0.00000
       358.09644      1.00000      0.00000
       359.74934      1.00000      0.00000
       361.40986      1.00000      0.00000
       363.07805      1.00000      0.00000
       364.75395      1.00000      0.00000
       366.43757      1.00000      0.00000
       368.12897      1.00000      0.00000
       369.82818      1.00000      0.00000
       371.53523      1.00000      0.00000
       373.25016      1.00000      0.00000
       374.97300      1.00000      0.00000
       376.70380      1.00000      0.00000
       378.44258      1.00000      0.00000
       380.18940      1.00000      0.00000
       381.94427      1.00000      0.00000
       383.70725      1.00000      0.00000
       385.47836      1.00000      0.00000
       387.25764      1.00000      0.00000
       389.04514      1.00000      0.00000
       390.84090      1.00000      0.00000
       392.64494      1.00000      0.00000
       394.45730      1.00000      0.00000
       396.27803      1.00000      0.00000
       398.10717      1.00000      0.00000
       399.94475      1.00000      0.00000
       401.79081      1.00000      0.00000
       403.64539      1.00000      0.00000
       405.50854      1.00000      0.00000
       407.38028      1.00000      0.00000
       409.26066      1.00000      0.00000
       411.14972      1.00000      0.00000
       413.04750      1.00000      0.00000
       414.95404      1.00000      0.00000
       416.86938      1.00000      0.00000
       418.79357      1.00000      0.00000
       420.72663      1.00000      0.00000
       422.66861      1.00000      0.00000
       424.61956      1.00000      0.00000
       426.57952      1.00000      0.00000
       428.54852      1.00000      0.00000
       430.52661      1.00000      0.00000
       432.51383      1.00000      0.00000
       434.51022      1.00000      0.00000
       436.51583      1.00000      0.00000
       438.53070      1.00000      0.00000
       440.55486      1.00000      0.00000
       442.58837      1.00000      0.00000
       444.63127      1.00000      0.00000
       446.68359      1.00000      0.00000
       448.74539      1.00000      0.00000
       450.81670      1.00000      0.00000
       452.89758      1.00000      0.00000
       454.98806      1.00000      0.00000
       457.08819      1.00000      0.00000
       459.19801      1.00000      0.00000
       461.31757      1.00000      0.00000
       463.44692      1.00000      0.00000
       465.58609      1.00000      0.00000
       467.73514      1.00000      0.00000
       469.89411      1.00000      0.00000
       472.06304      1.00000      0.00000
       474.24199      1.00000      0.00000
       476.43099      1.00000      0.00000
       478.63009      1.00000      0.00000
       480.83935      1.00000      0.00000
       483.05880      1.00000      0.00000
       485.28850      1.00000      0.00000
       487.52849      1.00000      0.00000
       489.77882      1.00000      0.00000
       492.03954      1.00000      0.00000
       494.31069      1.00000      0.00000
       496.59232      1.00000      0.00000
       498.88449      1.00000      0.00000
       501.18723      1.00000      0.00000
       503.50061      1.00000      0.00000
       505.82466      1.00000      0.00000
       508.15944      1.00000      0.00000
       510.50500      1.00000      0.00000
       512.86138      1.00000      0.00000
       515.22864      1.00000      0.00000
       517.60683      1.00000      0.00000
       519.99600      1.00000      0.00000
       522.39619      1.00000      0.00000
       524.80746      1.00000      0.00000
       527.22986      1.00000      0.00000
       529.66344      1.00000      0.00000
       532.10826      1.00000      0.00000
       534.56436      1.00000      0.00000
       537.03180      1.00000      0.00000
       539.51062      1.00000      0.00000
       542.00089      1.00000      0.00000
       544.50265      1.00000      0.00000
       547.01596      1.00000      0.00000
       549.54087      1.00000      0.00000
       552.07744      1.00000      0.00000
       554.62571      1.00000      0.00000
       557.18575      1.00000      0.00000
       559.75760      1.00000      0.00000
       562.34133      1.00000      0.00000
       564.93697      1.00000      0.00000
       567.54461      1.00000      0.00000
       570.16427      1.00000      0.00000
       572.79603      1.00000      0.00000
       575.43994      1.00000      0.00000
       578.09605      1.00000      0.00000
       580.76442      1.00000      0.00000
       583.44510      1.00000      0.00000
       586.13816      1.00000      0.00000
       588.84366      1.00000      0.00000
       591.56163      1.00000      0.00000
       594.29216      1.00000      0.00000
       597.03529      1.00000      0.00000
       599.79108      1.00000      0.00000
       602.55959      1.00000      0.00000
       605.34087      1.00000      0.00000
       608.13500      1.00000      0.00000
       610.94202      1.00000      0.00000
       613.76201      1.00000      0.00000
       616.59500      1.00000      0.00000
       619.44108      1.00000      0.00000
       622.30029      1.00000      0.00000
       625.17269      1.00000      0.00000
       628.05836      1.00000      0.00000
       630.95734      1.00000      0.00000
       633.86971      1.00000      0.00000
       636.79552      1.00000      0.00000
       639.73484      1.00000      0.00000
       642.68772      1.00000      0.00000
       645.65423      1.00000      0.00000
       648.63443      1.00000      0.00000
       651.62839      1.00000      0.00000
       654.63617      1.00000      0.00000
       657.65784      1.00000      0.00000
       660.69345      1.00000      0.00000
       663.74307      1.00000      0.00000
       666.80677      1.00000      0.00000
       669.88461      1.00000      0.00000
       672.97666      1.00000      0.00000
       676.08298      1.00000      0.00000
       679.20363      1.00000      0.00000
       682.33869      1.00000      0.00000
       685.48823      1.00000      0.00000
       688.65230      1.00000      0.00000
       691.83097      1.00000      0.00000
       695.02432      1.00000      0.00000
       698.23240      1.00000      0.00000
       701.45530      1.00000      0.00000
       704.69307      1.00000      0.00000
       707.94578      1.00000      0.00000
       711.21351      1.00000      0.00000
       714.49633      1.00000      0.00000
       717.79429      1.00000      0.00000
       721.10748      1.00000      0.00000
       724.43596      1.00000      0.00000
       727.77980      1.00000      0.00000
       731.13908      1.00000      0.00000
       734.51387      1.00000      0.00000
       737.90423      1.00000      0.00000
       741.31024      1.00000      0.00000
       744.73197      1.00000      0.00000
       748.16950      1.00000      0.00000
       751.62289      1.00000      0.00000
       755.09223      1.00000      0.00000
       758.57758      1.00000      0.00000
       762.07901      1.00000      0.00000
       765.59661      1.00000      0.00000
       769.13044      1.00000      0.00000
       772.68059      1.00000      0.00000
       776.24712      1.00000      0.00000
       779.83011      1.00000      0.00000
       783.42964      1.00000      0.00000
       787.04579      1.00000      0.00000
       790.67863      1.00000      0.00000
       794.32823      1.00000      0.00000
       797.99469      1.00000      0.00000
       801.67806      1.00000      0.00000
       805.37844      1.00000      0.00000
       809.09590      1.00000      0.00000
       812.83052      1.00000      0.00000
       816.58237      1.00000      0.00000
       820.35154      1.00000      0.00000
       824.13812      1.00000      0.00000
       827.94216      1.00000      0.00000
       831.76377      1.00000      0.00000
       835.60302      1.00000      0.00000
       839.45999      1.00000      0.00000
       843.33476      1.00000      0.00000
       847.22741      1.00000      0.00000
       851.13804      1.00000      0.00000
       855.06671      1.00000      0.00000
       859.01352      1.00000      0.00000
       862.97855      1.00000      0.00000
       866.96188      1.00000      0.00000
       870.96359      1.00000      0.00000
       874.98378      1.00000      0.00000
       879.02252      1.00000      0.00000
       883.07990      1.00000      0.00000
       887.15601      1.00000      0.00000
       891.25094      1.00000      0.00000
       895.36477      1.00000      0.00000
       899.49758      1.00000      0.00000
       903.64947      1.00000      0.00000
       907.82053      1.00000      0.00000
       912.01084      1.00000      0.00000
       916.22049      1.00000      0.00000
       920.44957      1.00000      0.00000
       924.69817      1.00000      0.00000
       928.96639      1.00000      0.00000
       933.25430      1.00000      0.00000
       937.56201      1.00000      0.00000
       941.88960      1.00000      0.00000
       946.23716      1.00000      0.00000
       950.60479      1.00000      0.00000
       954.99259      1.00000      0.00000
       959.40063      1.00000      0.00000
       963.82902      1.00000      0.00000
       968.27786      1.00000      0.00000
       972.74722      1.00000      0.00000
       977.23722      1.00000      0.00000
       981.74794      1.00000      0.00000
       986.27949      1.00000      0.00000
       990.83194      1.00000      0.00000
       995.40542      1.00000      0.00000
       1000.0000      1.00000      0.00000
