#Refractive index of cubic ZnS[s]; Palik & Addamiano (1985) in Palik: "Handbook of Optical Constants of Solids"
#Data points: 252
#Wavelength (micron) n  k
1.600000e-02	9.740000e-01	2.550000e-02
1.700000e-02	9.740000e-01	2.810000e-02
1.800000e-02	9.730000e-01	3.060000e-02
1.900000e-02	9.690000e-01	3.320000e-02
2.000000e-02	9.640000e-01	3.320000e-02
2.100000e-02	9.640000e-01	3.570000e-02
2.200000e-02	9.620000e-01	3.830000e-02
2.300000e-02	9.620000e-01	3.830000e-02
2.400000e-02	9.620000e-01	4.340000e-02
2.500000e-02	9.570000e-01	4.340000e-02
2.600000e-02	9.570000e-01	4.340000e-02
2.700000e-02	9.540000e-01	4.340000e-02
2.800000e-02	9.490000e-01	4.590000e-02
2.900000e-02	9.440000e-01	4.850000e-02
3.000000e-02	9.410000e-01	5.100000e-02
3.200000e-02	9.290000e-01	5.610000e-02
3.400000e-02	9.110000e-01	6.120000e-02
3.600000e-02	8.900000e-01	6.890000e-02
3.800000e-02	8.670000e-01	7.910000e-02
4.000000e-02	8.470000e-01	9.950000e-02
4.200000e-02	8.190000e-01	1.100000e-01
4.400000e-02	8.090000e-01	1.250000e-01
4.600000e-02	8.010000e-01	1.450000e-01
4.800000e-02	7.980000e-01	1.580000e-01
5.000000e-02	7.960000e-01	1.710000e-01
5.200000e-02	7.930000e-01	1.890000e-01
5.400000e-02	7.930000e-01	2.040000e-01
5.600000e-02	7.880000e-01	2.220000e-01
5.800000e-02	7.880000e-01	2.420000e-01
6.000000e-02	7.830000e-01	2.600000e-01
6.200000e-02	7.760000e-01	2.860000e-01
6.400000e-02	7.650000e-01	3.140000e-01
6.600000e-02	7.580000e-01	3.470000e-01
7.000000e-02	7.470000e-01	4.310000e-01
7.200000e-02	7.470000e-01	4.640000e-01
7.400000e-02	7.420000e-01	5.000000e-01
7.600000e-02	7.370000e-01	5.430000e-01
7.800000e-02	7.370000e-01	5.840000e-01
8.000000e-02	7.420000e-01	6.200000e-01
8.200000e-02	7.580000e-01	6.790000e-01
8.400000e-02	7.910000e-01	7.350000e-01
8.600000e-02	7.980000e-01	7.730000e-01
8.800000e-02	7.830000e-01	8.010000e-01
9.000000e-02	7.580000e-01	8.240000e-01
9.200000e-02	7.650000e-01	8.420000e-01
9.400000e-02	7.930000e-01	8.570000e-01
9.600000e-02	8.270000e-01	8.620000e-01
9.800000e-02	8.520000e-01	8.670000e-01
1.000000e-01	8.620000e-01	8.760000e-01
1.050000e-01	8.340000e-01	9.030000e-01
1.100000e-01	8.190000e-01	1.020000e+00
1.150000e-01	8.550000e-01	1.140000e+00
1.200000e-01	9.290000e-01	1.270000e+00
1.250000e-01	1.020000e+00	1.360000e+00
1.300000e-01	1.130000e+00	1.420000e+00
1.350000e-01	1.230000e+00	1.440000e+00
1.400000e-01	1.330000e+00	1.440000e+00
1.450000e-01	1.380000e+00	1.450000e+00
1.500000e-01	1.410000e+00	1.470000e+00
1.550000e-01	1.480000e+00	1.530000e+00
1.600000e-01	1.550000e+00	1.580000e+00
1.650000e-01	1.650000e+00	1.640000e+00
1.700000e-01	1.760000e+00	1.700000e+00
1.750000e-01	1.880000e+00	1.720000e+00
1.800000e-01	2.010000e+00	1.720000e+00
1.850000e-01	2.110000e+00	1.680000e+00
1.900000e-01	2.190000e+00	1.640000e+00
1.950000e-01	2.260000e+00	1.620000e+00
2.000000e-01	2.320000e+00	1.620000e+00
2.066000e-01	2.240000e+00	1.650000e+00
2.156000e-01	2.800000e+00	1.720000e+00
2.254000e-01	3.180000e+00	1.300000e+00
2.362000e-01	3.060000e+00	8.500000e-01
2.480000e-01	2.970000e+00	6.800000e-01
2.610000e-01	2.900000e+00	5.400000e-01
2.755000e-01	2.810000e+00	4.600000e-01
2.917000e-01	2.740000e+00	4.200000e-01
3.100000e-01	2.700000e+00	4.400000e-01
3.306000e-01	2.840000e+00	3.000000e-01
3.542000e-01	2.790000e+00	1.000000e-01
3.815000e-01	2.640000e+00	6.000000e-02
4.133000e-01	2.540000e+00	4.000000e-02
4.509000e-01	2.468700e+00	7.447283e-06
4.592000e-01	2.459300e+00	6.813445e-06
4.679000e-01	2.450200e+00	6.225252e-06
4.769000e-01	2.441400e+00	5.703154e-06
4.862000e-01	2.433000e+00	5.257269e-06
4.959000e-01	2.424800e+00	4.893119e-06
5.061000e-01	2.417000e+00	4.606974e-06
5.166000e-01	2.409400e+00	4.357946e-06
5.276000e-01	2.402100e+00	4.141656e-06
5.391000e-01	2.395000e+00	3.966278e-06
5.510000e-01	2.388200e+00	3.841648e-06
5.636000e-01	2.381600e+00	3.740463e-06
5.767000e-01	2.375300e+00	3.652547e-06
5.904000e-01	2.369200e+00	3.593550e-06
6.048000e-01	2.363300e+00	3.580634e-06
6.199000e-01	2.357600e+00	3.589373e-06
6.358000e-01	2.352000e+00	3.605152e-06
6.526000e-01	2.346700e+00	3.622710e-06
6.702000e-01	2.341600e+00	3.648289e-06
6.888000e-01	2.336700e+00	3.674158e-06
7.085000e-01	2.331900e+00	3.678418e-06
7.293000e-01	2.327400e+00	3.663738e-06
7.514000e-01	2.322900e+00	3.638125e-06
7.749000e-01	2.318700e+00	3.578312e-06
7.999000e-01	2.314600e+00	3.500000e-06
8.266000e-01	2.310700e+00	3.437295e-06
8.551000e-01	2.306900e+00	3.364744e-06
8.856000e-01	2.303300e+00	3.255000e-06
9.184000e-01	2.299800e+00	3.199933e-06
9.537000e-01	2.296500e+00	3.163890e-06
9.919000e-01	2.293300e+00	3.051162e-06
1.033000e+00	2.290300e+00	3.051173e-06
1.078000e+00	2.287400e+00	3.051212e-06
1.127000e+00	2.284600e+00	3.051288e-06
1.181000e+00	2.282000e+00	3.051415e-06
1.240000e+00	2.279500e+00	3.051610e-06
1.305000e+00	2.277100e+00	3.051898e-06
1.378000e+00	2.274800e+00	3.052318e-06
1.459000e+00	2.272700e+00	3.052914e-06
1.550000e+00	2.270600e+00	3.053761e-06
1.653000e+00	2.268700e+00	3.054964e-06
1.771000e+00	2.266900e+00	3.056689e-06
1.907000e+00	2.265100e+00	3.059179e-06
2.066000e+00	2.263400e+00	3.062839e-06
2.254000e+00	2.261800e+00	3.068316e-06
2.480000e+00	2.260300e+00	3.076733e-06
2.755000e+00	2.258700e+00	3.090002e-06
3.100000e+00	2.257000e+00	3.111970e-06
3.542000e+00	2.255200e+00	3.150042e-06
4.133000e+00	2.252900e+00	3.221270e-06
4.959000e+00	2.249700e+00	3.367273e-06
6.199000e+00	2.244300e+00	3.711575e-06
6.888000e+00	2.240900e+00	3.980410e-06
7.749000e+00	2.236200e+00	4.407024e-06
8.856000e+00	2.229000e+00	5.123477e-06
1.000000e+01	2.220376e+00	6.090000e-06
1.026000e+01	2.218202e+00	1.140000e-05
1.053000e+01	2.215841e+00	1.820000e-05
1.081000e+01	2.213291e+00	3.260000e-05
1.111000e+01	2.210444e+00	3.780000e-05
1.143000e+01	2.207280e+00	3.670000e-05
1.176000e+01	2.203881e+00	3.490000e-05
1.212000e+01	2.200016e+00	5.190000e-05
1.250000e+01	2.195759e+00	1.090000e-04
1.275000e+01	2.192811e+00	1.880000e-04
1.300000e+01	2.189729e+00	1.860000e-04
1.325000e+01	2.186518e+00	1.790000e-04
1.350000e+01	2.183182e+00	2.040000e-04
1.375000e+01	2.179723e+00	2.300000e-04
1.400000e+01	2.176149e+00	2.560000e-04
1.425000e+01	2.172460e+00	3.630000e-04
1.450000e+01	2.168641e+00	6.350000e-04
1.460000e+01	2.167074e+00	8.130000e-04
1.480000e+01	2.163868e+00	1.530000e-03
1.500000e+01	2.160560e+00	2.270000e-03
1.520000e+01	2.157144e+00	1.110000e-03
1.540000e+01	2.153612e+00	2.210000e-03
1.550000e+01	2.151800e+00	3.820000e-03
1.560000e+01	2.149947e+00	5.210000e-03
1.580000e+01	2.146096e+00	7.040000e-03
1.600000e+01	2.142072e+00	5.790000e-03
1.620000e+01	2.137897e+00	5.870000e-03
1.640000e+01	2.133597e+00	7.050000e-03
1.650000e+01	2.131407e+00	7.480000e-03
1.660000e+01	2.129195e+00	7.860000e-03
1.680000e+01	2.124715e+00	8.560000e-03
1.700000e+01	2.120180e+00	8.790000e-03
1.725000e+01	2.114472e+00	8.510000e-03
1.750000e+01	2.108762e+00	7.240000e-03
1.775000e+01	2.103104e+00	5.930000e-03
1.800000e+01	2.097741e+00	4.660000e-03
1.825000e+01	2.092660e+00	3.270000e-03
1.850000e+01	2.087683e+00	2.440000e-03
1.875000e+01	2.082631e+00	2.400000e-03
1.900000e+01	2.077326e+00	3.020000e-03
1.925000e+01	2.071588e+00	4.010000e-03
1.950000e+01	2.065241e+00	5.040000e-03
1.975000e+01	2.058104e+00	6.000000e-03
2.000000e+01	2.050000e+00	7.560000e-03
2.025000e+01	2.039507e+00	9.350000e-03
2.050000e+01	2.019828e+00	1.070000e-02
2.075000e+01	2.007310e+00	1.090000e-02
2.100000e+01	2.003025e+00	1.010000e-02
2.125000e+01	1.982105e+00	9.130000e-03
2.150000e+01	1.966042e+00	8.160000e-03
2.175000e+01	1.949264e+00	7.650000e-03
2.200000e+01	1.928730e+00	8.050000e-03
2.225000e+01	1.907581e+00	9.150000e-03
2.250000e+01	1.887799e+00	9.310000e-03
2.275000e+01	1.868477e+00	9.560000e-03
2.300000e+01	1.850819e+00	9.980000e-03
2.325000e+01	1.830939e+00	1.110000e-02
2.326000e+01	1.830000e+00	1.820000e-02
2.381000e+01	1.760000e+00	2.200000e-02
2.439000e+01	1.690000e+00	2.600000e-02
2.500000e+01	1.600000e+00	3.300000e-02
2.564000e+01	1.490000e+00	4.200000e-02
2.632000e+01	1.350000e+00	5.700000e-02
2.703000e+01	1.140000e+00	8.400000e-02
2.778000e+01	8.300000e-01	1.500000e-01
2.857000e+01	3.100000e-01	5.200000e-01
2.941000e+01	1.900000e-01	1.100000e+00
3.030000e+01	1.900000e-01	1.700000e+00
3.125000e+01	2.300000e-01	2.300000e+00
3.226000e+01	3.100000e-01	3.100000e+00
3.333000e+01	5.300000e-01	4.200000e+00
3.356000e+01	6.200000e-01	4.600000e+00
3.378000e+01	7.400000e-01	4.900000e+00
3.401000e+01	9.000000e-01	5.400000e+00
3.425000e+01	1.150000e+00	5.900000e+00
3.448000e+01	1.520000e+00	6.600000e+00
3.472000e+01	2.150000e+00	7.400000e+00
3.497000e+01	3.290000e+00	8.300000e+00
3.521000e+01	5.420000e+00	9.000000e+00
3.546000e+01	8.320000e+00	8.000000e+00
3.571000e+01	9.540000e+00	5.200000e+00
3.597000e+01	9.020000e+00	3.100000e+00
3.623000e+01	8.200000e+00	2.000000e+00
3.650000e+01	7.480000e+00	1.300000e+00
3.676000e+01	6.910000e+00	9.900000e-01
3.704000e+01	6.460000e+00	7.600000e-01
3.731000e+01	6.100000e+00	6.000000e-01
3.759000e+01	5.800000e+00	4.900000e-01
3.788000e+01	5.550000e+00	4.100000e-01
3.817000e+01	5.340000e+00	3.500000e-01
3.846000e+01	5.150000e+00	3.000000e-01
4.000000e+01	4.520000e+00	1.600000e-01
4.167000e+01	4.150000e+00	1.000000e-01
4.348000e+01	3.900000e+00	7.100000e-02
4.545000e+01	3.720000e+00	5.200000e-02
4.762000e+01	3.580000e+00	4.000000e-02
5.000000e+01	3.480000e+00	3.100000e-02
5.263000e+01	3.390000e+00	2.500000e-02
5.556000e+01	3.330000e+00	2.100000e-02
5.882000e+01	3.270000e+00	1.700000e-02
6.250000e+01	3.220000e+00	1.500000e-02
6.667000e+01	3.180000e+00	1.200000e-02
7.143000e+01	3.150000e+00	1.000000e-02
7.692000e+01	3.120000e+00	9.100000e-03
8.333000e+01	3.100000e+00	7.800000e-03
9.091000e+01	3.070000e+00	6.700000e-03
1.000000e+02	3.060000e+00	5.800000e-03
1.429000e+02	2.940000e+00	1.000000e-02
1.530000e+02	2.932000e+00	8.600000e-03
1.667000e+02	2.924000e+00	7.400000e-03
1.818000e+02	2.918000e+00	5.400000e-03
2.000000e+02	2.913000e+00	5.100000e-03
2.222000e+02	2.908000e+00	5.600000e-03
2.500000e+02	2.903000e+00	6.200000e-03
2.857000e+02	2.899000e+00	7.000000e-03
