Ag(cr)            Silver Cubic Crystal. CODATA,1989, p228.
 1 CODA89 AG  1.00    0.00    0.00    0.00    0.00 1    107.86820          0.000
    200.000  1235.080 7 -2.0 -1.0  0.0  1.0  2.0  3.0  4.0  0.0         5745.000
 -7.09923647d+04  7.25478802d+02  1.06651838d-01  5.52954155d-03 -4.42559085d-06
  2.09166812d-09 -3.88892446d-13  0.00000000d+00 -4.61401426d+03  5.07421604d+00
Ag(l)             Silver Liquid. CODATA,1989, p228.
 1 CODA89 AG  1.00    0.00    0.00    0.00    0.00 2    107.86820          0.000
   1235.080  6000.000 1  0.0  0.0  0.0  0.0  0.0  0.0  0.0  0.0         5745.000
  4.01707377d+00  0.00000000d+00  0.00000000d+00  0.00000000d+00  0.00000000d+00
  0.00000000d+00  0.00000000d+00  0.00000000d+00 -4.67226997d+02 -1.77152707d+01
Al(cr)            Aluminum Cubic Crystal. CODATA 1989, p217.
 1 CODA89 AL  1.00    0.00    0.00    0.00    0.00 1     26.98154          0.000
    200.000   933.610 7 -2.0 -1.0  0.0  1.0  2.0  3.0  4.0  0.0         4540.000
 -6.25181143d+04  6.34393435d+02 -7.13188382d-01  1.08872528d-02 -1.45874182d-05
  9.96116088d-09 -1.77492801d-12  0.00000000d+00 -3.98543932d+03  6.56110020d+00
Al(l)             Aluminum Liquid. CODATA 1989, p217.
 1 CODA89 AL  1.00    0.00    0.00    0.00    0.00 2     26.98154          0.000
    933.610  2600.000 1  0.0  0.0  0.0  0.0  0.0  0.0  0.0  0.0         4540.000
  3.81862551d+00  0.00000000d+00  0.00000000d+00  0.00000000d+00  0.00000000d+00
  0.00000000d+00  0.00000000d+00  0.00000000d+00 -9.57632316d+01 -1.75255342d+01
Ar                Argon. NSRDS-NBS 35, vl, 1971. Temperature cutoff.
 3 L 6/88 AR  1.00    0.00    0.00    0.00    0.00 0     39.94800          0.000
    200.000  1000.000 1  0.0  0.0  0.0  0.0  0.0  0.0  0.0  0.0         6197.428
  2.50000000d+00  0.00000000d+00  0.00000000d+00  0.00000000d+00  0.00000000d+00
  0.00000000d+00  0.00000000d+00  0.00000000d+00 -7.45375000d+02  4.37967491d+00
   1000.000  6000.000 1  0.0  0.0  0.0  0.0  0.0  0.0  0.0  0.0         6197.428
  2.50000000d+00  0.00000000d+00  0.00000000d+00  0.00000000d+00  0.00000000d+00
  0.00000000d+00  0.00000000d+00  0.00000000d+00 -7.45375000d+02  4.37967491d+00
   6000.000 20000.000 7 -2.0 -1.0  0.0  1.0  2.0  3.0  4.0  0.0         6197.428
 -1.06649969d+09  6.89368419d+05 -1.78093344d+02  2.44823754d-02 -1.80435466d-06
  6.80204522d-11 -1.00794996d-15  0.00000000d+00 -5.42334627d+06  1.55654961d+03
B(b)              Boron beta. JANAF Jun.1983, p174.       100.000
 2 J6/83  B   1.00    0.00    0.00    0.00    0.00 1     10.81100          0.000
    200.000   600.000 7 -2.0 -1.0  0.0  1.0  2.0  3.0  4.0  0.0         1214.000
  2.59827121d+05 -4.77079481d+03  3.46414062d+01 -1.28734841d-01  2.89787722d-04
 -3.30728004d-07  1.50015720d-10  0.00000000d+00  2.14695669d+04 -1.83083320d+02
    600.000  2350.000 7 -2.0 -1.0  0.0  1.0  2.0  3.0  4.0  0.0         1214.000
 -8.60743549d+02 -8.05085486d+02  4.07980166d+00 -6.42428118d-04  4.84651179d-07
 -1.25292027d-10  1.33608271d-14  0.00000000d+00  3.39818191d+03 -2.50596499d+01
B(l)              Boron liquid. JANAF Jun.1983, p174.     2350.000
 1 J6/83  B   1.00    0.00    0.00    0.00    0.00 2     10.81100          0.000
   2350.000  6000.000 1  0.0  0.0  0.0  0.0  0.0  0.0  0.0  0.0         1214.000
  3.81862551d+00  0.00000000d+00  0.00000000d+00  0.00000000d+00  0.00000000d+00
  0.00000000d+00  0.00000000d+00  0.00000000d+00  3.36060307d+03 -2.07316730d+01
Ba(cr)            Barium Crystal. Alcock, JPCRD 1992.
 2 SRD 92 BA  1.00    0.00    0.00    0.00    0.00 1    137.32700          0.000
     80.000   298.150 5 -2.0  0.0  1.0  2.0  3.0  0.0  0.0  0.0         6906.992
 -1.12141305d+03  2.79403116d+00  3.08977919d-03 -8.81230524d-06  1.74153378d-08
  0.00000000d+00  0.00000000d+00  0.00000000d+00 -9.30683800d+02 -9.10978714d+00
    298.150  1000.000 2  0.0  1.0  0.0  0.0  0.0  0.0  0.0  0.0         6906.992
  2.77334443d+00  2.03752236d-03  0.00000000d+00  0.00000000d+00  0.00000000d+00
  0.00000000d+00  0.00000000d+00  0.00000000d+00 -9.17433810d+02 -8.90970626d+00
Ba(l)             Barium  Liquid. Alcock, JPCRD 1992.
 1 SRD 92 BA  1.00    0.00    0.00    0.00    0.00 2    137.32700          0.000
   1000.000  6000.000 1  0.0  0.0  0.0  0.0  0.0  0.0  0.0  0.0         6906.992
  4.81086679d+00  0.00000000d+00  0.00000000d+00  0.00000000d+00  0.00000000d+00
  0.00000000d+00  0.00000000d+00  0.00000000d+00 -9.92062381d+02 -2.00027571d+01
Be(a)             Beryllium Alpha Crystal. Alcock, JPCRD 1992.
 2 SRD 92 BE  1.00    0.00    0.00    0.00    0.00 1      9.01218          0.000
    100.000   298.150 4 -2.0  0.0  1.0  2.0  0.0  0.0  0.0  0.0         1942.068
  3.53237894d+03 -1.82752802d+00  1.89548151d-02 -2.12159225d-05  0.00000000d+00
  0.00000000d+00  0.00000000d+00  0.00000000d+00 -9.83214686d+01  6.86689411d+00
    298.150  1543.000 4 -2.0  0.0  1.0  2.0  0.0  0.0  0.0  0.0         1942.068
 -7.06475788d+04  2.55036075d+00  6.84826887d-04  1.15701346d-07  0.00000000d+00
  0.00000000d+00  0.00000000d+00  0.00000000d+00 -1.02880367d+03 -1.39947151d+01
Be(b)             Beryllium Beta Crystal. Alcock, JPCRD 1992.
 1 SRD 92 BE  1.00    0.00    0.00    0.00    0.00 2      9.01218          0.000
   1543.000  1563.000 1  0.0  0.0  0.0  0.0  0.0  0.0  0.0  0.0         1942.068
  3.60815009d+00  0.00000000d+00  0.00000000d+00  0.00000000d+00  0.00000000d+00
  0.00000000d+00  0.00000000d+00  0.00000000d+00 -8.52449779d+02 -2.00289577d+01
Be(l)             Beryllium  Liquid. Modified Alcock, JPCRD 1992.
 1 SRD 92 BE  1.00    0.00    0.00    0.00    0.00 3      9.01218          0.000
   1563.000  6000.000 1  0.0  0.0  0.0  0.0  0.0  0.0  0.0  0.0         1942.068
  3.54560882d+00  0.00000000d+00  0.00000000d+00  0.00000000d+00  0.00000000d+00
  0.00000000d+00  0.00000000d+00  0.00000000d+00  2.07475580d+02 -1.89534126d+01
Bi(cr)  SOLID   REFERENCE ELEMENT  REF=Barin 95  HF298=CODATA 89                                      
 1 T04/09 BI  1.00    0.00    0.00    0.00    0.00 1  208.9803800          0.000
    298.150   544.520 5 -2.0 -1.0  0.0  1.0  2.0  0.0  0.0  0.0         6430.000
-7.076225990D+05 6.885787560D+03-2.122486076D+01 3.549257640D-02-1.603065478D-05
 0.000000000D+00 0.000000000D+00 0.000000000D+00-3.671353130D+04 1.369953694D+02
Bi(L)  LIQUID  REFERENCE ELEMENT REF=Barin 95                          
 2 T04/09 BI  1.00    0.00    0.00    0.00    0.00 2  208.9803800          0.000 
    544.520  1000.000 6 -2.0 -1.0  0.0  1.0  2.0  3.0  0.0  0.0         6430.000
-4.171336960D+08 2.608370412D+06-6.445055390D+03 7.899231050D+00-4.797679620D-03
 1.155663332D-06 0.000000000D+00 0.000000000D+00-1.462654490D+07 4.104658500D+04
   1000.000  1900.000 7 -2.0 -1.0  0.0  1.0  2.0  3.0  4.0  0.0         6430.000
-2.136075401D+10 9.217860130D+07-1.641264819D+05 1.543756987D+02-8.090849060D-02
 2.240723570D-05-2.562412976D-09 0.000000000D+00-5.492863480D+08 1.094505396D+06
Br2(g)            Br2(g) taken as Reference Rlement JANAF June 1982 p.460
 2 J 6/82 BR  2.00    0.00    0.00    0.00    0.00 0    159.80800          0.000
    200.000  1000.000 5  0.0  1.0  2.0  3.0  4.0  5.0  0.0  0.0
  3.34270170E+00  6.34604520E-03 -1.36211510E-05  1.31518880E-08 -4.67767280E-12
                                                 -1.18212850E+03  9.07497220E+00
   1000.000  6000.000 5  0.0  1.0  2.0  3.0  4.0  5.0  0.0  0.0
  4.92319910E+00 -8.54477790E-04  5.92291290E-07 -1.27674910E-10  8.47309530E-15
                                                 -1.51751710E+03  1.50606910E+00
C(gr)             Graphite. TRC Tables VC,UC,TC-1000-1002,Apr 30,1983.
 3 X 4/83 C   1.00    0.00    0.00    0.00    0.00 1     12.01100          0.000
    200.000   600.000 7 -2.0 -1.0  0.0  1.0  2.0  3.0  4.0  0.0         1053.500
  1.13284613d+05 -1.98040218d+03  1.36536969d+01 -4.63604056d-02  1.02132125d-04
 -1.08288035d-07  4.47220215d-11  0.00000000d+00  8.94377162d+03 -7.29574863d+01
    600.000  2000.000 7 -2.0 -1.0  0.0  1.0  2.0  3.0  4.0  0.0         1053.500
  3.35599670d+05 -2.59652393d+03  6.94883168d+00 -3.48482394d-03  1.84418460d-06
 -5.05517986d-10  5.75060394d-14  0.00000000d+00  1.39840993d+04 -4.47717647d+01
   2000.000  5000.000 7 -2.0 -1.0  0.0  1.0  2.0  3.0  4.0  0.0         1053.500
  2.03689759d+05 -1.14096042d+03  3.70248083d+00 -1.84310886d-04  6.36532218d-08
 -7.09483559d-12  3.34838385d-16  0.00000000d+00  5.86651046d+03 -2.35256824d+01
Ca(a)             Calcium Alpha Crystal. Alcock, JPCRD 1992.
 2 SRD 92 CA  1.00    0.00    0.00    0.00    0.00 1     40.07800          0.000
    200.000   298.150 6 -2.0 -1.0  0.0  1.0  2.0  3.0  0.0  0.0         5782.945
 -8.38564472d+05  1.76528605d+04 -1.46459817d+02  6.31616674d-01 -1.32921936d-03
  1.11775658d-06  0.00000000d+00  0.00000000d+00 -7.82628469d+04  7.54964272d+02
    298.150   716.000 7 -2.0 -1.0  0.0  1.0  2.0  3.0  4.0  0.0         5782.945
 -6.26229648d+05  8.18556583d+03 -4.06398669d+01  1.20386393d-01 -1.80184335d-04
  1.44317710d-07 -4.73132858d-11  0.00000000d+00 -4.06434046d+04  2.31531550d+02
Ca(b)             Calcium Beta Crystal. Alcock, JPCRD 1992.
 1 SRD 92 CA  1.00    0.00    0.00    0.00    0.00 2     40.07800          0.000
    716.000  1115.000 3  0.0  1.0  2.0  0.0  0.0  0.0  0.0  0.0         5782.945
  5.70111768d+00 -5.81056490d-03  4.02212518d-06  0.00000000d+00  0.00000000d+00
  0.00000000d+00  0.00000000d+00  0.00000000d+00 -1.51673911d+03 -2.60757190d+01
Ca(l)             Calcium  Liquid. Alcock, JPCRD 1992.
 1 SRD 92 CA  1.00    0.00    0.00    0.00    0.00 3     40.07800          0.000
   1115.000  6000.000 1  0.0  0.0  0.0  0.0  0.0  0.0  0.0  0.0         5782.945
  4.57032345d+00  0.00000000d+00  0.00000000d+00  0.00000000d+00  0.00000000d+00
  0.00000000d+00  0.00000000d+00  0.00000000d+00 -9.82218808d+02 -2.11987699d+01
Cd(cr)            Cadmium Crystal. CODATA 1989, p223.
 1 CODA89 CD  1.00    0.00    0.00    0.00    0.00 1    112.41100          0.000
    100.000   594.258 7 -2.0 -1.0  0.0  1.0  2.0  3.0  4.0  0.0         6247.000
  1.37527314d+05 -3.22158985d+03  3.12190528d+01 -1.22613669d-01  2.83888027d-04
 -3.28688363d-07  1.52046961d-10  0.00000000d+00  1.30280694d+04 -1.55132402d+02
Cd(l)             Cadmium Liquid. CODATA 1989, p223.
 1 CODA89 CD  1.00    0.00    0.00    0.00    0.00 2    112.41100          0.000
    594.258  6000.000 1  0.0  0.0  0.0  0.0  0.0  0.0  0.0  0.0         6247.000
  3.59612292d+00  0.00000000d+00  0.00000000d+00  0.00000000d+00  0.00000000d+00
  0.00000000d+00  0.00000000d+00  0.00000000d+00 -4.22039477d+02 -1.32329816d+01
Cl2               Chlorine gas. TPIS 1989, v1, pt2, p88.
 2 TPIS89 CL  2.00    0.00    0.00    0.00    0.00 0     70.90540          0.000
    200.000  1000.000 7 -2.0 -1.0  0.0  1.0  2.0  3.0  4.0  0.0         9181.110
  3.46281724d+04 -5.54712949d+02  6.20759103d+00 -2.98963673d-03  3.17303416d-06
 -1.79363467d-09  4.26005863d-13  0.00000000d+00  1.53407075d+03 -9.43835303d+00
   1000.000  6000.000 7 -2.0 -1.0  0.0  1.0  2.0  3.0  4.0  0.0         9181.110
  6.09256675d+06 -1.94962688d+04  2.85453491d+01 -1.44996828d-02  4.46388943d-06
 -6.35852403d-10  3.32735931d-14  0.00000000d+00  1.21211722d+05 -1.69077832d+02
Co(a)             Cobalt Alpha Crystal. JANAF, SEPT. 1967.
 2 J 9/67 CO  1.00    0.00    0.00    0.00    0.00 1     58.93320          0.000
    200.000   500.000 7 -2.0 -1.0  0.0  1.0  2.0  3.0  4.0  0.0         4771.000
 -8.65041406d+05  1.46186108d+04 -9.96893113d+01  3.79345121d-01 -7.79809502d-04
  8.55120004d-07 -3.88899648d-10  0.00000000d+00 -6.79473900d+04  5.30543068d+02
    500.000   700.100 5 -2.0 -1.0  0.0  1.0  2.0  0.0  0.0  0.0         4771.000
 -9.85661981d+05  6.80616413d+03 -1.51792242d+01  2.23031425d-02 -9.00130057d-06
  0.00000000d+00  0.00000000d+00  0.00000000d+00 -3.84485140d+04  1.01203270d+02
Co(b)             Cobalt Beta below Lambda transition. JANAF,9/1967.
 2 J 9/67 CO  1.00    0.00    0.00    0.00    0.00 2     58.93320          0.000
    700.100   800.000 2  0.0  1.0  0.0  0.0  0.0  0.0  0.0  0.0         4771.000
  2.12511381d+00  2.21847545d-03  0.00000000d+00  0.00000000d+00  0.00000000d+00
  0.00000000d+00  0.00000000d+00  0.00000000d+00 -6.19770975d+02 -8.94454666d+00
    800.000  1394.000 7 -2.0 -1.0  0.0  1.0  2.0  3.0  4.0  0.0         4771.000
 -1.40274365d+09  8.16515137d+06 -1.96494001d+04  2.50280637d+01 -1.77806440d-02
  6.67985819d-06 -1.03583607d-09  0.00000000d+00 -4.62035359d+07  1.25099588d+05
Co(b)             Cobalt Beta above Lambda transition. JANAF,9/1967.
 2 J 9/67 CO  1.00    0.00    0.00    0.00    0.00 3     58.93320          0.000
   1394.000  1400.000 2  0.0  1.0  0.0  0.0  0.0  0.0  0.0  0.0         4771.000
  3.07086928d+02 -2.15548517d-01  0.00000000d+00  0.00000000d+00  0.00000000d+00
  0.00000000d+00  0.00000000d+00  0.00000000d+00 -2.13929406d+05 -1.91310340d+03
   1400.000  1768.000 5 -2.0 -1.0  0.0  1.0  2.0  0.0  0.0  0.0         4771.000
  1.63846311d+09 -4.01124068d+06  3.69904581d+03 -1.51640603d+00  2.33909686d-04
  0.00000000d+00  0.00000000d+00  0.00000000d+00  2.63268900d+07 -2.73404528d+04
Co(l)             Cobalt Liquid. JANAF, SEPT. 1967.
 1 J 9/67 CO  1.00    0.00    0.00    0.00    0.00 4     58.93320          0.000
   1768.000  6000.000 1  0.0  0.0  0.0  0.0  0.0  0.0  0.0  0.0         4771.000
  4.87112289d+00  0.00000000d+00  0.00000000d+00  0.00000000d+00  0.00000000d+00
  0.00000000d+00  0.00000000d+00  0.00000000d+00 -1.76431484d+02 -2.44843511d+01
Cr(cr)            Chromium Crystal. Below lambda trans. JANAF. June 1973.
 1 J 6/73 CR  1.00    0.00    0.00    0.00    0.00 1     51.99610          0.000
    200.000   311.500 5 -2.0 -1.0  0.0  1.0  2.0  0.0  0.0  0.0         4057.000
  8.05018328d+05 -1.33970221d+04  8.27269305d+01 -2.07564958d-01  2.00856771d-04
  0.00000000d+00  0.00000000d+00  0.00000000d+00  6.18169449d+04 -4.55951877d+02
Cr(cr)            Chromium Crystal. Above lambda trans. JANAF. June 1973.
 2 J 6/73 CR  1.00    0.00    0.00    0.00    0.00 2     51.99610          0.000
    311.500  1000.000 7 -2.0 -1.0  0.0  1.0  2.0  3.0  4.0  0.0         4057.000
 -2.53445712d+05  3.11943696d+03 -1.35845344d+01  4.32359958d-02 -5.62413726d-05
  3.65293166d-08 -8.97335017d-12  0.00000000d+00 -1.60657584d+04  7.85812341d+01
   1000.000  2130.000 7 -2.0 -1.0  0.0  1.0  2.0  3.0  4.0  0.0         4057.000
 -3.00149003d+07  1.26293332d+05 -2.13685219d+02  1.93537597d-01 -9.41160275d-05
  2.44207287d-08 -2.60346362d-12  0.00000000d+00 -7.57354395d+05  1.44020041d+03
Cr(l)             Chromium Liquid. JANAF. June 1973.
 1 J 6/73 CR  1.00    0.00    0.00    0.00    0.00 3     51.99610          0.000
   2130.000  6000.000 1  0.0  0.0  0.0  0.0  0.0  0.0  0.0  0.0         4057.000
  4.73028477d+00  0.00000000d+00  0.00000000d+00  0.00000000d+00  0.00000000d+00
  0.00000000d+00  0.00000000d+00  0.00000000d+00  5.75563377d+02 -2.45317900d+01
Cs(cr)            Cesium Crystal. CODATA, 1989, p263.
 1 CODA89 CS  1.00    0.00    0.00    0.00    0.00 1    132.90543          0.000
    100.000   301.590 5 -2.0 -1.0  0.0  1.0  2.0  0.0  0.0  0.0         7711.000
  6.51984125d+04 -1.75663905d+03  1.99968107d+01 -6.93832873d-02  1.09368254d-04
  0.00000000d+00  0.00000000d+00  0.00000000d+00  6.38289073d+03 -9.33825145d+01
Cs(l)             Cesium Liquid. CODATA, 1989, p263.
 2 CODA89 CS  1.00    0.00    0.00    0.00    0.00 2    132.90543          0.000
    301.590  1000.000 7 -2.0 -1.0  0.0  1.0  2.0  3.0  4.0  0.0         7711.000
 -4.21832769d+04 -1.74310318d+01  5.70212472d+00 -5.11366989d-03  3.20140701d-06
 -1.76574712d-10  4.82212937d-14  0.00000000d+00 -1.29094981d+03 -2.03140758d+01
   1000.000  2000.000 7 -2.0 -1.0  0.0  1.0  2.0  3.0  4.0  0.0         7711.000
 -7.26659499d+05  3.00676906d+03  1.69641895d-01  2.91256032d-04  1.76880825d-07
  7.73027452d-10 -8.90216532d-14  0.00000000d+00 -1.92376169d+04  1.64100374d+01
Cu(cr)            Copper Cubic Crystal. CODATA, 1989, p226.
 1 CODA89 CU  1.00    0.00    0.00    0.00    0.00 1     63.54600          0.000
    200.000  1358.000 7 -2.0 -1.0  0.0  1.0  2.0  3.0  4.0  0.0         5004.000
 -2.45577517d+04  1.64806928d+02  2.08094710d+00  2.63907840d-03 -2.71410148d-06
  1.40286505d-09 -9.72432327d-14  0.00000000d+00 -1.73785101d+03 -8.13316658d+00
Cu(l)             Copper Liquid. CODATA, 1989, p226.
 1 CODA89 CU  1.00    0.00    0.00    0.00    0.00 2     63.54600          0.000
   1358.000  6000.000 1  0.0  0.0  0.0  0.0  0.0  0.0  0.0  0.0         5004.000
  3.94491076d+00  0.00000000d+00  0.00000000d+00  0.00000000d+00  0.00000000d+00
  0.00000000d+00  0.00000000d+00  0.00000000d+00 -2.11101378d+02 -1.83606577d+01
D2                Deuterium. TPIS, 1989, v1, pt2, pp45-6.
 3 TPIS89 D   2.00    0.00    0.00    0.00    0.00 0      4.02820          0.000
    200.000  1000.000 7 -2.0 -1.0  0.0  1.0  2.0  3.0  4.0  0.0         8569.103
  2.12578989d+04 -2.99694507d+02  5.13031451d+00 -4.17296958d-03  5.01434380d-06
 -2.12638854d-09  2.38653277d-13  0.00000000d+00  3.94498190d+02 -1.16419095d+01
   1000.000  6000.000 7 -2.0 -1.0  0.0  1.0  2.0  3.0  4.0  0.0         8569.103
  8.21515641d+05 -2.36561983d+03  5.34297106d+00  6.92832217d-05 -8.52371794d-08
  2.45645364d-11 -1.96060094d-15  0.00000000d+00  1.43421244d+04 -1.71259786d+01
   6000.000 20000.000 7 -2.0 -1.0  0.0  1.0  2.0  3.0  4.0  0.0         8569.103
  4.89968473d+08 -3.11279617d+05  7.94573202d+01 -8.42554949d-03  4.78927371d-07
 -1.39085537d-11  1.63752128d-16  0.00000000d+00  2.46003103d+06 -6.63681004d+02
Electron gas      CP/R = 2.5
 3 L 6/88 E   1.00    0.00    0.00    0.00    0.00 0      0.00055          0.000
    200.000  1000.000 1  0.0  0.0  0.0  0.0  0.0  0.0  0.0  0.0         6197.428
  2.50000000d+00  0.00000000d+00  0.00000000d+00  0.00000000d+00  0.00000000d+00
  0.00000000d+00  0.00000000d+00  0.00000000d+00 -7.45375000d+02 -1.17208127d+01
   1000.000  6000.000 1  0.0  0.0  0.0  0.0  0.0  0.0  0.0  0.0         6197.428
  2.50000000d+00  0.00000000d+00  0.00000000d+00  0.00000000d+00  0.00000000d+00
  0.00000000d+00  0.00000000d+00  0.00000000d+00 -7.45375000d+02 -1.17208127d+01
   6000.000 20000.000 1  0.0  0.0  0.0  0.0  0.0  0.0  0.0  0.0         6197.428
  2.50000000d+00  0.00000000d+00  0.00000000d+00  0.00000000d+00  0.00000000d+00
  0.00000000d+00  0.00000000d+00  0.00000000d+00 -7.45375000d+02 -1.17208127d+01
F2                Fluorine gas. TPIS 1989, v1, pt2, p73.
 2 TPIS89 F   2.00    0.00    0.00    0.00    0.00 0     37.99681          0.000
    200.000  1000.000 7 -2.0 -1.0  0.0  1.0  2.0  3.0  4.0  0.0         8825.106
  1.01817754d+04  2.27422347d+01  1.97135403d+00  8.15160123d-03 -1.14895968d-05
  7.95864947d-09 -2.16707863d-12  0.00000000d+00 -9.58693453d+02  1.13059974d+01
   1000.000  6000.000 7 -2.0 -1.0  0.0  1.0  2.0  3.0  4.0  0.0         8825.106
 -2.94116687d+06  9.45659515d+03 -7.73861346d+00  7.64471159d-03 -2.24100723d-06
  2.91584473d-10 -1.42503371d-14  0.00000000d+00 -6.07100397d+04  8.42383313d+01
Fe(a)             Iron below Lambda transition. JANAF, MAR.1978.
 3 J 3/78 FE  1.00    0.00    0.00    0.00    0.00 1     55.84700          0.000
    200.000   500.000 7 -2.0 -1.0  0.0  1.0  2.0  3.0  4.0  0.0         4507.000
  1.34955994d+04 -7.80200954d+02  9.43875697d+00 -2.52118601d-02  5.34885200d-05
 -5.09753190d-08  1.99310538d-11  0.00000000d+00  2.41571886d+03 -4.74826904d+01
    500.000   800.000 5 -2.0 -1.0  0.0  1.0  2.0  0.0  0.0  0.0         4507.000
  3.54293469d+06 -2.44708725d+04  6.56086936d+01 -7.04377004d-02  3.18099049d-05
  0.00000000d+00  0.00000000d+00  0.00000000d+00  1.34502453d+05 -4.13369100d+02
    800.000  1042.000 7 -2.0 -1.0  0.0  1.0  2.0  3.0  4.0  0.0         4507.000
  2.27742262d+09 -5.69457223d+06 -5.62496409d+03  3.18594547d+01 -3.85013189d-02
  1.87081465d-05 -3.01762705d-09  0.00000000d+00  4.00725404d+07  1.62175776d+04
Fe(a)             Iron above Lambda transition. JANAF, MAR.1978.
 1 J 3/78 FE  1.00    0.00    0.00    0.00    0.00 2     55.84700          0.000
   1042.000  1184.000 3 -2.0  0.0  1.0  0.0  0.0  0.0  0.0  0.0         4507.000
  2.48196397d+08 -5.59444852d+02  3.27176418d-01  0.00000000d+00  0.00000000d+00
  0.00000000d+00  0.00000000d+00  0.00000000d+00  6.46761593d+05  3.66923374d+03
Fe(c)             Iron Gamma Crystal. JANAF, MAR.1978.
 1 J 3/78 FE  1.00    0.00    0.00    0.00    0.00 3     55.84700          0.000
   1184.000  1665.000 7 -2.0 -1.0  0.0  1.0  2.0  3.0  4.0  0.0         4507.000
  9.13501008d+08 -3.05648171d+06  3.97407318d+03 -2.42205444d+00  6.06511491d-04
  1.24231882d-08 -2.20315086d-11  0.00000000d+00  1.90663600d+07 -2.79230870d+04
Fe(d)             Iron Delta Crystal. JANAF, MAR.1978.
 1 J 3/78 FE  1.00    0.00    0.00    0.00    0.00 4     55.84700          0.000
   1665.000  1809.000 4 -2.0  0.0  1.0  2.0  0.0  0.0  0.0  0.0         4507.000
 -3.46912703d+08  7.09606913d+02 -5.47291000d-01  1.19656931d-04  0.00000000d+00
  0.00000000d+00  0.00000000d+00  0.00000000d+00 -8.08986936d+05 -4.57005084d+03
Fe(l)             Iron Liquid. JANAF, MAR.1978.
 1 J 3/78 FE  1.00    0.00    0.00    0.00    0.00 5     55.84700          0.000
   1809.000  6000.000 1  0.0  0.0  0.0  0.0  0.0  0.0  0.0  0.0         4507.000
  5.53538332d+00  0.00000000d+00  0.00000000d+00  0.00000000d+00  0.00000000d+00
  0.00000000d+00  0.00000000d+00  0.00000000d+00 -1.27047490d+03 -2.94809683d+01
Ge(cr)            Germanium Cubic. TPIS 1991, v2, pt1, p308, pt2 p268.
 2 TPIS91 GE  1.00    0.00    0.00    0.00    0.00 1     72.61000          0.000
    200.000   400.000 5 -2.0 -1.0  0.0  1.0  2.0  0.0  0.0  0.0         4636.360
 -2.39650371d+05  3.15056873d+03 -1.33393959d+01  3.64799385d-02 -2.94210133d-05
  0.00000000d+00  0.00000000d+00  0.00000000d+00 -1.61388131d+04  7.93920158d+01
    400.000  1211.400 3 -2.0  0.0  1.0  0.0  0.0  0.0  0.0  0.0         4636.360
 -1.88824135d+04  2.89817304d+00  3.59165939d-04  0.00000000d+00  0.00000000d+00
  0.00000000d+00  0.00000000d+00  0.00000000d+00 -9.43386385d+02 -1.29866971d+01
Ge(l)             Germanium Liquid. TPIS 1991, v2, pt1, p308, pt2 p268.
 1 TPIS91 GE  1.00    0.00    0.00    0.00    0.00 2     72.61000          0.000
   1211.400  6000.000 1  0.0  0.0  0.0  0.0  0.0  0.0  0.0  0.0         4636.360
  3.31949808d+00  0.00000000d+00  0.00000000d+00  0.00000000d+00  0.00000000d+00
  0.00000000d+00  0.00000000d+00  0.00000000d+00  3.27899664d+03 -1.18599295d+01
H2                Hydrogen. GLUSHKO ET.AL. v1, pt2, 1978, pp31-32.
 3 TPIS78 H   2.00    0.00    0.00    0.00    0.00 0      2.01588          0.000
    200.000  1000.000 7 -2.0 -1.0  0.0  1.0  2.0  3.0  4.0  0.0         8468.102
  4.07832281d+04 -8.00918545d+02  8.21470167d+00 -1.26971436d-02  1.75360493d-05
 -1.20286016d-08  3.36809316d-12  0.00000000d+00  2.68248438d+03 -3.04378866d+01
   1000.000  6000.000 7 -2.0 -1.0  0.0  1.0  2.0  3.0  4.0  0.0         8468.102
  5.60812338d+05 -8.37149134d+02  2.97536304d+00  1.25224993d-03 -3.74071842d-07
  5.93662825d-11 -3.60699573d-15  0.00000000d+00  5.33981585d+03 -2.20276405d+00
   6000.000 20000.000 7 -2.0 -1.0  0.0  1.0  2.0  3.0  4.0  0.0         8468.102
  4.96671613d+08 -3.14744812d+05  7.98388750d+01 -8.41450419d-03  4.75306044d-07
 -1.37180973d-11  1.60537460d-16  0.00000000d+00  2.48835466d+06 -6.69552419d+02
He                Helium. NSRDS-NBS 35, 1971. Temperature cutoff.
 3 L10/90 HE  1.00    0.00    0.00    0.00    0.00 0      4.00260          0.000
    200.000  1000.000 1  0.0  0.0  0.0  0.0  0.0  0.0  0.0  0.0         6197.428
  2.50000000d+00  0.00000000d+00  0.00000000d+00  0.00000000d+00  0.00000000d+00
  0.00000000d+00  0.00000000d+00  0.00000000d+00 -7.45375000d+02  9.28723974d-01
   1000.000  6000.000 1  0.0  0.0  0.0  0.0  0.0  0.0  0.0  0.0         6197.428
  2.50000000d+00  0.00000000d+00  0.00000000d+00  0.00000000d+00  0.00000000d+00
  0.00000000d+00  0.00000000d+00  0.00000000d+00 -7.45375000d+02  9.28723974d-01
   6000.000 20000.000 7 -2.0 -1.0  0.0  1.0  2.0  3.0  4.0  0.0         6197.428
  4.49657717d+06 -2.76520860d+03  3.19328263d+00 -9.11889220d-05  6.69027627d-09
 -2.62322412d-13  4.34087884d-18  0.00000000d+00  2.11382740d+04 -5.05672478d+00
Hg(cr)            Mercury Tetragonal Crystal. JANAF, Dec. 1961.
 1 J12/61 HG  1.00    0.00    0.00    0.00    0.00 1    200.59000          0.000
    100.000   234.290 4 -2.0  0.0  1.0  2.0  0.0  0.0  0.0  0.0         9343.000
 -3.18458668d+03  3.46442487d+00 -4.05486461d-03  1.76628113d-05  0.00000000d+00
  0.00000000d+00  0.00000000d+00  0.00000000d+00 -1.28245434d+03 -1.13201016d+01
Hg(l)             Mercury Liquid. JANAF, Dec. 1961.
 2 J12/61 HG  1.00    0.00    0.00    0.00    0.00 2    200.59000          0.000
    234.290   600.000 7 -2.0 -1.0  0.0  1.0  2.0  3.0  4.0  0.0         9343.000
  1.05832237d+05 -1.99382117d+03  1.88057375d+01 -5.99466940d-02  1.22832483d-04
 -1.29315316d-07  5.53072552d-11  0.00000000d+00  7.91675530d+03 -9.06485332d+01
    600.000  2000.000 7 -2.0 -1.0  0.0  1.0  2.0  3.0  4.0  0.0         9343.000
  7.91380154d+05 -3.95630498d+03  1.10646079d+01 -8.15392266d-03  4.97046569d-06
 -1.51041551d-09  1.87203419d-13  0.00000000d+00  2.21375986d+04 -6.07242904d+01
I2(cr)            Iodine Rhombic Crystal. TPIS 1989, v1, pt2, p315.
 1 TPIS89 I   2.00    0.00    0.00    0.00    0.00 1    253.80894          0.000
    200.000   386.750 7 -2.0 -1.0  0.0  1.0  2.0  3.0  4.0  0.0        13196.000
 -3.91590252d+06  9.17546472d+04 -8.92978654d+02  4.68534133d+00 -1.36091945d-02
  2.07924325d-05 -1.29598302d-08  0.00000000d+00 -3.92659648d+05  4.43738168d+03
I2(l)             Iodine Liquid. TPIS 1989, v1, pt2, p315.
 1 TPIS89 I   2.00    0.00    0.00    0.00    0.00 2    253.80894          0.000
    386.750  6000.000 1  0.0  0.0  0.0  0.0  0.0  0.0  0.0  0.0        13196.000
  9.56821268d+00  0.00000000d+00  0.00000000d+00  0.00000000d+00  0.00000000d+00
  0.00000000d+00  0.00000000d+00  0.00000000d+00 -1.20445382d+03 -3.63732610d+01
Ir(cr) Iridium REFERENCE ELEMENT   Gurvich Thermel 1992 HF298=0.                                      
 2 T 8/10 IR  1.00    0.00    0.00    0.00    0.00 1  192.2170000          0.000
    298.150  1000.000 7 -2.0 -1.0  0.0  1.0  2.0  3.0  4.0  0.0            0.000
 1.453397314D+05-1.705731481D+03 1.088223293D+01-1.922156258D-02 2.701739701D-05
-1.897774572D-08 5.412217260D-12 0.000000000D+00 7.612094070D+03-5.795181250D+01
   1000.000  2720.000 7 -2.0 -1.0  0.0  1.0  2.0  3.0  4.0  0.0            0.000
 6.621661510D+06-2.361246728D+04 3.709484760D+01-2.521608374D-02 1.080300854D-05
-2.352361830D-09 2.135425657D-13 0.000000000D+00 1.444876167D+05-2.478311251D+02
IR(L) Iridium REFERENCE ELEMENT  Gurvich Thermel 1992                                    
 1 T 8/10 IR  1.00    0.00    0.00    0.00    0.00 2  192.2170000          0.000
   2720.000  6000.000 7 -2.0 -1.0  0.0  1.0  2.0  3.0  4.0  0.0            0.000
-7.780535140D+07 1.034724550D+05-4.979481770D+01 1.556278247D-02-2.351971153D-06
 1.819024522D-10-5.609848760D-15 0.000000000D+00-7.410776740D+05 4.058994210D+02
K(cr)             Potassium Cubic Crystal.  CODATA 1989, p257.
 1 CODA89 K   1.00    0.00    0.00    0.00    0.00 1     39.09830          0.000
    200.000   336.860 4 -2.0  0.0  1.0  2.0  0.0  0.0  0.0  0.0         7088.000
 -1.02203174d+05  1.33375201d+01 -5.58099071d-02  9.01300905d-05  0.00000000d+00
  0.00000000d+00  0.00000000d+00  0.00000000d+00 -2.63506242d+03 -5.61537649d+01
K(l)              Potassium Liquid.  CODATA 1989, p257.
 1 CODA89 K   1.00    0.00    0.00    0.00    0.00 2     39.09830          0.000
    336.860  2200.000 7 -2.0 -1.0  0.0  1.0  2.0  3.0  4.0  0.0         7088.000
 -3.93579278d+03 -4.54722866d+01  4.84524269d+00 -3.08354487d-03  2.01554768d-06
 -3.70613204d-11  5.03283971d-15  0.00000000d+00 -8.07563697d+02 -1.83664092d+01
Kr                Krypton. NSRDS-NBS 35, 1971. Temperature cutoff.
 3 L10/90 KR  1.00    0.00    0.00    0.00    0.00 0     83.80000          0.000
    200.000  1000.000 1  0.0  0.0  0.0  0.0  0.0  0.0  0.0  0.0         6197.428
  2.50000000d+00  0.00000000d+00  0.00000000d+00  0.00000000d+00  0.00000000d+00
  0.00000000d+00  0.00000000d+00  0.00000000d+00 -7.45375000d+02  5.49095651d+00
   1000.000  6000.000 1  0.0  0.0  0.0  0.0  0.0  0.0  0.0  0.0         6197.428
  2.50000000d+00  0.00000000d+00  0.00000000d+00  0.00000000d+00  0.00000000d+00
  0.00000000d+00  0.00000000d+00  0.00000000d+00 -7.45375000d+02  5.49095651d+00
   6000.000 20000.000 7 -2.0 -1.0  0.0  1.0  2.0  3.0  4.0  0.0         6197.428
 -2.63908780d+09  1.65974315d+06 -4.20455715d+02  5.58583797d-02 -4.02624981d-06
  1.49484943d-10 -2.20230087d-15  0.00000000d+00 -1.31023881d+07  3.65224315d+03
Li(cr)            Lithium Crystal. Gurvich 1982,vIV,pt 1,p245;pt 2,p286.
 2 TPIS82 LI  1.00    0.00    0.00    0.00    0.00 1      6.94100          0.000
    200.000   298.150 3 -2.0  0.0  1.0  0.0  0.0  0.0  0.0  0.0         4632.000
 -9.86065231d+03  2.30432385d+00  2.67166372d-03  0.00000000d+00  0.00000000d+00
  0.00000000d+00  0.00000000d+00  0.00000000d+00 -8.38853612d+02 -1.04788169d+01
    298.150   453.690 3 -2.0  0.0  1.0  0.0  0.0  0.0  0.0  0.0         4632.000
  7.23882507d+04  1.57031423d-01  6.77040415d-03  0.00000000d+00  0.00000000d+00
  0.00000000d+00  0.00000000d+00  0.00000000d+00 -1.04949734d+02  9.96176448d-01
Li(l)             Lithium Liquid. Gurvich 1982,vIV,pt 1,p245;pt 2,p286.
 1 TPIS82 LI  1.00    0.00    0.00    0.00    0.00 2      6.94100          0.000
    453.690  6000.000 4  0.0  1.0 -2.0  2.0  0.0  0.0  0.0  0.0         4632.000
  3.75572343d+00 -6.33230341d-04  2.46556923d+04  3.16073948d-07  0.00000000d+00
  0.00000000d+00  0.00000000d+00  0.00000000d+00 -7.29911669d+02 -1.70127465d+01
Mg(cr)            Magnesium Hexagonal Crystal. Alcock, JPCRD 1992.
 2 SRD 92 MG  1.00    0.00    0.00    0.00    0.00 1     24.30500          0.000
    100.000   298.150 5 -2.0  0.0  1.0  2.0  3.0  0.0  0.0  0.0         4979.161
 -5.41222513d+03  1.45817372d+00  1.33020467d-02 -4.09885850d-05  4.75433910d-08
  0.00000000d+00  0.00000000d+00  0.00000000d+00 -7.75947201d+02 -6.98970235d+00
    298.150   923.000 4 -2.0  0.0  1.0  2.0  0.0  0.0  0.0  0.0         4979.161
 -2.86006030d+04  3.39887738d+00 -7.24396266d-04  1.40525419d-06  0.00000000d+00
  0.00000000d+00  0.00000000d+00  0.00000000d+00 -1.08951991d+03 -1.54597366d+01
Mg(l)             Magnesium  Liquid. Alcock, JPCRD 1992.
 1 SRD 92 MG  1.00    0.00    0.00    0.00    0.00 2     24.30500          0.000
    923.000  6000.000 1  0.0  0.0  0.0  0.0  0.0  0.0  0.0  0.0         4979.161
  4.12531827d+00  0.00000000d+00  0.00000000d+00  0.00000000d+00  0.00000000d+00
  0.00000000d+00  0.00000000d+00  0.00000000d+00 -6.58991948d+02 -1.93782858d+01
Mn(a)             Manganese Alpha crystal.  JANAF Sep.1967.
 1 J 9/67 MN  1.00    0.00    0.00    0.00    0.00 1     54.93805          0.000
    200.000   980.000 7 -2.0 -1.0  0.0  1.0  2.0  3.0  4.0  0.0         4994.000
 -1.98472475d+04  1.80881427d+02  1.03828972d+00  8.81333226d-03 -1.29804601d-05
  1.11885877d-08 -3.67364139d-12  0.00000000d+00 -1.70414309d+03 -3.71316051d+00
Mn(b)             Manganese Beta crystal.  JANAF Sep.1967.
 1 J 9/67 MN  1.00    0.00    0.00    0.00    0.00 2     54.93805          0.000
    980.000  1361.000 6 -2.0 -1.0  0.0  1.0  2.0  3.0  0.0  0.0         4994.000
 -2.06766786d+08  8.74475492d+05 -1.47043342d+03  1.23952223d+00 -5.18922155d-04
  8.66600581d-08  0.00000000d+00  0.00000000d+00 -5.24243474d+06  9.92823397d+03
Mn(c)             Manganese Gamma crystal.  JANAF Sep.1967.
 1 J 9/67 MN  1.00    0.00    0.00    0.00    0.00 3     54.93805          0.000
   1361.000  1412.000 3 -2.0  0.0  1.0  0.0  0.0  0.0  0.0  0.0         4994.000
 -5.53909866d+06  1.24914110d+01 -3.17262869d-03  0.00000000d+00  0.00000000d+00
  0.00000000d+00  0.00000000d+00  0.00000000d+00 -1.31936601d+04 -7.70074741d+01
Mn(d)             Manganese Delta crystal.  JANAF Sep.1967.
 1 J 9/67 MN  1.00    0.00    0.00    0.00    0.00 4     54.93805          0.000
   1412.000  1519.000 3 -2.0  0.0  1.0  0.0  0.0  0.0  0.0  0.0         4994.000
 -4.25630877d+06  1.00124635d+01 -1.72653259d-03  0.00000000d+00  0.00000000d+00
  0.00000000d+00  0.00000000d+00  0.00000000d+00 -1.00004771d+04 -6.05883912d+01
Mn(l)             Manganese Liquid.  JANAF Sep.1967.
 1 J 9/67 MN  1.00    0.00    0.00    0.00    0.00 5     54.93805          0.000
   1519.000  6000.000 1  0.0  0.0  0.0  0.0  0.0  0.0  0.0  0.0         4994.000
  5.53538332d+00  0.00000000d+00  0.00000000d+00  0.00000000d+00  0.00000000d+00
  0.00000000d+00  0.00000000d+00  0.00000000d+00 -9.39376883d+02 -2.85357033d+01
Mo(cr)            Molybdenum Crystal. JANAF Mar.1978.
 3 J 3/78 MO  1.00    0.00    0.00    0.00    0.00 1     95.94000          0.000
    200.000  1000.000 7 -2.0 -1.0  0.0  1.0  2.0  3.0  4.0  0.0         4585.000
 -4.96168936d+04  4.28094124d+02  7.67198437d-01  5.73151834d-03 -6.38164132d-06
  3.70819253d-09 -7.91734744d-13  0.00000000d+00 -3.03958465d+03 -1.23046751d+00
   1000.000  2200.000 7 -2.0 -1.0  0.0  1.0  2.0  3.0  4.0  0.0         4585.000
 -3.61478656d+06  1.47347879d+04 -2.13470270d+01  2.11682301d-02 -9.78109203d-06
  2.49389029d-09 -2.41992229d-13  0.00000000d+00 -8.97092469d+04  1.50583644d+02
   2200.000  2896.000 7 -2.0 -1.0  0.0  1.0  2.0  3.0  4.0  0.0         4585.000
  3.27166630d+09 -1.77478711d+06 -4.38995515d+03  5.64939621d+00 -2.68092524d-03
  5.84031427d-07 -4.89348492d-11  0.00000000d+00  1.77391768d+07  2.56004187d+04
Mo(l)             Molybdenum Liquid. JANAF Mar.1978.
 1 J 3/78 MO  1.00    0.00    0.00    0.00    0.00 2     95.94000          0.000
   2896.000  6000.000 1  0.0  0.0  0.0  0.0  0.0  0.0  0.0  0.0         4585.000
  4.52894999d+00  0.00000000d+00  0.00000000d+00  0.00000000d+00  0.00000000d+00
  0.00000000d+00  0.00000000d+00  0.00000000d+00  2.02231852d+03 -2.28079102d+01
N2                Nitrogen. GLUSHKO ET.AL. v1, pt2, p207, 1978.
 3 TPIS78 N   2.00    0.00    0.00    0.00    0.00 0     28.01348          0.000
    200.000  1000.000 7 -2.0 -1.0  0.0  1.0  2.0  3.0  4.0  0.0         8670.104
  2.21037122d+04 -3.81846145d+02  6.08273815d+00 -8.53091381d-03  1.38464610d-05
 -9.62579293d-09  2.51970560d-12  0.00000000d+00  7.10845911d+02 -1.07600320d+01
   1000.000  6000.000 7 -2.0 -1.0  0.0  1.0  2.0  3.0  4.0  0.0         8670.104
  5.87709908d+05 -2.23924255d+03  6.06694267d+00 -6.13965296d-04  1.49179819d-07
 -1.92309442d-11  1.06194871d-15  0.00000000d+00  1.28320618d+04 -1.58663484d+01
   6000.000 20000.000 7 -2.0 -1.0  0.0  1.0  2.0  3.0  4.0  0.0         8670.104
  8.30971200d+08 -6.42048187d+05  2.02020507d+02 -3.06501961d-02  2.48685558d-06
 -9.70579208d-11  1.43751673d-15  0.00000000d+00  4.93850663d+06 -1.67204791d+03
Na(cr)            Sodium Cubic Crystal.  CODATA 1989, p254.
 1 CODA89 NA  1.00    0.00    0.00    0.00    0.00 1     22.98977          0.000
    200.000   371.010 4 -2.0  0.0  1.0  2.0  0.0  0.0  0.0  0.0         6460.000
 -3.58445796d+04  6.47941467d+00 -1.89869733d-02  3.35238708d-05  0.00000000d+00
  0.00000000d+00  0.00000000d+00  0.00000000d+00 -1.50431974d+03 -2.67778303d+01
Na(l)             Sodium Liquid.  CODATA 1989, p254.
 1 CODA89 NA  1.00    0.00    0.00    0.00    0.00 2     22.98977          0.000
    371.010  2300.000 7 -2.0 -1.0  0.0  1.0  2.0  3.0  4.0  0.0         6460.000
  2.69483872d+04 -2.31901391d+02  5.16243895d+00 -3.05857602d-03  1.69641061d-06
 -1.51964196d-10  1.96287017d-14  0.00000000d+00  2.84218762d+02 -2.22576606d+01
Nb(cr)            Niobium Crystal.  JANAF, Dec. 1973.
 3 J12/73 NB  1.00    0.00    0.00    0.00    0.00 1     92.90638          0.000
    200.000  1000.000 7 -2.0 -1.0  0.0  1.0  2.0  3.0  4.0  0.0         5241.000
 -4.25481221d+04  3.87529782d+02  1.18444932d+00  4.50743783d-03 -5.23209382d-06
  3.51345386d-09 -9.50761003d-13  0.00000000d+00 -2.86444967d+03 -2.44297279d+00
   1000.000  2000.000 7 -2.0 -1.0  0.0  1.0  2.0  3.0  4.0  0.0         5241.000
  2.52585396d+07 -1.08492693d+05  1.92776081d+02 -1.72611277d-01  8.66444804d-05
 -2.26429457d-08  2.43528259d-12  0.00000000d+00  6.46758662d+05 -1.28308804d+03
   2000.000  2750.000 7 -2.0 -1.0  0.0  1.0  2.0  3.0  4.0  0.0         5241.000
 -1.35096057d+09  3.88005290d+06 -4.56067950d+03  2.81707558d+00 -9.62520898d-04
  1.72620104d-07 -1.26634069d-11  0.00000000d+00 -2.47170057d+07  3.23283599d+04
Nb(l)             Niobium Liquid.  JANAF, Dec. 1973.
 1 J12/73 NB  1.00    0.00    0.00    0.00    0.00 2     92.90638          0.000
   2750.000  6000.000 1  0.0  0.0  0.0  0.0  0.0  0.0  0.0  0.0         5241.000
  4.02573333d+00  0.00000000d+00  0.00000000d+00  0.00000000d+00  0.00000000d+00
  0.00000000d+00  0.00000000d+00  0.00000000d+00  1.42705320d+03 -1.85796488d+01
Ne                Neon. NSRDS-NBS 35, 1971. Temperature cutoff.
 3 L10/90 NE  1.00    0.00    0.00    0.00    0.00 0     20.17970          0.000
    200.000  1000.000 1  0.0  0.0  0.0  0.0  0.0  0.0  0.0  0.0         6197.428
  2.50000000d+00  0.00000000d+00  0.00000000d+00  0.00000000d+00  0.00000000d+00
  0.00000000d+00  0.00000000d+00  0.00000000d+00 -7.45375000d+02  3.35532272d+00
   1000.000  6000.000 1  0.0  0.0  0.0  0.0  0.0  0.0  0.0  0.0         6197.428
  2.50000000d+00  0.00000000d+00  0.00000000d+00  0.00000000d+00  0.00000000d+00
  0.00000000d+00  0.00000000d+00  0.00000000d+00 -7.45375000d+02  3.35532272d+00
   6000.000 20000.000 7 -2.0 -1.0  0.0  1.0  2.0  3.0  4.0  0.0         6197.428
  6.26181560d+07 -3.81071521d+04  1.19019437d+01 -1.20827544d-03  8.59337454d-08
 -3.24608523d-12  5.17340351d-17  0.00000000d+00  3.01326057d+05 -7.79987192d+01
Ni(cr)            Nickel Crystal below lambda trans 631K. JANAF Dec.1976.
 2 J12/76 NI  1.00    0.00    0.00    0.00    0.00 1     58.69000          0.000
    200.000   400.000 6 -2.0 -1.0  0.0  1.0  2.0  3.0  0.0  0.0         4786.000
 -7.68691897d+05  1.43356357d+04 -1.04247692d+02  3.92531695d-01 -6.98530561d-04
  4.90500812d-07  0.00000000d+00  0.00000000d+00 -6.54199736d+04  5.50992830d+02
    400.000   631.000 6 -2.0 -1.0  0.0  1.0  2.0  3.0  0.0  0.0         4786.000
 -3.33226045d+08  3.41096983d+06 -1.38906709d+04  2.81513815d+01 -2.83753799d-02
  1.13881901d-05  0.00000000d+00  0.00000000d+00 -1.74328212d+07  8.14826387d+04
Ni(cr)            Nickel Crystal above lambda trans 631K. JANAF Dec.1976.
 2 J12/76 NI  1.00    0.00    0.00    0.00    0.00 2     58.69000          0.000
    631.000  1200.000 7 -2.0 -1.0  0.0  1.0  2.0  3.0  4.0  0.0         4786.000
  1.04729994d+09 -6.89003059d+06  1.87655769d+04 -2.70686345d+01  2.18228674d-02
 -9.32137781d-06  1.64817096d-09  0.00000000d+00  3.81397333d+07 -1.17134062d+05
   1200.000  1728.000 7 -2.0 -1.0  0.0  1.0  2.0  3.0  4.0  0.0         4786.000
  1.85204768d+09 -7.14295821d+06  1.13763976d+04 -9.56080497d+00  4.47149302d-03
 -1.10128363d-06  1.11404295d-10  0.00000000d+00  4.33628988d+07 -7.71300804d+04
Ni(l)             Nickel Liquid. JANAF Dec.1976.
 1 J12/76 NI  1.00    0.00    0.00    0.00    0.00 3     58.69000          0.000
   1728.000  6000.000 1  0.0  0.0  0.0  0.0  0.0  0.0  0.0  0.0         4786.000
  4.67989094d+00  0.00000000d+00  0.00000000d+00  0.00000000d+00  0.00000000d+00
  0.00000000d+00  0.00000000d+00  0.00000000d+00 -3.21617808d+02 -2.33547658d+01
O2                Oxygen. Gurvich et al. v1, pt 2, p9, 1989.
 3 TPIS89 O   2.00    0.00    0.00    0.00    0.00 0     31.99880          0.000
    200.000  1000.000 7 -2.0 -1.0  0.0  1.0  2.0  3.0  4.0  0.0         8680.104
 -3.42556269d+04  4.84699986d+02  1.11901159d+00  4.29388743d-03 -6.83627313d-07
 -2.02337478d-09  1.03904064d-12  0.00000000d+00 -3.39145434d+03  1.84969912d+01
   1000.000  6000.000 7 -2.0 -1.0  0.0  1.0  2.0  3.0  4.0  0.0         8680.104
 -1.03793994d+06  2.34483275d+03  1.81972949d+00  1.26784887d-03 -2.18807142d-07
  2.05372411d-11 -8.19349062d-16  0.00000000d+00 -1.68901253d+04  1.73871835d+01
   6000.000 20000.000 7 -2.0 -1.0  0.0  1.0  2.0  3.0  4.0  0.0         8680.104
  4.97515261d+08 -2.86602339d+05  6.69015464d+01 -6.16971869d-03  3.01623757d-07
 -7.42087888d-12  7.27744063d-17  0.00000000d+00  2.29348755d+06 -5.53044968d+02
Os(cr)  Osmium REFERENCE ELEMENT   Gurvich's Thermel 1992   HF298=0.0                               
 2 T 8/10 OS  1.00    0.00    0.00    0.00    0.00 1  190.2300000          0.000
    298.150  1000.000 7 -2.0 -1.0  0.0  1.0  2.0  3.0  4.0  0.0         4987.328
 2.443460219D+04-4.846809610D+02 5.388054870D+00-5.351394640D-03 7.196305980D-06
-4.744742670D-09 1.293780708D-12 0.000000000D+00 1.420061757D+03-2.695710048D+01
   1000.000  3300.000 7 -2.0 -1.0  0.0  1.0  2.0  3.0  4.0  0.0         4987.328
-1.344920042D+05 4.477004480D+02 2.439352868D+00 6.246221920D-04-1.285620053D-07
 7.745021220D-11-4.313822430D-15 0.000000000D+00-3.723140520D+03-9.331727390D+00
Os(L)  Osmium REFERENCE ELENENT   Gurvich's Thermel 1992  HF298=0.0                               
 1 T 8/10 OS  1.00    0.00    0.00    0.00    0.00 2  190.2300000          0.000
   3300.000  6000.000 7 -2.0 -1.0  0.0  1.0  2.0  3.0  4.0  0.0         4987.328
 1.470652206D+08-2.050725679D+05 1.241829301D+02-3.601053140D-02 6.119840880D-06
-5.498947680D-10 2.040906959D-14 0.000000000D+00 1.452096049D+06-9.555194330D+02
P(cr)             Phosphorus Crystal(White). TPIS 1989. JANAF June,1961.
 1 TPIS89 P   1.00    0.00    0.00    0.00    0.00 1     30.97376          0.000
    195.400   317.300 7 -2.0 -1.0  0.0  1.0  2.0  3.0  4.0  0.0         5360.000
 -5.18307013d+06  1.23770226d+05 -1.22327661d+03  6.43673665d+00 -1.89019497d-02
  2.94703497d-05 -1.90586805d-08  0.00000000d+00 -5.26197599d+05  6.05896343d+03
P(l)              Phosphorus Liquid. TPIS 1989.
 1 TPIS89 P   1.00    0.00    0.00    0.00    0.00 2     30.97376          0.000
    317.300  6000.000 1  0.0  0.0  0.0  0.0  0.0  0.0  0.0  0.0         5360.000
  3.14149601d+00  0.00000000d+00  0.00000000d+00  0.00000000d+00  0.00000000d+00
  0.00000000d+00  0.00000000d+00  0.00000000d+00 -8.62143286d+02 -1.27227301d+01
Pb(cr)            Lead Cubic. TPIS 1991, v1, p400, v2, p337.
 1 TPIS91 PB  1.00    0.00    0.00    0.00    0.00 1    207.20000          0.000
    200.000   600.650 7 -2.0 -1.0  0.0  1.0  2.0  3.0  4.0  0.0         6870.000
 -6.14963371d+05  1.06571168d+04 -7.12985369d+01  2.66839007d-01 -5.18198386d-04
  5.23863012d-07 -2.15163077d-10  0.00000000d+00 -4.97404840d+04  3.85580206d+02
Pb(l)             Lead Liquid. TPIS 1991, v1, p400, v2, p337.
 1 TPIS91 PB  1.00    0.00    0.00    0.00    0.00 2    207.20000          0.000
    600.650  3600.000 5  0.0  1.0 -2.0  2.0  3.0  0.0  0.0  0.0         6870.000
  4.36429808d+00 -1.23639276d-03 -3.79817933d+04  4.94677377d-07 -5.23181763d-11
  0.00000000d+00  0.00000000d+00  0.00000000d+00 -8.88733046d+02 -1.61955968d+01
Pd(cr)  Paladium  REFERENCE ELEMENT   Gurvich's Thermel 1992  HF298=0.0                          
 2 T 8/10 PD  1.00    0.00    0.00    0.00    0.00 1  106.4200000          0.000
    298.150  1000.000 7 -2.0 -1.0  0.0  1.0  2.0  3.0  4.0  0.0            0.000
-1.072778435D+04-1.131840503D+02 4.017893070D+00-1.919890987D-03 2.054458107D-06
-5.309020590D-10 2.185757457D-14 0.000000000D+00-5.208177280D+02-1.832413939D+01
   1000.000  1827.000 7 -2.0 -1.0  0.0  1.0  2.0  3.0  4.0  0.0            0.000
-1.508458073D+08 6.675655930D+05-1.216479301D+03 1.177474131D+00-6.333996430D-04
 1.804602785D-07-2.125574423D-11 0.000000000D+00-3.961891550D+06 8.088155070D+03
Pd(L)  Paladium  REFERENCE ELEMENT  Gurvich's Thermel 1992                          
 1 T 8/10 PD  1.00    0.00    0.00    0.00    0.00 2  106.4200000          0.000
   1827.000  6000.000 7 -2.0 -1.0  0.0  1.0  2.0  3.0  4.0  0.0            0.000
 7.281245160D+06-1.150574577D+04 1.142771485D+01-1.522387508D-03 1.251099369D-07
 4.846255680D-12-8.951009070D-16 0.000000000D+00 7.941400220D+04-7.652097100D+01
Po Polonium (cr) REFERENCE ELEMENT  HF298=0.0 kJ  Gurvich's Thermel 1992                                
 1 T 3/13 PO  1.00    0.00    0.00    0.00    0.00 0  208.9824000          0.000
    298.150   527.000 5 -2.0 -1.0  0.0  1.0  2.0  0.0  0.0  0.0         6698.584
-4.774038580D+04 4.642786550D+02 6.814505340D-01 5.229944300D-03-1.506482174D-06
 0.000000000D+00 0.000000000D+00 0.000000000D+00-3.227713830D+03 3.370356780D+00
Po Polonium (l)  REFERENCE Element  Gurvich, Thermel 1992              
 2 T10/11 PO  1.00    0.00    0.00    0.00    0.00 0  208.9824000          0.000
    527.000  1000.000 6 -2.0 -1.0  0.0  1.0  2.0  3.0  0.0  0.0         6698.584
-1.016357346D+08 6.949359240D+05-1.874185815D+03 2.508222209D+00-1.655986460D-03
 4.323861970D-07 0.000000000D+00 0.000000000D+00-3.834418610D+06 1.178012193D+04
   1000.000  1900.000 7 -2.0 -1.0  0.0  1.0  2.0  3.0  4.0  0.0         6698.584
-1.282155988D+09 5.538284180D+06-9.868489220D+03 9.297204990D+00-4.879514360D-03
 1.353436841D-06-1.550301381D-10 0.000000000D+00-3.299653870D+07 6.581042340D+04
Pt(cr) REFERENCE ELEMENTS   Gurvich Thermel 1992  HF298=0. kJ                       
 2 T08/10 PT  1.00    0.00    0.00    0.00    0.00 1  195.0780000          0.000
    298.150  1000.000 7 -2.0 -1.0  0.0  1.0  2.0  3.0  4.0  0.0            0.000
-2.885343789D+04 2.424582072D+02 1.920721791D+00 2.952416681D-03-2.722828634D-06
 1.440211554D-09-2.564505256D-13 0.000000000D+00-2.160761820D+03-6.064583310D+00
   1000.000  2042.000 7 -2.0 -1.0  0.0  1.0  2.0  3.0  4.0  0.0            0.000
-1.016365531D+06 4.233068640D+03-4.355283790D+00 7.462371980D-03-3.771096310D-06
 1.088337846D-09-9.335719740D-14 0.000000000D+00-2.628863394D+04 3.687607820D+01
Pt(L)   REFERENCE ELEMENTS   Gurvich Thermel 1992                       
 1 T08/10 PT  1.00    0.00    0.00    0.00    0.00 2  195.0780000          0.000
   2042.000  6000.000 7 -2.0 -1.0  0.0  1.0  2.0  3.0  4.0  0.0            0.000
-4.246881470D+08 7.692113930D+05-5.598901810D+02 2.154468983D-01-4.496162760D-05
 4.871252010D-09-2.141924726D-13 0.000000000D+00-5.259393010D+06 4.247089450D+03
Rb(cr)            Rubidium Cubic Crystal. CODATA 1989. p260. JANAF 12/83.
 1 CODA89 RB  1.00    0.00    0.00    0.00    0.00 1     85.46780          0.000
    100.000   312.470 6 -2.0 -1.0  0.0  1.0  2.0  3.0  0.0  0.0         7489.000
 -1.69367859d+05  5.11676389d+03 -5.68676003d+01  3.40354309d-01 -9.34799517d-04
  1.01751224d-06  0.00000000d+00  0.00000000d+00 -2.16454707d+04  2.80535066d+02
Rb(l)             Rubidium Liquid. CODATA 1989. p260.
 2 CODA89 RB  1.00    0.00    0.00    0.00    0.00 2     85.46780          0.000
    312.470  1000.000 7 -2.0 -1.0  0.0  1.0  2.0  3.0  4.0  0.0         7489.000
  2.36239429d+04  2.86935048d+02  1.54498856d+00  5.16831217d-03 -6.07029270d-06
  3.35063626d-09 -5.18539891d-13  0.00000000d+00 -1.93550099d+03  1.06955958d+00
   1000.000  2100.000 7 -2.0 -1.0  0.0  1.0  2.0  3.0  4.0  0.0         7489.000
 -3.67448669d+05  1.77978869d+03 -3.42604680d-01  5.32311098d-03 -4.26280615d-06
  1.69980461d-09 -4.41814026d-14  0.00000000d+00 -1.11133067d+04  1.47790546d+01
S(a)              Sulfur Alpha Crystal. TPIS 1989.
 1 TPIS89 S   1.00    0.00    0.00    0.00    0.00 1     32.06600          0.000
    200.000   368.300 4 -2.0  0.0  1.0  2.0  0.0  0.0  0.0  0.0         4412.000
 -1.03571077d+04  1.86676693d+00  4.25614029d-03 -3.26525232d-06  0.00000000d+00
  0.00000000d+00  0.00000000d+00  0.00000000d+00 -7.51638956d+02 -7.96106695d+00
S(b)              Sulfur Beta Crystal. TPIS 1989.
 1 TPIS89 S   1.00    0.00    0.00    0.00    0.00 2     32.06600          0.000
    368.300   388.360 2  0.0  1.0  0.0  0.0  0.0  0.0  0.0  0.0         4412.000
  2.08051413d+00  2.44087956d-03  0.00000000d+00  0.00000000d+00  0.00000000d+00
  0.00000000d+00  0.00000000d+00  0.00000000d+00 -6.85271473d+02 -8.60784675d+00
S(l)              Sulfur Liquid. TPIS 1989.
 5 TPIS89 S   1.00    0.00    0.00    0.00    0.00 3     32.06600          0.000
    388.360   428.150 4  0.0  1.0 -2.0  2.0  0.0  0.0  0.0  0.0         4412.000
  2.37686069d+03 -7.88807603d+00 -6.36655076d+07  7.37607652d-03  0.00000000d+00
  0.00000000d+00  0.00000000d+00  0.00000000d+00 -6.35659492d+05 -1.18692959d+04
    428.150   432.250 3  0.0  1.0  2.0  0.0  0.0  0.0  0.0  0.0         4412.000
  6.92852231d+03 -3.25465598d+01  3.82444818d-02  0.00000000d+00  0.00000000d+00
  0.00000000d+00  0.00000000d+00  0.00000000d+00 -9.83222268d+05 -3.15480675d+04
    432.250   453.150 3  0.0  1.0  2.0  0.0  0.0  0.0  0.0  0.0         4412.000
  1.64994570d+02 -6.84353498d-01  7.31590797d-04  0.00000000d+00  0.00000000d+00
  0.00000000d+00  0.00000000d+00  0.00000000d+00 -2.63884693d+04 -7.68173010d+02
    453.150   717.000 4  0.0  1.0 -2.0  2.0  0.0  0.0  0.0  0.0         4412.000
 -2.44100975d+01  6.09035289d-02  1.97298458d+06 -3.74406910d-05  0.00000000d+00
  0.00000000d+00  0.00000000d+00  0.00000000d+00  1.11301344d+04  1.36317418d+02
    717.000  6000.000 1  0.0  0.0  0.0  0.0  0.0  0.0  0.0  0.0         4412.000
  3.84869343d+00  0.00000000d+00  0.00000000d+00  0.00000000d+00  0.00000000d+00
  0.00000000d+00  0.00000000d+00  0.00000000d+00 -8.28458983d+02 -1.73612824d+01
Sb(cr)  SOLID   REFERENCE ELEMENT  Gurvich Thermel 1992                                      
 1 T 8/13 SB  1.00    0.00    0.00    0.00    0.00 0  121.7600000          0.000
    298.150   903.910 7 -2.0 -1.0  0.0  1.0  2.0  3.0  4.0  0.0         5822.000
-3.294391780D+03-6.564138070D+01 3.706883430D+00-2.402603307D-03 3.743698320D-06
-9.563664530D-10 2.816378427D-13 0.000000000D+00-6.667879990D+02-1.537933851D+01
Sb(L)  LIQUID  REFERENCE ELEMENT Gurvich Thermel 1992                                       
 1 T 8/13 SB  1.00    0.00    0.00    0.00    0.00 0  121.7600000          0.000
    903.910  5000.000 7 -2.0 -1.0  0.0  1.0  2.0  3.0  4.0  0.0         5822.000
-4.166257140D+02 1.290781590D+00 4.027573340D+00 8.894370460D-07-2.744243866D-10
 4.265231110D-14-2.611371247D-18 0.000000000D+00 8.345941580D+02-1.563009966D+01
Si(cr)            Silicon Cubic. TPIS 1991, v1, p237, v2, p220.
 2 TPIS91 SI  1.00    0.00    0.00    0.00    0.00 1     28.08550          0.000
    200.000   298.150 3 -2.0  0.0  1.0  0.0  0.0  0.0  0.0  0.0         3217.471
 -2.32353821d+04  2.10202168d+00  1.80922055d-03  0.00000000d+00  0.00000000d+00
  0.00000000d+00  0.00000000d+00  0.00000000d+00 -7.85063521d+02 -1.03842732d+01
    298.150  1690.000 3 -2.0  0.0  1.0  0.0  0.0  0.0  0.0  0.0         3217.471
 -5.23255973d+04  2.85016942d+00  3.97516697d-04  0.00000000d+00  0.00000000d+00
  0.00000000d+00  0.00000000d+00  0.00000000d+00 -1.04294723d+03 -1.43896419d+01
Si(l)             Silicon Liquid. TPIS 1991, v1, p237, v2, p220.
 1 TPIS91 SI  1.00    0.00    0.00    0.00    0.00 2     28.08550          0.000
   1690.000  6000.000 1  0.0  0.0  0.0  0.0  0.0  0.0  0.0  0.0         3217.471
  3.27138941d+00  0.00000000d+00  0.00000000d+00  0.00000000d+00  0.00000000d+00
  0.00000000d+00  0.00000000d+00  0.00000000d+00  4.88266711d+03 -1.32661107d+01
Sn(cr)            Tin CrI,tetragonal. TPIS 1991, pt1, p350, pt2, p300.
 1 TPIS91 SN  1.00    0.00    0.00    0.00    0.00 1    118.71000          0.000
    200.000   505.118 7 -2.0 -1.0  0.0  1.0  2.0  3.0  4.0  0.0         6323.000
 -9.97024407d+05  1.86499389d+04 -1.39295611d+02  5.65260001d-01 -1.22911721d-03
  1.39820635d-06 -6.46558470d-10  0.00000000d+00 -8.47956756d+04  7.31772689d+02
Sn(l)             Tin Liquid. TPIS 1991, pt1, p350, pt2, p300.
 1 TPIS91 SN  1.00    0.00    0.00    0.00    0.00 2    118.71000          0.000
    505.118  4700.000 4  0.0  1.0 -2.0  2.0  0.0  0.0  0.0  0.0         6323.000
  3.02892173d+00  2.53171865d-04  9.84784431d+04 -1.96042822d-08  0.00000000d+00
  0.00000000d+00  0.00000000d+00  0.00000000d+00  2.20965170d+02 -9.08978377d+00
Sr(a)             Strontium Alpha Crystal. Alcock, JPCRD 1992.
 2 SRD 92 SR  1.00    0.00    0.00    0.00    0.00 1     87.62000          0.000
    100.000   298.150 7 -2.0 -1.0  0.0  1.0  2.0  3.0  4.0  0.0         6558.289
 -4.15030815d+03  1.55984581d+02 -2.62349821d-01  2.94539370d-02 -1.21295032d-04
  2.40106673d-07 -1.70879069d-10  0.00000000d+00 -1.45579970d+03  3.43525498d+00
    298.150   820.000 7 -2.0 -1.0  0.0  1.0  2.0  3.0  4.0  0.0         6558.289
  1.29434497d+05 -1.64609315d+03  1.11106993d+01 -1.97361897d-02  2.91069831d-05
 -2.16329158d-08  6.50775144d-12  0.00000000d+00  7.15997736d+03 -5.67135375d+01
Sr(b)             Strontium Beta Crystal. Alcock, JPCRD 1992.
 1 SRD 92 SR  1.00    0.00    0.00    0.00    0.00 2     87.62000          0.000
    820.000  1041.000 2  0.0  1.0  0.0  0.0  0.0  0.0  0.0  0.0         6558.289
  3.19032631d+00  4.83732655d-04  0.00000000d+00  0.00000000d+00  0.00000000d+00
  0.00000000d+00  0.00000000d+00  0.00000000d+00 -8.56099126d+02 -1.15723843d+01
Sr(l)             Strontium  Liquid. Alcock, JPCRD 1992.
 1 SRD 92 SR  1.00    0.00    0.00    0.00    0.00 3     87.62000          0.000
   1041.000  6000.000 1  0.0  0.0  0.0  0.0  0.0  0.0  0.0  0.0         6558.289
  4.45005178d+00  0.00000000d+00  0.00000000d+00  0.00000000d+00  0.00000000d+00
  0.00000000d+00  0.00000000d+00  0.00000000d+00 -9.43194037d+02 -1.88970339d+01
T2 DiTritium  (g)   HF298=0.0   Gurvich's Thermel 1992 REFERENCE ELEMENT                
 2 T 9/10 T   2.00    0.00    0.00    0.00    0.00 0    6.032098           0.000
    298.150  1000.000 7 -2.0 -1.0  0.0  1.0  2.0  3.0  4.0  0.0         8610.672
 7.098645600D+04-9.508961170D+02 8.681395670D+00-1.437011415D-02 2.072964832D-05
-1.377202449D-08 3.549179850D-12 0.000000000D+00 3.548656350D+03-3.033451359D+01
   1000.000  6000.000 7 -2.0 -1.0  0.0  1.0  2.0  3.0  4.0  0.0         8610.672
 5.383074920D+05-1.919688708D+03 5.388331010D+00-3.724554640D-05-4.928813410D-08
 1.944418965D-11-1.684745994D-15 0.000000000D+00 1.102340777D+04-1.597480131D+01
Ta(cr)            Tantalum Crystal. JANAF Dec. 1972.
 3 J12/72 TA  1.00    0.00    0.00    0.00    0.00 1    180.94790          0.000
    200.000  1000.000 7 -2.0 -1.0  0.0  1.0  2.0  3.0  4.0  0.0         5681.000
  1.51994043d+04 -4.92714147d+02  6.85560442d+00 -1.36662520d-02  2.56146572d-05
 -2.23563067d-08  7.38982999d-12  0.00000000d+00  1.23607677d+03 -3.25207475d+01
   1000.000  2000.000 7 -2.0 -1.0  0.0  1.0  2.0  3.0  4.0  0.0         5681.000
 -1.00139000d+08  4.69301495d+05 -8.98629582d+02  9.07878690d-01 -5.04024569d-04
  1.46307763d-07 -1.73347779d-11  0.00000000d+00 -2.76010352d+06  5.93530091d+03
   2000.000  3258.000 7 -2.0 -1.0  0.0  1.0  2.0  3.0  4.0  0.0         5681.000
  1.28624807d+05  5.62481594d+02 -2.26408665d+00  6.79174712d-03 -2.94897588d-06
  5.06066667d-10 -8.39124813d-15  0.00000000d+00 -1.57096759d+03  1.97998287d+01
Ta(l)             Tantalum Liquid. JANAF Dec. 1972.
 1 J12/72 TA  1.00    0.00    0.00    0.00    0.00 2    180.94790          0.000
   3258.000  6000.000 1  0.0  0.0  0.0  0.0  0.0  0.0  0.0  0.0         5681.000
  5.03216666d+00  0.00000000d+00  0.00000000d+00  0.00000000d+00  0.00000000d+00
  0.00000000d+00  0.00000000d+00  0.00000000d+00 -7.43604205d+02 -2.59736267d+01
Tc (cr)  Technetium  REFERENCE ELEMENT    HF298=0.0  Gurvich Thermel 1992                       
 2 T02/13 TC  1.00    0.00    0.00    0.00    0.00 0   97.9072000          0.000
    298.150  1000.000 7 -2.0 -1.0  0.0  1.0  2.0  3.0  4.0  0.0         5200.000
-8.508934450D+03-7.399990370D+01 3.252301900D+00-3.653020550D-06 8.609345090D-07
-5.349824710D-10 1.344624472D-13 0.000000000D+00-5.830413860D+02-1.489011263D+01
   1000.000  2430.000 7 -2.0 -1.0  0.0  1.0  2.0  3.0  4.0  0.0         5200.000
 3.294264550D+04-2.162096048D+02 3.321011190D+00 3.484230240D-04 1.832017427D-07
-4.788235460D-11 5.067867180D-15 0.000000000D+00 3.260275070D+02-1.562945124D+01
Tc (l)   Technetium  REFERENCE ELEMENT    HF298=0.0  Gurvich Thermel 1992                      
 1 T02/13 TC  1.00    0.00    0.00    0.00    0.00 0   97.9072000          0.000
   2430.000  6000.000 7 -2.0 -1.0  0.0  1.0  2.0  3.0  4.0  0.0         5200.000
-1.096167643D+05 1.813348869D+02 5.529533370D+00 4.398509010D-05-8.680801630D-09
 8.970882280D-13-3.789640120D-17 0.000000000D+00-2.751580408D+03-2.994395932D+01
Th(a)             Thorium Alpha Crystal. CODATA 1989. p239.
 1 CODA89 TH  1.00    0.00    0.00    0.00    0.00 1    232.03810          0.000
    200.000  1650.000 7 -2.0 -1.0  0.0  1.0  2.0  3.0  4.0  0.0         6350.000
 -1.45324716d+04  1.50522244d+02  2.27069476d+00  2.05861436d-03 -9.21661476d-07
  4.31679639d-10 -7.95065689d-14  0.00000000d+00 -1.66753636d+03 -6.85717696d+00
Th(b)             Thorium Beta Crystal. CODATA 1989. p239.
 1 CODA89 TH  1.00    0.00    0.00    0.00    0.00 2    232.03810          0.000
   1650.000  2023.000 6 -2.0 -1.0  0.0  1.0  2.0  3.0  0.0  0.0         6350.000
 -4.48357108d+06  1.19995994d+04 -1.09903656d+01  8.36771354d-03 -1.87025534d-06
  2.02506449d-10  0.00000000d+00  0.00000000d+00 -7.67962666d+04  8.90805067d+01
Th(l)             Thorium Liquid. CODATA 1989. p239.
 1 CODA89 TH  1.00    0.00    0.00    0.00    0.00 3    232.03810          0.000
   2023.000  6000.000 1  0.0  0.0  0.0  0.0  0.0  0.0  0.0  0.0         6350.000
  5.53249680d+00  0.00000000d+00  0.00000000d+00  0.00000000d+00  0.00000000d+00
  0.00000000d+00  0.00000000d+00  0.00000000d+00 -2.19182510d+03 -2.76007193d+01
Ti(a)             Titanium Alpha Crystal. CODATA 1989, p230.
 2 CODA89 TI  1.00    0.00    0.00    0.00    0.00 1     47.88000          0.000
    200.000   900.000 7 -2.0 -1.0  0.0  1.0  2.0  3.0  4.0  0.0         4824.000
  3.59859866d+04 -8.27230199d+02  7.68909544d+00 -1.14396776d-02  1.39210439d-05
 -4.69104858d-09 -9.85215763d-13  0.00000000d+00  2.93661954d+03 -3.98513673d+01
    900.000  1156.000 4 -2.0  0.0  1.0  2.0  0.0  0.0  0.0  0.0         4824.000
 -2.87623571d+06  4.57315324d+01 -7.69238133d-02  3.79991938d-05  0.00000000d+00
  0.00000000d+00  0.00000000d+00  0.00000000d+00 -2.03802387d+04 -2.51627018d+02
Ti(b)             Titanium Beta Crystal. CODATA 1989, p230.
 1 CODA89 TI  1.00    0.00    0.00    0.00    0.00 2     47.88000          0.000
   1156.000  1944.000 7 -2.0 -1.0  0.0  1.0  2.0  3.0  4.0  0.0         4824.000
 -1.62589190d+06  6.28107830d+03 -8.06015068d+00  9.34863930d-03 -3.77346316d-06
  1.06605590d-09 -1.13836962d-13  0.00000000d+00 -3.75203373d+04  6.17294291d+01
Ti(l)             Titanium Liquid. CODATA 1989, p230.
 1 CODA89 TI  1.00    0.00    0.00    0.00    0.00 3     47.88000          0.000
   1944.000  6000.000 1  0.0  0.0  0.0  0.0  0.0  0.0  0.0  0.0         4824.000
  5.62871414d+00  0.00000000d+00  0.00000000d+00  0.00000000d+00  0.00000000d+00
  0.00000000d+00  0.00000000d+00  0.00000000d+00 -2.37735466d+03 -3.07944348d+01
U(a)              Uranium Alpha Crystal. CODATA, 1989, p234.
 1 CODA89 U   1.00    0.00    0.00    0.00    0.00 1    238.02890          0.000
    200.000   942.000 7 -2.0 -1.0  0.0  1.0  2.0  3.0  4.0  0.0         6364.000
 -1.54089926d+04  2.31880168d+02  1.22794467d+00  7.13611700d-03 -1.01803851d-05
  1.13688431d-08 -3.66936726d-12  0.00000000d+00 -1.98692173d+03 -2.03597510d+00
U(b)              Uranium Beta Crystal. CODATA, 1989, p234.
 1 CODA89 U   1.00    0.00    0.00    0.00    0.00 2    238.02890          0.000
    942.000  1049.000 1  0.0  0.0  0.0  0.0  0.0  0.0  0.0  0.0         6364.000
  5.09951879d+00  0.00000000d+00  0.00000000d+00  0.00000000d+00  0.00000000d+00
  0.00000000d+00  0.00000000d+00  0.00000000d+00 -1.67208015d+03 -2.37803012d+01
U(c)              Uranium Gamma Crystal. CODATA, 1989, p234.
 1 CODA89 U   1.00    0.00    0.00    0.00    0.00 3    238.02890          0.000
   1049.000  1408.000 1  0.0  0.0  0.0  0.0  0.0  0.0  0.0  0.0         6364.000
  4.60640495d+00  0.00000000d+00  0.00000000d+00  0.00000000d+00  0.00000000d+00
  0.00000000d+00  0.00000000d+00  0.00000000d+00 -5.85918728d+02 -1.98080904d+01
U(l)              Uranium Liquid. CODATA, 1989, p234.
 1 CODA89 U   1.00    0.00    0.00    0.00    0.00 4    238.02890          0.000
   1408.000  4000.000 7 -2.0 -1.0  0.0  1.0  2.0  3.0  4.0  0.0         6364.000
 -9.46457587d+04  8.52609383d+02  4.20918445d+00  8.40688688d-04 -1.30945011d-07
  1.98486896d-11 -1.23147704d-15  0.00000000d+00 -5.95605859d+03 -1.66728821d+01
V(cr)             Vanadium Crystal. JANAF Jun.1973.
 3 J 6/73 V   1.00    0.00    0.00    0.00    0.00 1     50.94150          0.000
    200.000   600.000 7 -2.0 -1.0  0.0  1.0  2.0  3.0  4.0  0.0         4640.000
  2.84512855d+05 -5.09493777d+03  3.71502235d+01 -1.17603233d-01  2.25582643d-04
 -2.26064583d-07  9.28961059d-11  0.00000000d+00  2.25438042d+04 -1.96824359d+02
    600.000  1400.000 7 -2.0 -1.0  0.0  1.0  2.0  3.0  4.0  0.0         4640.000
  1.37165969d+06 -7.84498577d+03  2.09446180d+01 -2.05469535d-02  1.32253938d-05
 -4.03924734d-09  5.08265738d-13  0.00000000d+00  4.37337289d+04 -1.29233649d+02
   1400.000  2190.000 7 -2.0 -1.0  0.0  1.0  2.0  3.0  4.0  0.0         4640.000
  3.01074730d+08 -1.12590725d+06  1.74743861d+03 -1.43303960d+00  6.59212087d-04
 -1.60734027d-07  1.62669190d-11  0.00000000d+00  6.86713237d+06 -1.18858983d+04
V(l)              Vanadium Liquid. JANAF Jun.1973.
 1 J 6/73 V   1.00    0.00    0.00    0.00    0.00 2     50.94150          0.000
   2190.000  6000.000 1  0.0  0.0  0.0  0.0  0.0  0.0  0.0  0.0         4640.000
  5.55703222d+00  0.00000000d+00  0.00000000d+00  0.00000000d+00  0.00000000d+00
  0.00000000d+00  0.00000000d+00  0.00000000d+00 -1.89966673d+03 -3.07053017d+01
W(cr)             Tungsten Crystal. JANAF Jun.1966.
 4 J 6/66 W   1.00    0.00    0.00    0.00    0.00 1    183.85000          0.000
    200.000  1000.000 7 -2.0 -1.0  0.0  1.0  2.0  3.0  4.0  0.0         4973.000
 -6.82455464d+03 -2.25424722d+02  4.97660354d+00 -6.92643328d-03  1.20227252d-05
 -9.34412999d-09  2.81888606d-12  0.00000000d+00 -3.51156984d+00 -2.36133439d+01
   1000.000  2600.000 7 -2.0 -1.0  0.0  1.0  2.0  3.0  4.0  0.0         4973.000
  5.52886294d+05 -2.04100016d+03  5.87008566d+00 -1.92010346d-03  1.06738074d-06
 -2.35447554d-10  2.16007765d-14  0.00000000d+00  1.16351710d+04 -3.31865835d+01
   2600.000  3200.000 7 -2.0 -1.0  0.0  1.0  2.0  3.0  4.0  0.0         4973.000
  1.92311921d+10 -3.03636985d+07  1.78133988d+04 -4.23857661d+00  5.06441693d-05
  1.39972531d-07 -1.65846290d-11  0.00000000d+00  2.12672534d+08 -1.40097689d+05
   3200.000  3680.000 6 -2.0 -1.0  0.0  1.0  2.0  3.0  0.0  0.0         4973.000
  3.78994654d+10 -6.89555218d+07  4.81763289d+04 -1.63443124d+01  2.71172988d-03
 -1.76685379d-07  0.00000000d+00  0.00000000d+00  4.72919211d+08 -3.68164866d+05
W(l)              Tungsten Liquid. JANAF Jun.1966.
 1 J 6/66 W   1.00    0.00    0.00    0.00    0.00 2    183.85000          0.000
   3680.000  6000.000 1  0.0  0.0  0.0  0.0  0.0  0.0  0.0  0.0         4973.000
  4.27734166d+00  0.00000000d+00  0.00000000d+00  0.00000000d+00  0.00000000d+00
  0.00000000d+00  0.00000000d+00  0.00000000d+00  2.75541489d+03 -2.08644892d+01
Xe                Xenon. NSRDS-NBS 35, 1971. FIXEDN = 5 with FILL.
 3 L12/91 XE  1.00    0.00    0.00    0.00    0.00 0    131.29000          0.000
    200.000  1000.000 7 -2.0 -1.0  0.0  1.0  2.0  3.0  4.0  0.0         6197.428
  6.60802392d-03 -9.53610408d-05  2.50000053d+00 -1.49716621d-09  2.21314503d-12
 -1.64711078d-15  4.84969606d-19  0.00000000d+00 -7.45374544d+02  6.16441696d+00
   1000.000  6000.000 7 -2.0 -1.0  0.0  1.0  2.0  3.0  4.0  0.0         6197.428
  1.10419906d+03 -3.31828724d+00  2.50387762d+00 -2.25191164d-06  6.86935273d-10
 -1.04849430d-13  6.29438941d-18  0.00000000d+00 -7.24304574d+02  6.13680991d+00
   6000.000 20000.000 7 -2.0 -1.0  0.0  1.0  2.0  3.0  4.0  0.0         6197.428
  1.12165502d+09 -4.37739937d+05  3.09526795d+01  9.40975389d-03 -1.78186678d-06
  1.11007713d-10 -2.27006881d-15  0.00000000d+00  3.75008887d+06 -3.30380169d+02
Zn(cr)            Zinc Crystal. CODATA 1989, p221.
 1 CODA89 ZN  1.00    0.00    0.00    0.00    0.00 1     65.39000          0.000
    200.000   692.730 7 -2.0 -1.0  0.0  1.0  2.0  3.0  4.0  0.0         5657.000
  3.70205418d+05 -5.91543178d+03  3.95947111d+01 -1.14372581d-01  1.93434497d-04
 -1.67536697d-07  6.07811933d-11  0.00000000d+00  2.68171703d+04 -2.11483251d+02
Zn(l)             Zinc Liquid. CODATA 1989, p221.
 1 CODA89 ZN  1.00    0.00    0.00    0.00    0.00 2     65.39000          0.000
    692.730  6000.000 1  0.0  0.0  0.0  0.0  0.0  0.0  0.0  0.0         5657.000
  3.77653043d+00  0.00000000d+00  0.00000000d+00  0.00000000d+00  0.00000000d+00
  0.00000000d+00  0.00000000d+00  0.00000000d+00 -4.31734581d+02 -1.56707793d+01
Zr(a)             Zirconium Alpha Crystal.  JANAF Jun.1979.
 1 J 6/79 ZR  1.00    0.00    0.00    0.00    0.00 1     91.22400          0.000
    200.000  1135.000 7 -2.0 -1.0  0.0  1.0  2.0  3.0  4.0  0.0         5497.000
 -1.15369959d+04  2.62620863d+01  2.93205442d+00  5.74336614d-04 -7.65172100d-07
  1.59720357d-09 -6.09713165d-13  0.00000000d+00 -1.08415351d+03 -1.21577680d+01
Zr(b)             Zirconium Beta Crystal.  JANAF Jun.1979.
 1 J 6/79 ZR  1.00    0.00    0.00    0.00    0.00 2     91.22400          0.000
   1135.000  2125.000 7 -2.0 -1.0  0.0  1.0  2.0  3.0  4.0  0.0         5497.000
 -1.06298870d+06  4.26326338d+03 -3.15805844d+00  5.00530900d-03 -2.35697540d-06
  7.69131718d-10 -8.13924831d-14  0.00000000d+00 -2.63535516d+04  3.06135955d+01
Zr(l)             Zirconium Liquid.  JANAF Jun.1979.
 1 J 6/79 ZR  1.00    0.00    0.00    0.00    0.00 3     91.22400          0.000
   2125.000  6000.000 1  0.0  0.0  0.0  0.0  0.0  0.0  0.0  0.0         5497.000
  5.03216666d+00  0.00000000d+00  0.00000000d+00  0.00000000d+00  0.00000000d+00
  0.00000000d+00  0.00000000d+00  0.00000000d+00 -1.10079587d+03 -2.54806600d+01
