       31
FEO2               2 Fe O   1  2             FeO2  Data for OFeO B3LYP SIGMA=1                           
 8 -2.14216385E+00  1.92800915E-03 -9.05936584E-07  1.52281243E-10 -9.94762322E-15 -1.00526359E+05 -1.65384557E+01 -4.26874557E+00  2.73643581E-03  1.15977834E-05 -1.97476266E-08  8.70439528E-12 -9.97397890E+04 -4.45411930E+00
AL2O3              2 Al O   2  3             Al2O3(G)   SIGMA=2                                          
 8 -8.71480330E-01  1.89062900E-03 -7.13027574E-07  1.15268540E-10 -7.50919713E-15 -2.35270209E+05 -5.61071481E+01 -1.00928644E+01  4.14128889E-02 -6.99553766E-05  5.73452006E-08 -1.82959681E-11 -2.33378963E+05 -1.18136977E+01
ALH2               2 Al H   1  2             AlH2   T0=0. SIGMA=2                                        
 8 -3.32830820E+00  2.53130306E-03 -8.89907273E-07  1.51956045E-10 -1.00389294E-14 -5.81360860E+04 -3.88124254E+00 -4.21041963E+00  3.19613479E-03 -8.50241900E-08 -8.50459000E-11 -3.60640370E-13 -5.77253141E+04  1.31154503E+00
ALH3               2 Al H   1  3             AlH3   SIGMA=6                                              
 8 -5.25199495E+00  5.08213834E-03 -1.92919418E-06  3.25035837E-10 -2.03323341E-14 -1.01845154E+05 -8.63656148E+00 -7.05084978E+00  4.19410375E-03  9.88246631E-06 -1.41607033E-08  5.34063565E-12 -1.00990261E+05  2.26002945E+00
AL(OH)2            3 Al O  H   1  2  2       Al(OH)2   SIGMA=1                                           
 8 -4.94627452E+00  4.43527862E-03 -1.48261669E-06  2.24259595E-10 -1.30954957E-14 -2.12076650E+05 -2.55898508E+01 -1.13263050E+01  3.10308620E-02 -4.48080251E-05  3.25052723E-08 -9.18425262E-12 -2.10788630E+05  5.08141077E+00
AL(OH)3            3 Al O  H   1  3  3       Al(OH)3  SIGMA=3                                            
 8 -6.87829312E+00  6.86226329E-03 -2.30202063E-06  3.48203588E-10 -2.01663075E-14 -3.28683094E+05 -4.67521265E+01 -1.72476135E+01  5.04681708E-02 -7.45541096E-05  5.54759290E-08 -1.61323899E-11 -3.26592184E+05  3.04888556E+00
(WO3)5             2 W  O   5 15             W5O15  (WO3)5  PentaTungsten PentaDecaOxide  SIGMA=5        
 8 -2.01635661E+01  1.62831539E-02 -3.21743985E-06  5.70201725E-12  2.23248316E-14 -1.37976957E+06 -1.91734200E+02 -4.73679779E+01  2.10592866E-01 -3.55434419E-04  2.35587226E-07 -5.04475192E-11 -1.38111576E+06 -8.79237154E+01
CRCL               2 Cr Cl  1  1             CrCl  CromiumMonochloride SIGMA=1                           
 8 -2.08221029E+00  3.11641969E-03 -2.35528824E-06  6.65015470E-10 -6.41006039E-14 -4.61867405E+04  4.37550070E-01 -1.92603173E+00  6.57471938E-03 -1.53781254E-05  1.60587373E-08 -6.04946351E-12 -4.63824809E+04 -1.22307420E+00
CRCL2              2 Cr Cl  1  2             CrCl2  Chromium Dichloride  SIGMA=2                         
 8 -2.02814973E+00  2.14902607E-03 -1.27585312E-06  2.53253158E-10 -1.85390210E-14 -9.05751509E+04 -1.64958360E+01 -3.01107665E+00  1.24474221E-02 -3.13239986E-05  3.41744862E-08 -1.32070957E-11 -9.05679703E+04 -1.29902793E+01
CR2                1 Cr  2                   Cr2  calculated                                             
 8 -3.72797557E+00  5.36591558E-03 -2.14265675E-06  3.58370958E-10 -2.64679210E-14 -2.07531825E+04  6.35848358E+00 -1.90563574E+00  6.46344486E-03 -1.17995155E-05  9.77502039E-09 -2.70612767E-12 -2.17235643E+04 -4.96786206E+00
CRCL2O2            3 Cr Cl O   1  2  2       CrCl2O2    SIGMA=2                                          
 8 -1.77549660E+00  2.32103726E-03 -1.06080056E-06  1.78439766E-10 -1.21183716E-14 -1.99267911E+05 -5.11206644E+01 -9.64451422E+00  3.90746567E-02 -7.30551051E-05  6.62330330E-08 -2.29570089E-11 -1.97702272E+05 -1.38018589E+01
NA2O               2 Na O   2  1             Na2O DiSodium Oxide (gas) SIGMA=2                           
 8 -1.16362570E-01 -1.14100599E-04  1.87228161E-07 -5.84726128E-11  2.55763935E-15 -5.78421963E+04 -2.32884636E+01 -3.69048338E+00  1.74310268E-02 -3.43588990E-05  3.10960958E-08 -1.05768902E-11 -5.71980162E+04 -6.61136977E+00
NA2O2              2 Na O   2  2             Na2O2 Gas SIGMA=4                                           
 8 -6.64879550E-01  4.38726690E-04 -1.63639166E-08 -2.77360320E-11  8.08109248E-16 -1.00716994E+05 -3.78139402E+01 -8.27683076E+00  3.68772998E-02 -7.00473763E-05  6.19022616E-08 -2.07247990E-11 -9.93180369E+04 -2.11744168E+00
NANO3              3 Na N  O   1  1  3       NaNO3 Sodium Nitrate  SIGMA=2                               
 8 -2.62417713E+00  2.91731472E-03 -9.75642236E-07  1.31939456E-10 -8.12371875E-15 -1.93935363E+05 -4.62005881E+01 -1.04280052E+01  2.47026874E-02 -2.05541878E-05  4.15274296E-09  1.56807365E-12 -1.91818480E+05 -6.02407094E+00
K20                2 K  O   2  1             K2O(g)  HF298=-74.09 kJ REF=NASA (Glen) database Originating
 8  8.08381500E-02 -1.50611717E-03  1.16538783E-06 -3.40101795E-10  2.61051783E-14 -6.04204874E+04 -2.39197279E+01 -3.70009173E+00  1.60260602E-02 -3.29065213E-05  3.06415176E-08 -1.06348526E-11 -5.96615565E+04 -5.96017936E+00
K2O2               2 K  O   2  2             K2O2(g) HF298=-19                                           
 8 -4.41064000E-03 -8.72235383E-04  9.13230086E-07 -2.98508443E-10  2.35461121E-14 -1.04637138E+05 -4.08743330E+01 -7.44670680E+00  3.37727804E-02 -6.51772208E-05  5.83410329E-08 -1.97282640E-11 -1.03196723E+05 -5.67312410E+00
KNO3               3 K  N  O   1  1  3       KNO3(G) Potasium Nitrate REF=McBride, Zehe, Gordon NASA/TP-2
 8 -2.28805897E+00  2.25263103E-03 -5.05440975E-07 -4.70122035E-12  3.34179488E-15 -1.95480783E+05 -4.74210597E+01 -9.87843981E+00  2.18831583E-02 -1.46023739E-05 -1.50315339E-09  3.55858054E-12 -1.93343123E+05 -7.95995271E+00
K2CO3              3 K  C  O   2  1  3       K2CO3(g)  Potasium Carbonate                                
 8 -1.87293389E+00  2.08085873E-03 -2.43433196E-07 -1.08988171E-10  1.22231752E-14 -3.02548546E+05 -6.56362435E+01 -1.19362343E+01  3.60085493E-02 -4.65602403E-05  3.04983639E-08 -8.14271184E-12 -3.00031007E+05 -1.50544304E+01
H2S2               2 H  S   2  2             H2S2 HS-SH  DISULFANE  SIGMA=2                              
 8 -5.06470094E+00  4.92705404E-03 -1.92647812E-06  3.19779750E-10 -1.92089326E-14 -1.16115885E+05 -1.08108336E+01 -7.54334066E+00  9.86166896E-03 -5.23026300E-07 -8.28875140E-09  4.72989515E-12 -1.15370058E+05  2.35689652E+00
PO3                2 P  O   1  3             PO3   SIGMA=3                                               
 8 -2.24322240E+00  2.48653533E-03 -9.73155440E-07  1.33220294E-10 -6.24734901E-15 -1.81920755E+05 -3.18650488E+01 -7.23547250E+00  1.76823539E-02 -1.65874898E-05  5.28140284E-09  2.56336009E-13 -1.80661199E+05 -6.55016480E+00
P2O5               2 P  O   2  5             P2O5   SIGMA=2                                              
 8 -3.62300293E+00  5.59997647E-03 -2.19726360E-06  3.12531592E-10 -1.54918594E-14 -3.60943275E+05 -7.43511801E+01 -1.72419195E+01  6.43919537E-02 -1.07256736E-04  8.96021857E-08 -2.94187348E-11 -3.58142289E+05 -8.94968594E+00
HPO2               3 P  O  H   1  2  1       HPO2   HOPO  SIGMA=1                                        
 8 -3.19094003E+00  2.56121649E-03 -9.38936529E-07  1.24123189E-10 -5.56699980E-15 -1.80058036E+05 -2.29894956E+01 -9.09623651E+00  2.13544857E-02 -2.06089350E-05  6.14600585E-09  7.54576179E-13 -1.78650207E+05  6.64724751E+00
HPO3               3 P  O  H   1  3  1       HPO3  HOPO2  SIGMA=2                                        
 8 -3.90435571E+00  3.76630963E-03 -1.39144368E-06  1.96651386E-10 -9.88618127E-15 -2.39524139E+05 -3.75566132E+01 -1.28741356E+01  3.48374398E-02 -4.22600607E-05  2.42244487E-08 -5.27041682E-12 -2.37421895E+05  7.07347645E+00
H3PO4              3 H  P  O   3  1  4       H3PO4  Phosphoric acid O=P(OH)3 SIGMA=3                     
 8 -6.67140382E+00  5.64753646E-03 -1.82208008E-06  2.37339671E-10 -1.11297276E-14 -3.69931733E+05 -6.40856331E+01 -2.44979123E+01  8.24161033E-02 -1.28022658E-04  9.37057088E-08 -2.62209797E-11 -3.66547771E+05  2.07835867E+01
CRO3-              3 Cr O  el  1  3  1       CrO3- anion  SIGMA=6                                        
 8 -4.22997548E+00  2.28655378E-03 -1.25646259E-06  2.42737055E-10 -1.78234471E-14 -2.25768691E+05 -2.55867864E+01 -1.23895579E+01  3.67197662E-02 -6.02356496E-05  4.75702468E-08 -1.46397761E-11 -2.24073473E+05  1.37136448E+01
PO2-               3 P  O  el  1  2  1       PO2- anion  T0=0  SIGMA=2                                   
 8 -4.79027460E+00  2.03527005E-03 -8.10226278E-07  1.09528679E-10 -4.94046305E-15 -1.72059258E+05 -4.55701691E+00 -8.32599418E+00  1.44714788E-02 -1.81670629E-05  1.16664661E-08 -3.10553044E-12 -1.71225148E+05  1.30319133E+01
PO3-               3 P  O  el  1  3  1       PO3-  Methaphosphate  anion  SIGMA=3                        
 8 -5.32552424E+00  3.07212822E-03 -1.20003487E-06  1.71691640E-10 -8.62909433E-15 -2.38788918E+05 -1.97750171E+01 -1.23496702E+01  2.91552369E-02 -4.04914186E-05  2.86175788E-08 -8.22209530E-12 -2.37177977E+05  1.48800519E+01
WO3-               3 W  O  el  1  3  1       WO3-  Tungsten Trioxide anion  SIGMA=6                      
 8 -8.19922073E+00  3.43136176E-03 -5.83450567E-07 -2.49851371E-11  6.77504425E-15 -2.67383745E+05  9.39047790E-01 -1.26920970E+01  4.15385371E-02 -7.41234304E-05  5.21481241E-08 -1.22406535E-11 -2.68024921E+05  1.63083728E+01
C2H6               2 C  H   2  6             C2H6  ETHANE                                                
 8 -1.61645019E+01  1.57457489E-02 -5.68386929E-06  9.10674424E-10 -5.39541647E-14 -3.36112794E+05 -6.67337481E+00 -1.58170533E+01 -4.85847357E-03  5.84762613E-05 -6.93821772E-08  2.63355407E-11 -3.35249528E+05 -3.71572996E+00
NH4+               3 N  H  el  1  4 -1       NH4+  AMONIUM ION  SIGMA=12                                 
 8 -8.60023958E+00  9.47437590E-03 -3.17147243E-06  4.81819214E-10 -2.78138138E-14 -8.28885821E+04 -2.49059370E+00 -4.97790586E+00 -1.17099068E-02  3.97600414E-05 -3.69420221E-08  1.20264627E-11 -8.32841740E+04 -1.83332181E+01
H3+                2 H  el  3 -1             H3+ Trihydrogen Cation  Calculated                          
 8 -2.98564282E+00  4.15925769E-03 -1.42664877E-06  2.22372739E-10 -1.29346518E-14  5.60641520E+04 -4.91907398E+00 -8.20430200E-01 -8.68875627E-04 -1.09017371E-07  4.13349766E-09 -2.37877027E-12  5.54691820E+04 -1.62187646E+01
