213
H2          1  H  2
 1  -2.85850E+01  1.10441E+01 -4.92322E-02  1.51464E-03 -1.54456E-05
CH          2  H  C  1  1
 1  -2.69621E+01  8.56324E+00 -3.81708E-02  1.42148E-03 -2.06955E-05
CO          2  C  O  1  1
 1  -3.10215E+01  2.62384E+01 -4.15846E-02  1.25671E-03 -1.27153E-05
CH2         2  H  C  2  1
 1  -5.59353E+01  1.94014E+01 -1.02603E-01  4.43979E-03 -7.26262E-05
H2O         2  H  O  2  1
 1  -5.76540E+01  2.33130E+01 -8.69177E-02  2.56233E-03 -2.55430E-05
C2H         2  H  C  1  2
 1  -5.80417E+01  2.85911E+01 -4.60278E-02  1.53480E-03 -2.06730E-05
C2          1  C  2
 1  -2.90229E+01  1.44950E+01 -4.47247E-02  2.51592E-03 -5.34225E-05
C3          1  C  3
 1  -6.14314E+01  3.30145E+01 -1.26354E-01  5.70552E-03 -9.48087E-05
C4          1  C  4
 1  -9.29549E+01  4.53949E+01  5.56192E-03 -1.65781E-03  4.95574E-05
C5          1  C  5
 1  -1.24370E+02  6.20999E+01  4.59804E-02 -4.79074E-03  1.28802E-04
C2H2        2  H  C  2  2
 1  -8.74875E+01  3.98235E+01 -7.62519E-03 -2.19494E-03  8.36017E-05
HCO         3  H  C  O  1  1  1
 1  -5.75119E+01  2.82143E+01 -8.66067E-02  3.52674E-03 -5.53261E-05
H2CO        3  H  C  O  2  1  1
 1  -8.81249E+01  3.74848E+01 -9.95792E-02  3.92536E-03 -6.85748E-05
CH3         2  H  C  3  1
 1  -8.57322E+01  3.06886E+01 -1.16459E-01  4.38728E-03 -6.50321E-05
CH4         2  H  C  4  1
 1  -1.17005E+02  4.14222E+01 -1.05482E-01  2.66654E-03 -2.44656E-05
CO2         2  C  O  1  2
 1  -6.27935E+01  3.88958E+01 -3.08123E-02  8.68555E-04 -1.08734E-05
C2H4        2  H  C  4  2
 1  -1.46176E+02  5.54117E+01 -9.19718E-02  2.10843E-03 -1.87621E-05
C2H4O       3  H  C  O  4  2  1
 1  -1.77284E+02  6.38428E+01 -7.87837E-02  1.44061E-03 -1.03504E-05
C2O         2  C  O  2  1
 1  -5.89915E+01  3.34363E+01  8.53143E-03 -1.67350E-03  5.09408E-05
C3O2        2  C  O  3  2
 1  -1.20935E+02  6.54797E+01  4.49821E-02 -4.85815E-03  1.33410E-04
OH          2  H  O  1  1
 1  -2.79049E+01  1.10139E+01 -9.62781E-02  5.65060E-03 -1.27653E-04
HO2         2  H  O  1  2
 1  -5.76079E+01  1.76926E+01 -1.14840E-01  6.32410E-03 -1.40491E-04
HCN         3  H  C  N  1  1  1
 1  -5.84097E+01  3.10882E+01 -5.59098E-02  2.07125E-03 -3.10019E-05
CN          2  C  N  1  1
 1  -2.91526E+01  1.84370E+01 -3.02462E-02  8.51705E-04 -8.27735E-06
C2N         2  C  N  2  1
 1  -5.78989E+01  3.23700E+01 -1.65325E-02  6.93770E-04 -1.52922E-05
C2N2        2  C  N  2  2
 1  -8.99336E+01  4.96128E+01  2.76604E-03 -1.51947E-03  4.88717E-05
NH          2  H  N  1  1
 1  -2.70574E+01  8.17260E+00 -6.48425E-02  2.80657E-03 -4.49521E-05
HNO         3  H  N  O  1  1  1
 1  -5.73863E+01  2.10936E+01 -1.05601E-01  5.66616E-03 -1.24175E-04
NH2         2  H  N  2  1
 1  -5.57841E+01  1.83691E+01 -1.10752E-01  4.66766E-03 -7.45860E-05
NO          2  N  O  1  1
 1  -2.87136E+01  1.56668E+01 -6.73123E-02  3.90390E-03 -8.90957E-05
NO2         2  N  O  1  2
 1  -5.97535E+01  2.31867E+01 -7.97806E-02  4.35251E-03 -9.83777E-05
N2O         2  N  O  2  1
 1  -6.02939E+01  2.70275E+01 -3.14034E-02  1.04561E-03 -1.65800E-05
H+          2 el  H -1  1
 1   2.11854E+01 -3.26450E+01  8.05817E-02 -2.11826E-03  1.87716E-05
H-          2 el  H  1  1
 1  -2.25706E+01  3.07031E+00 -8.06193E-02  2.12627E-03 -1.88779E-05
C-          2 el  C  1  1
 1  -2.33769E+01  5.05827E+00 -2.88324E-01  1.90568E-02 -4.61682E-04
CHNO        4  H  C  N  O  1  1  1  1
 1  -8.87055E+01  4.32948E+01 -8.48295E-02  3.79865E-03 -7.44644E-05
HCO+        4 el  H  C  O -1  1  1  1
 1  -3.66873E+01  7.29361E+00  1.46452E-01 -7.59190E-03  1.32713E-04
CN+         3 el  C  N -1  1  1
 1  -5.01305E+00 -1.61187E+01  2.43434E-01 -1.66131E-02  4.07369E-04
CN-         3 el  C  N  1  1  1
 1  -5.29276E+01  2.94101E+01 -2.65214E-01  1.22345E-02 -2.01105E-04
CNN         2  C  N  1  2
 1  -5.84054E+01  2.62030E+01 -4.43744E-02  1.98600E-03 -3.88468E-05
NCN         2  C  N  1  2
 1  -5.80298E+01  2.96329E+01 -1.67988E-02  5.68203E-04 -1.05403E-05
C2-         2 el  C  1  2
 1  -5.29812E+01  2.60572E+01 -3.36837E-01  2.15255E-02 -5.13009E-04
C4N2        2  C  N  4  2
 1  -1.49925E+02  7.84467E+01  7.68832E-03 -7.33749E-04  9.51091E-06
HNO2(cis)   3  H  N  O  1  1  2
 1  -8.74063E+01  3.11163E+01 -7.02603E-02  2.93365E-03 -5.55102E-05
HNO2(tr)    3  H  N  O  1  1  2
 1  -8.73808E+01  3.11700E+01 -7.21800E-02  3.09010E-03 -5.93842E-05
HNO3        3  H N  O  1  1  3
 1  -1.19035E+02  3.82942E+01 -2.68595E-02 -4.94993E-04  3.10575E-05
OH+         3 el  H  O -1  1  1
 1  -5.24344E+00 -2.16061E+01  2.09492E-01 -1.45876E-02  3.62192E-04
OH-         3 el  H  O  1  1  1
 1  -5.09580E+01  1.63145E+01 -1.16173E-01  3.02958E-03 -2.67082E-05
N2H2        2  H  N  2  2
 1  -8.64368E+01  2.91923E+01 -1.06200E-01  4.51031E-03 -8.37302E-05
NH3         2  H  N  3  1
 1  -8.57724E+01  2.94205E+01 -9.57049E-02  2.61596E-03 -2.50812E-05
H3O+        3 el  H  O -1  3  1
 1  -6.52594E+01  7.93555E+00 -6.65344E-03  2.27011E-05  6.44938E-07
N2H4        2  H  N  4  2
 1  -1.41569E+02  4.25729E+01 -8.28499E-02  1.89077E-03 -1.63895E-05
NO+         3 el  N  O -1  1  1
 1  -7.93223E+00 -7.59095E+00  1.42685E-01 -7.00593E-03  1.19104E-04
NO2-        3 el  N  O  1  1  2
 1  -8.23804E+01  3.44832E+01 -3.58545E-01  2.28941E-02 -5.48950E-04
NO3         2  N  O  1  3
 1  -9.11025E+01  2.79075E+01 -2.17472E-02  3.59641E-04 -3.26641E-06
N2O3        2  N  O  2  3
 1  -1.17441E+02  3.91071E+01 -3.88276E-02  1.02625E-03 -1.33183E-05
N2O4        2  N  O  2  4
 1  -1.50454E+02  4.62544E+01  6.38407E-02 -6.29386E-03  1.66959E-04
N2O5        2  N  O  2  5
 1  -1.78535E+02  5.22542E+01  3.31267E-02 -3.59993E-03  9.25739E-05
O-          2 el  O  1  1
 1  -2.29505E+01  5.53415E+00 -2.85723E-01  1.88452E-02 -4.56046E-04
O2-         2 el  O  1  2
 1  -5.20064E+01  1.55197E+01 -3.39363E-01  2.20199E-02 -5.30088E-04
O3          1  O  3
 1  -6.00650E+01  1.50328E+01 -5.51084E-02  2.91542E-03 -6.60430E-05
CO2-        3 el  C  O  1  1  2
 1  -8.20993E+01  4.13724E+01 -1.19841E-01  3.07211E-03 -2.67970E-05
SI2         1 Si  2
 1  -2.71218E+01  7.49652E+00 -8.33304E-03  8.52044E-04 -2.87818E-05
SI3         1 Si  3
 1  -5.70581E+01  1.73378E+01 -3.43757E-02  2.43620E-03 -6.37450E-05
SIC         2  C Si  1  1
 1  -2.77061E+01  1.08644E+01 -4.50473E-02  3.42294E-03 -8.74553E-05
SI2C        2  C Si  1  2
 1  -5.97639E+01  2.61200E+01 -2.72754E-02  1.34528E-03 -3.01434E-05
SIC2        2  C Si  2  1
 1  -5.93015E+01  3.05578E+01 -1.51053E-02  3.14836E-04 -2.72893E-06
SIH         2  H Si  1  1
 1  -2.64140E+01  7.45913E+00 -3.75939E-02  1.12863E-03 -1.14036E-05
SIH4        2  H Si  4  1
 1  -1.13320E+02  3.18657E+01 -6.06477E-02  1.29983E-03 -1.08128E-05
SIN         2  N Si  1  1
 1  -2.80456E+01  1.34232E+01 -1.89815E-02  5.70964E-04 -7.17616E-06
SI2N        2  N Si  1  2
 1  -5.70745E+01  2.36100E+01 -3.63584E-02  2.41904E-03 -6.23802E-05
SIO         2  O Si  1  1
 1  -3.01526E+01  1.95463E+01 -3.47731E-02  1.05233E-03 -1.07586E-05
SIO2        2  O Si  2  1
 1  -6.12100E+01  3.02681E+01 -1.95517E-02  4.53396E-04 -4.15914E-06
AL+         2 el Al -1  1
 1   2.07913E+01 -1.57415E+01  2.03159E-01 -9.56760E-03  1.59071E-04
ALH         2  H Al  1  1
 1  -2.69378E+01  7.33414E+00 -3.93860E-02  1.60299E-03 -2.50881E-05
HALO        3  H  O Al  1  1  1
 1  -5.76611E+01  1.86600E+01 -2.25979E-02  4.79506E-04 -4.60994E-06
ALOH        3  H  O Al  1  1  1
 1  -5.87814E+01  2.40445E+01 -4.53413E-02  1.15902E-03 -1.08158E-05
ALOH+       4 el  H  O Al -1  1  1  1
 1  -3.50018E+01  5.48053E+00  4.43325E-02 -1.26577E-03  1.17661E-05
ALOH-       4 el  H  O Al  1  1  1  1
 1  -7.78235E+01  2.64561E+01 -1.27535E-01  3.29085E-03 -2.88186E-05
ALO2H       3  H  O Al  1  2  1
 1  -8.73246E+01  3.66420E+01 -4.12476E-02  1.01127E-03 -9.35143E-06
ALN         2  N Al  1  1
 1  -2.82937E+01  9.10694E+00 -5.02712E-02  3.06320E-03 -7.23552E-05
ALO         2  O Al  1  1
 1  -2.76782E+01  1.21829E+01  2.98255E-02 -2.21836E-03  4.52128E-05
ALO+        3 el  O Al -1  1  1
 1  -3.89997E+00 -1.14703E+01  1.86790E-01 -9.07976E-03  1.53411E-04
ALO2        2  O Al  2  1
 1  -5.79513E+01  2.42557E+01 -7.71725E-03  1.18168E-04 -1.16824E-06
ALO2-       3 el  O Al  1  2  1
 1  -8.12788E+01  3.28412E+01 -9.19118E-02  2.36634E-03 -2.06988E-05
AL2O        2  O Al  1  2
 1  -5.72514E+01  2.52853E+01 -5.90540E-03  8.37579E-05 -5.64091E-07
AL2O+       3 el  O Al -1  1  2
 1  -3.35638E+01  4.40240E+00  1.98417E-01 -9.53708E-03  1.60046E-04
AL2O2       2  O Al  2  2
 1  -8.73430E+01  3.72213E+01 -6.78670E-03  6.89011E-05 -3.78973E-07
AL2O2+      3 el  O Al -1  2  2
 1  -6.35688E+01  1.24134E+01  1.97509E-01 -9.55609E-03  1.60746E-04
ALC         2  C Al  1  1
 1  -2.74379E+01  8.95057E+00 -8.78439E-02  6.44214E-03 -1.68174E-04
MGH         2  H Mg  1  1
 1  -2.41857E+01  5.11620E+00 -4.29508E-02  2.30568E-03 -5.05923E-05
MGOH        3  H  O Mg  1  1  1
 1  -5.41914E+01  1.91496E+01 -4.64644E-02  1.85103E-03 -2.90375E-05
MGOH+       4 el  H  O Mg -1  1  1  1
 1  -3.22604E+01 -5.72354E-01  1.59211E-01 -7.91903E-03  1.35519E-04
MG(OH)2     3  H  O Mg  2  2  1
 1  -1.11521E+02  4.01614E+01 -4.03275E-02  9.64995E-04 -8.85157E-06
MG+         2 el Mg -1  1
 1   2.32461E+01 -1.95684E+01  2.00504E-01 -9.41108E-03  1.56223E-04
MGN         2  N Mg  1  1
 1  -2.45385E+01  8.28955E+00 -4.67278E-02  2.91373E-03 -6.93675E-05
MGO         2  O Mg  1  1
 1  -2.45165E+01  7.64838E+00  5.19892E-02 -2.43957E-03  3.86763E-05
ALS         2 Al  S  1  1
 1  -2.68449E+01  8.71924E+00  3.13769E-02 -2.20918E-03  4.40796E-05
KCN         3  C  N  K  1  1  1
 1  -5.57016E+01  2.90170E+01 -3.92469E-02  1.76281E-03 -2.95853E-05
NACN        3  C  N Na  1  1  1
 1  -5.60177E+01  2.90457E+01 -2.97987E-02  1.21345E-03 -1.93398E-05
COS         3  C  O  S  1  1  1
 1  -6.08816E+01  3.33362E+01 -1.57416E-02  6.84627E-05  5.92278E-06
CS          2  C  S  1  1
 1  -3.01283E+01  1.75983E+01 -5.63333E-02  2.53432E-03 -4.22519E-05
CS2         2  C  S  1  2
 1  -6.07216E+01  2.79634E+01 -2.64765E-02  1.12482E-03 -2.42986E-05
(KCN)2      3  C  N  K  2  2  2
 1  -1.38455E+02  6.10038E+01  5.05777E-02 -4.20648E-03  1.08705E-04
(NACN)2     3  C  N Na  2  2  2
 1  -7.51699E+01  2.81450E+01 -4.21880E-02  2.85629E-03 -6.70677E-05
FE(OH)2     3  H  O Fe  2  2  1
 1  -1.12808E+02  4.05943E+01 -2.18181E-02  3.33378E-04 -2.21075E-06
FEO         2  O Fe  1  1
 1  -2.83606E+01  1.05430E+01 -8.10224E-02  5.15287E-03 -1.25274E-04
FEH         2  H Fe  1  1
 3   0.00000E+00 -3.87740E+04  2.47290E+01 -4.64016E-04  6.79410E-08
KH          2  H  K  1  1
 1  -2.46474E+01  4.76296E+00 -4.16539E-02  2.48346E-03 -5.83822E-05
KOH         3  H  O  K  1  1  1
 1  -5.40825E+01  1.93949E+01 -5.52903E-02  2.46361E-03 -4.08560E-05
NAH         2  H Na  1  1
 1  -2.51026E+01  5.16785E+00 -3.60587E-02  1.94417E-03 -4.30454E-05
NAOH        3  H  O Na  1  1  1
 1  -5.41449E+01  1.89413E+01 -4.59540E-02  1.92794E-03 -3.08759E-05
HS          2  H  S  1  1
 1  -2.69135E+01  9.06087E+00 -4.38175E-02  1.34052E-03 -1.36128E-05
(KOH)2      3  H  O  K  2  2  2
 1  -1.39754E+02  4.30160E+01 -5.00608E-02  1.36142E-03 -1.63861E-05
(NAOH)2     3  H  O Na  2  2  2
 1  -1.40574E+02  4.26800E+01 -3.72490E-02  6.91961E-04 -5.17475E-06
H2SO4       3  H  O  S  2  4  1
 1  -1.78299E+02  5.91376E+01 -3.14894E-02  3.61687E-04 -1.45707E-06
H2S         2  H  S  2  1
 1  -5.58470E+01  1.85055E+01 -6.88468E-02  1.93172E-03 -1.87714E-05
K+          2 el  K -1  1
 1   2.10874E+01 -1.12943E+01  7.77645E-02 -2.03995E-03  1.80505E-05
KO          2  O  K  1  1
 1  -2.50101E+01  6.63961E+00 -2.12870E-02  6.74006E-04 -7.04260E-06
KO-         3 el  O  K  1  1  1
 1  -4.89559E+01  1.36886E+01 -3.24390E-01  2.12790E-02 -5.14200E-04
K2          1  K  2
 1  -2.29668E+01  1.35858E+00 -1.35371E-02  7.24797E-04 -1.60772E-05
MGS         2 Mg  S  1  1
 1  -2.38458E+01  6.33428E+00  3.24785E-02 -1.26732E-03  1.65719E-05
SN          2  N  S  1  1
 1  -2.79435E+01  1.21292E+01 -5.21488E-02  2.34878E-03 -3.90787E-05
NA+         2 el Na -1  1
 1   2.11622E+01 -1.31565E+01  7.97334E-02 -2.09709E-03  1.85879E-05
NAO         2  O Na  1  1
 1  -2.53197E+01  6.82584E+00 -3.63329E-02  2.20170E-03 -5.15318E-05
NAO-        3 el  O Na  1  1  1
 1  -4.85244E+01  1.28021E+01 -9.40452E-02  2.45915E-03 -2.17206E-05
NA2         1 Na  2
 1  -2.44144E+01  2.20255E+00 -6.00936E-02  3.10399E-03 -5.49208E-05
SO          2  O  S  1  1
 1  -2.89971E+01  1.29926E+01 -6.33653E-02  3.82418E-03 -9.05423E-05
S2O         2  O  S  1  2
 1  -5.85118E+01  2.13385E+01 -8.04080E-02  4.82905E-03 -1.15527E-04
SO2         2  O  S  2  1
 1  -6.01171E+01  2.63060E+01 -6.15231E-02  3.20345E-03 -7.16436E-05
SIS         2 Si  S  1  1
 1  -2.93482E+01  1.52648E+01 -3.39946E-02  1.04485E-03 -1.07718E-05
N2          1  N  2
 1  -3.02176E+01  2.31125E+01 -4.17465E-02  1.26925E-03 -1.28722E-05
O2          1  O  2
 1  -3.01440E+01  1.23894E+01 -4.96055E-02  2.63048E-03 -5.71706E-05
S2          1  S  2
 1  -2.87124E+01  1.05376E+01 -3.10817E-02  1.20818E-03 -1.87324E-05
FES         2 Fe  S  1  1
 1  -2.79771E+01  8.33926E+00 -6.92225E-02  3.25478E-03 -5.55708E-05
C+          2 el  C -1  1
 1   2.32678E+01 -2.95076E+01  5.43002E-01 -3.32605E-02  6.85486E-04
N+          2 el  N -1  1
 1   2.26858E+01 -3.48234E+01  8.06662E-02 -2.12430E-03  1.88436E-05
O+          2 el  O -1  1
 1   2.16919E+01 -3.33262E+01  2.23016E-01 -1.20273E-02  2.36243E-04
CNO         3  C  N  O  1  1  1
 1  -5.91749E+01  3.09665E+01 -2.81824E-02  8.68850E-04 -1.18559E-05
TIO         2 Ti  O  1  1
 1  -2.90679E+01  1.66123E+01 -7.73324E-02  3.89298E-03 -6.89084E-05
TIO2        2 Ti  O  1  2
 1  -6.01055E+01  3.12168E+01 -5.70534E-02  1.78001E-03 -1.85630E-05
TIC         2 Ti  C  1  1
 1   0.00000E+00  0.00000E+00  0.00000E+00  0.00000E+00  0.00000E+00
TIC2        2 Ti  C  1  2
 1  -6.21420E+01  3.11678E+01 -1.05650E+00  1.52363E-01 -7.79190E-03
TIS         2 Ti  S  1  1
 1  -3.06660E+01  1.43744E+01 -1.05544E+00  1.49472E-01 -7.55107E-03
TICL        2 Ti Cl  1  1
 1  -2.61856E+01  1.06807E+01 -1.30195E-02  4.09790E-04 -4.39789E-06
TICL2       2 Ti Cl  1  2
 1  -5.70539E+01  2.30517E+01 -2.15943E-02  6.39906E-04 -6.54338E-06
TICL4       2 Ti Cl  1  4
 1  -1.15617E+02  4.14483E+01 -2.42687E-02  6.90494E-04 -7.01306E-06
TI+         2 el Ti -1  1
 1   2.31667E+01 -1.76182E+01  1.90299E-01 -8.97969E-03  1.50066E-04
S+          2 el  S -1  1
 1   2.16211E+01 -2.57166E+01  1.99802E-01 -9.84352E-03  1.69172E-04
SI+         2 el Si -1  1
 1   2.19090E+01 -2.06391E+01  1.92716E-01 -9.28472E-03  1.57071E-04
FE+         2 el Fe -1  1
 1   2.30171E+01 -2.01522E+01  2.11926E-01 -1.02509E-02  1.73904E-04
C3H         2  H  C  1  3
 1  -9.39247E+01  5.01089E+01 -2.15008E+00  3.19207E-01 -1.71655E-02
CA+         2 el Ca -1  1
 1   2.31657E+01 -1.59922E+01  1.93423E-01 -9.01461E-03  1.48832E-04
CAOH        3 Ca  O  H  1  1  1
 1  -5.37809E+01  2.05928E+01 -5.09599E-02  2.13832E-03 -3.44866E-05
CA(OH)2     3 Ca  O  H  1  2  2
 1  -1.09875E+02  4.18398E+01 -4.69778E-02  1.26544E-03 -1.23921E-05
CAO         2 Ca  O  1  1
 1  -2.56756E+01  8.80678E+00  7.58349E-02 -4.90621E-03  9.65858E-05
CAS         2 Ca  S  1  1
 1  -2.49247E+01  7.72480E+00  2.83080E-02 -1.18079E-03  1.35386E-05
CA2         1 Ca  2
 1  -2.57492E+01  2.62271E+00 -3.68538E-01  2.55938E-02 -6.31240E-04
CAH         2  H Ca  1  1
 2   1.13401E+01 -3.01442E+00 +4.23487E-01 -6.14674E-02 +3.16392E-03
TIH         2  H Ti  1  1
 3  -3.04561E+05 -4.91489E+04 +2.32539E+01 -1.56846E-04 +4.53896E-08
LI+         2 el Li -1  1
 1   2.11394E+01 -1.37324E+01  7.92646E-02 -2.08380E-03  1.84643E-05
LIH         2  H Li  1  1
 1  -2.56526E+01  6.06390E+00 -3.74295E-02  1.58177E-03 -2.54535E-05
LIO         2  O Li  1  1
 1  -2.61033E+01  8.13299E+00 -3.98791E-02  1.84529E-03 -3.13140E-05
LIOH        3  O Li  H  1  1  1
 1  -5.44454E+01  2.08788E+01 -1.44616E-02  1.95882E-04 -8.93048E-07
LICL        2 Li Cl  1  1
 1  -2.63063E+01  1.15998E+01 -1.01711E-02  1.45564E-04 -6.86370E-07
NACL        2 Na Cl  1  1
 1  -2.59817E+01  1.01054E+01 -2.47387E-02  7.63659E-04 -7.82054E-06
KCL         2  K Cl  1  1
 1  -2.56826E+01  1.04869E+01 -2.79207E-02  8.90335E-04 -9.25210E-06
CACL        2 Ca Cl  1  1
 1  -2.50462E+01  1.01588E+01 -6.01812E-02  2.95521E-03 -5.11366E-05
CACL2       2 Ca Cl  1  2
 1  -5.22119E+01  2.15514E+01 -2.17700E-02  7.01249E-04 -7.35463E-06
HCL         2 Cl  H  1  1
 1  -2.81408E+01  1.10493E+01 -7.11323E-02  3.05523E-03 -4.86701E-05
CL+         2 el Cl -1  1
 1   2.30274E+01 -3.18758E+01  2.06441E-01 -9.70291E-03  1.61146E-04
CL-         2 el Cl  1  1
 1  -2.36517E+01  9.72926E+00 -8.47026E-02  2.22707E-03 -1.97345E-05
MGCL        2 Mg Cl  1  1
 1  -2.50724E+01  7.79257E+00 -2.69281E-02  8.31337E-04 -8.52283E-06
MGCL2       2 Mg Cl  1  2
 1  -5.30379E+01  1.88708E+01 -1.35361E-02  3.69700E-04 -3.59131E-06
MG2CL4      2 Mg Cl  2  4
 1  -1.33668E+02  4.11775E+01  2.34875E-02 -8.98258E-04  9.90428E-06
FECL        2 Fe Cl  1  1
 1  -2.62041E+01  7.22558E+00 -3.23030E-02  1.01850E-03 -1.05360E-05
FECL2       2 Fe Cl  1  2
 1  -5.46646E+01  1.93308E+01 -1.51437E-02  3.61391E-04 -3.21888E-06
ALCL        2 Al Cl  1  1
 1  -2.76612E+01  1.23323E+01 -2.56271E-02  7.75756E-04 -7.89513E-06
ALCL2       2 Al Cl  1  2
 1  -5.47319E+01  2.08495E+01 -3.74473E-02  1.12891E-03 -1.14901E-05
ALCL3       2 Al Cl  1  3
 1  -8.49275E+01  3.08298E+01 -1.97718E-02  4.95954E-04 -4.64969E-06
AL2CL6      2 Al Cl  2  6
 1  -1.97528E+02  6.35029E+01  6.00666E-02 -2.26792E-03  2.48387E-05
SICL        2 Si Cl  1  1
 1  -2.70247E+01  9.30505E+00 -3.24939E-02  1.02735E-03 -1.06455E-05
SICL2       2 Si Cl  1  2
 1  -5.63103E+01  2.11108E+01 -4.26784E-02  1.31040E-03 -1.34788E-05
SICL3       2 Si Cl  1  3
 1  -8.51354E+01  2.91279E+01 -2.52132E-02  6.79228E-04 -6.65207E-06
SICL4       2 Si Cl  1  4
 1  -1.16863E+02  3.83522E+01 -7.55124E-03  3.90669E-05  2.90735E-07
H2-         2 el  H  1  2
 1  -4.78128E+01  6.28226E+00 -9.89519E-02  2.58435E-03 -2.27954E-05
H2+         2 el  H -1  2
 1  -3.26472E+00 -2.73501E+01  3.68372E-01 -2.74954E-02  7.12513E-04
HE+         2 el He -1  1
 1   2.37401E+01 -5.91344E+01  3.60437E-01 -2.45675E-02  6.01983E-04
ALO-        3 el  O Al  1  1  1
 1  -5.09238E+01  2.17332E+01 -9.93926E-02  2.59294E-03 -2.28672E-05
(LIOH)2     3  O Li  H  2  2  2
 1  -1.42124E+02  4.77274E+01 -4.16883E-02  7.78906E-04 -5.94719E-06
(LICL)2      2 Li Cl  2  2
 1  -8.13834E+01  2.79625E+01 -1.90946E-02  5.30478E-04 -5.33832E-06
(LICL)3      2 Li Cl  3  3
 1  -1.39530E+02  4.40624E+01  1.47870E-02 -7.57431E-04  8.77008E-06
(KCL)2       2  K Cl  2  2
 1  -7.84161E+01  2.50498E+01 -2.30332E-02  7.56163E-04 -7.99278E-06
(NACL)2      2 Na Cl  2  2
 1  -8.00707E+01  2.46336E+01 -1.53276E-02  4.50756E-04 -4.57291E-06
TIOCL       3 Ti  O Cl  1  1  1
 1  -5.88945E+01  2.64185E+01 -3.46063E-02  1.08042E-03 -1.13538E-05
TIOCL2      3 Ti  O Cl  1  1  2
 1  -8.60528E+01  3.65773E+01 -3.98360E-02  1.23140E-03 -1.28452E-05
NA2SO4      3 Na  O  S  2  4  1
 1  -1.77470E+02  6.00553E+01  3.76423E-02 -1.74073E-03  1.98758E-05
K2SO4       3  K  O  S  2  4  1
 1  -1.76703E+02  6.06728E+01  3.04601E-02 -1.44215E-03  1.64795E-05
ALOCL       3  O Al Cl  1  1  1
 1  -5.81431E+01  2.52314E+01 -1.10474E-02  2.26118E-04 -1.95235E-06
LIN         2 Li  N  1  1
 1  -2.52331E+01  7.37471E+00 -2.10029E-02  6.35373E-04 -6.49792E-06
S7          1  S  7
 1  -1.75654E+02  4.34076E+01  1.87413E-02 -6.01856E-04  5.93333E-06
S8          1  S  8
 1  -2.06374E+02  5.00617E+01  5.52495E-02 -2.17612E-03  2.38858E-05
SI(CH3)4    3 Si  C  H  1  4 12
 1  -4.64420E+02  1.52224E+02 -2.03836E-01  4.57623E-03 -3.62469E-05
SICH3CL3    4 Si  C  H Cl  1  1  3  3
 1  -2.34549E+02  6.74565E+01 -1.54639E-01  3.63246E-03 -2.97681E-05
SIH3CL      3 Si  H Cl  1  3  1
 1  -1.12694E+02  3.35594E+01 -4.80413E-02  9.75319E-04 -7.85226E-06
FE(CO)5     3 Fe  C  O  1  5  5
 1  -3.01735E+02  1.42303E+02  6.56068E-02 -3.01484E-03  3.45777E-05
(WO3)4      2  W  O  4 12
 1  -4.52459E+02  2.19821E+02 -2.00799E-02  5.58088E-04 -6.73714E-06
(WO3)3      2  W  O  3  9
 1  -3.31304E+02  1.63301E+02 -4.13808E-02  1.23782E-03 -1.35218E-05
W3O8        2  W  O  3  8
 1  -2.99947E+02  1.50092E+02 -6.33769E-02  2.02762E-03 -2.19393E-05
H2WO4       3  H  W  O  2  1  4
 1  -1.71660E+02  7.69621E+01 -4.97583E-02  1.21142E-03 -1.13534E-05
P4O6        2  P  O  4  6
 1  -2.78379E+02  1.18159E+02  8.52603E-02 -3.49811E-03  3.85465E-05
P4O10       2  P  O  4 10
 1  -4.05369E+02  1.58112E+02  1.40498E-01 -5.88998E-03  6.58624E-05
PH3         2  P  H  1  3
 1  -8.35639E+01  2.37339E+01 -7.02203E-02  1.81872E-03 -1.70273E-05
